# daily2longer    1 mea
# <a href=http://cmip-pcmdi.llnl.gov/cmip5/>CMIP5</a> global mean temperature computed at <a href=http://www.knmi.nl/selectfield_cmip5.cgi?someone@somewhere>KNMI Climate Explorer</a> tas_Amon_CESM1-BGC_rcp85_r1i1p1
# cutting out region lon=   -0.625  359.375, lat=  -90.000   90.000
# file :: /data/storage/climexp/data/iglobal_tas_Amon_mod_rcp85_006.dat
# description :: CMIP5 RCP85 models Tglobal
# comment :: <a href=http://cmip-pcmdi.llnl.gov/cmip5/>CMIP5</a> global mean temperature computed at <a href=http://www.knmi.nl/selectfield_cmip5.cgi?someone@somewhere>KNMI Climate Explorer</a> tas_Amon_CESM1-BGC_rcp85_r1i1p1, cutting out region lon=   -0.625  359.375, lat=  -90.000   90.000, via the KNMI Climate Explorer (http://climexp.knmi.nl)
# institution :: KNMI Climate Explorer
# history ::  2018-05-21  9:37:03 bin/selectyear 1850 2100 data/iglobal_tas_Amon_mod_rcp85_006.dat global_tas_Amon_mod_rcp85_+++_1850:2100\n 2018-05-17 23:24:03 dat2nc ./data/iglobal_tas_Amon_mod_rcp85_006.dat i CMIP5_RCP85_models_Tglobal ./data/iglobal_tas_Amon_mod_rcp85_006.nc n
# tas [Celsius] from CESM1-BGC model output prepared for CMIP5 RCP8.5 r1i1p1
 1850   13.52646    
 1851   13.44242    
 1852   13.24107    
 1853   13.37529    
 1854   13.46168    
 1855   13.59635    
 1856   13.33622    
 1857   13.21595    
 1858   13.33841    
 1859   13.49370    
 1860   13.56355    
 1861   13.57624    
 1862   13.49533    
 1863   13.43620    
 1864   13.48542    
 1865   13.50943    
 1866   13.45957    
 1867   13.44453    
 1868   13.59754    
 1869   13.56738    
 1870   13.31017    
 1871   13.46694    
 1872   13.61226    
 1873   13.36010    
 1874   13.44899    
 1875   13.56353    
 1876   13.68126    
 1877   13.62968    
 1878   13.57220    
 1879   13.58250    
 1880   13.44071    
 1881   13.55163    
 1882   13.58404    
 1883   13.40542    
 1884   12.92886    
 1885   13.14937    
 1886   13.37081    
 1887   13.32106    
 1888   13.31485    
 1889   13.39728    
 1890   13.42764    
 1891   13.43525    
 1892   13.40835    
 1893   13.48163    
 1894   13.42209    
 1895   13.48454    
 1896   13.40388    
 1897   13.56920    
 1898   13.54931    
 1899   13.54712    
 1900   13.53119    
 1901   13.47578    
 1902   13.49959    
 1903   13.08685    
 1904   13.20194    
 1905   13.27581    
 1906   13.16418    
 1907   13.30086    
 1908   13.43084    
 1909   13.49600    
 1910   13.73140    
 1911   13.70087    
 1912   13.36810    
 1913   13.22199    
 1914   13.46311    
 1915   13.54828    
 1916   13.56405    
 1917   13.60809    
 1918   13.55727    
 1919   13.43491    
 1920   13.49832    
 1921   13.49431    
 1922   13.35998    
 1923   13.61407    
 1924   13.60760    
 1925   13.49535    
 1926   13.54431    
 1927   13.51609    
 1928   13.63457    
 1929   13.52762    
 1930   13.40135    
 1931   13.60220    
 1932   13.58664    
 1933   13.67080    
 1934   13.76096    
 1935   13.60115    
 1936   13.61595    
 1937   13.66517    
 1938   13.67532    
 1939   13.60347    
 1940   13.70845    
 1941   13.81947    
 1942   13.73795    
 1943   13.72630    
 1944   13.76786    
 1945   13.62997    
 1946   13.67237    
 1947   13.72642    
 1948   13.73283    
 1949   13.91020    
 1950   13.92523    
 1951   13.73795    
 1952   13.53161    
 1953   13.64304    
 1954   13.66392    
 1955   13.77480    
 1956   13.65277    
 1957   13.69127    
 1958   13.72998    
 1959   13.87366    
 1960   13.80948    
 1961   13.79905    
 1962   13.65021    
 1963   13.52811    
 1964   13.41773    
 1965   13.73908    
 1966   13.67864    
 1967   13.66121    
 1968   13.74809    
 1969   13.86664    
 1970   14.06563    
 1971   13.99701    
 1972   13.94425    
 1973   13.92917    
 1974   13.88197    
 1975   13.98499    
 1976   13.79111    
 1977   13.97251    
 1978   14.10952    
 1979   14.04205    
 1980   14.03674    
 1981   14.34507    
 1982   14.27136    
 1983   13.90574    
 1984   14.01237    
 1985   14.03515    
 1986   14.06626    
 1987   14.09770    
 1988   14.31420    
 1989   14.31078    
 1990   14.27382    
 1991   14.15430    
 1992   13.89474    
 1993   13.99745    
 1994   14.14743    
 1995   14.33204    
 1996   14.35237    
 1997   14.56363    
 1998   14.49385    
 1999   14.56918    
 2000   14.56234    
 2001   14.48451    
 2002   14.44988    
 2003   14.52963    
 2004   14.62500    
 2005   14.86464    
 2006   14.68504    
 2007   14.66027    
 2008   14.78783    
 2009   14.91602    
 2010   14.82165    
 2011   14.87804    
 2012   14.78897    
 2013   14.71354    
 2014   14.85325    
 2015   14.96425    
 2016   14.91711    
 2017   14.96533    
 2018   15.07386    
 2019   15.10738    
 2020   14.97144    
 2021   15.13775    
 2022   15.05746    
 2023   14.93549    
 2024   15.04727    
 2025   15.06426    
 2026   15.11893    
 2027   15.35852    
 2028   15.41773    
 2029   15.21466    
 2030   15.33915    
 2031   15.42777    
 2032   15.32034    
 2033   15.47219    
 2034   15.66284    
 2035   15.52048    
 2036   15.52041    
 2037   15.57668    
 2038   15.60873    
 2039   15.77211    
 2040   15.78431    
 2041   15.72299    
 2042   15.70882    
 2043   15.73694    
 2044   15.86076    
 2045   15.98616    
 2046   15.86021    
 2047   15.79301    
 2048   15.86899    
 2049   16.07708    
 2050   16.09557    
 2051   15.99929    
 2052   16.04520    
 2053   16.22252    
 2054   16.28355    
 2055   16.32222    
 2056   16.28355    
 2057   16.48041    
 2058   16.54236    
 2059   16.43689    
 2060   16.51654    
 2061   16.52610    
 2062   16.55686    
 2063   16.59040    
 2064   16.65420    
 2065   16.84642    
 2066   16.87298    
 2067   16.78391    
 2068   16.76911    
 2069   16.87484    
 2070   16.99460    
 2071   17.06734    
 2072   17.03316    
 2073   17.10708    
 2074   17.13607    
 2075   17.25372    
 2076   17.14775    
 2077   17.22528    
 2078   17.33658    
 2079   17.32772    
 2080   17.54489    
 2081   17.60042    
 2082   17.61621    
 2083   17.55157    
 2084   17.52267    
 2085   17.62940    
 2086   17.66889    
 2087   17.81065    
 2088   17.88388    
 2089   17.83727    
 2090   17.83802    
 2091   18.00718    
 2092   18.07107    
 2093   17.99384    
 2094   18.01281    
 2095   18.13838    
 2096   18.18190    
 2097   18.14377    
 2098   18.19783    
 2099   18.24525    
 2100   18.32183    
