# daily2longer    1 mea
# <a href=http://cmip-pcmdi.llnl.gov/cmip5/>CMIP5</a> global mean temperature computed at <a href=http://www.knmi.nl/selectfield_cmip5.cgi?someone@somewhere>KNMI Climate Explorer</a> tas_Amon_GISS-E2-H_rcp85_r1i1p3
# cutting out region lon=    0.000  360.000, lat=  -90.000   90.000
# file :: /data/storage/climexp/data/iglobal_tas_Amon_mod_rcp85_020.dat
# description :: CMIP5 RCP85 models Tglobal
# comment :: <a href=http://cmip-pcmdi.llnl.gov/cmip5/>CMIP5</a> global mean temperature computed at <a href=http://www.knmi.nl/selectfield_cmip5.cgi?someone@somewhere>KNMI Climate Explorer</a> tas_Amon_GISS-E2-H_rcp85_r1i1p3, cutting out region lon=    0.000  360.000, lat=  -90.000   90.000, via the KNMI Climate Explorer (http://climexp.knmi.nl)
# institution :: KNMI Climate Explorer
# history ::  2018-05-21  9:37:04 bin/selectyear 1850 2100 data/iglobal_tas_Amon_mod_rcp85_020.dat global_tas_Amon_mod_rcp85_+++_1850:2100\n 2018-05-17 23:24:04 dat2nc ./data/iglobal_tas_Amon_mod_rcp85_020.dat i CMIP5_RCP85_models_Tglobal ./data/iglobal_tas_Amon_mod_rcp85_020.nc n
# tas [Celsius] from GISS-E2-H model output prepared for CMIP5 RCP8.5 r1i1p3
 1850   14.87834    
 1851   14.92351    
 1852   14.92770    
 1853   14.85220    
 1854   15.04348    
 1855   15.09171    
 1856   14.97380    
 1857   14.88909    
 1858   14.83074    
 1859   14.82640    
 1860   15.06903    
 1861   15.07811    
 1862   14.96696    
 1863   15.04452    
 1864   15.18811    
 1865   15.21171    
 1866   15.13346    
 1867   15.15367    
 1868   15.21266    
 1869   15.21699    
 1870   15.17972    
 1871   15.24007    
 1872   15.21287    
 1873   15.27560    
 1874   15.27986    
 1875   15.23784    
 1876   15.19399    
 1877   15.10504    
 1878   15.08352    
 1879   15.13289    
 1880   15.11045    
 1881   15.19716    
 1882   15.16260    
 1883   14.97707    
 1884   14.70478    
 1885   14.64153    
 1886   14.87803    
 1887   14.76456    
 1888   14.90702    
 1889   14.94707    
 1890   14.91821    
 1891   14.82896    
 1892   14.99494    
 1893   15.09838    
 1894   15.04737    
 1895   15.11094    
 1896   15.09472    
 1897   15.17989    
 1898   15.11756    
 1899   15.13799    
 1900   15.10612    
 1901   15.10505    
 1902   15.17298    
 1903   14.86727    
 1904   14.89815    
 1905   15.02748    
 1906   15.09474    
 1907   15.14541    
 1908   15.20900    
 1909   15.13792    
 1910   15.15674    
 1911   15.25268    
 1912   15.25848    
 1913   15.12266    
 1914   15.21580    
 1915   15.23357    
 1916   15.25717    
 1917   15.20549    
 1918   15.35182    
 1919   15.40314    
 1920   15.26427    
 1921   15.35038    
 1922   15.47977    
 1923   15.43593    
 1924   15.29407    
 1925   15.23103    
 1926   15.29273    
 1927   15.39437    
 1928   15.33066    
 1929   15.41258    
 1930   15.44443    
 1931   15.42926    
 1932   15.45627    
 1933   15.54279    
 1934   15.34624    
 1935   15.30760    
 1936   15.49057    
 1937   15.47062    
 1938   15.44747    
 1939   15.51908    
 1940   15.52329    
 1941   15.46569    
 1942   15.50647    
 1943   15.51428    
 1944   15.40382    
 1945   15.55508    
 1946   15.51012    
 1947   15.41239    
 1948   15.55086    
 1949   15.58756    
 1950   15.46741    
 1951   15.52046    
 1952   15.62542    
 1953   15.48729    
 1954   15.61511    
 1955   15.54893    
 1956   15.45680    
 1957   15.53093    
 1958   15.47624    
 1959   15.52835    
 1960   15.59647    
 1961   15.63814    
 1962   15.53500    
 1963   15.51513    
 1964   15.39882    
 1965   15.37081    
 1966   15.40297    
 1967   15.40242    
 1968   15.50627    
 1969   15.46817    
 1970   15.47501    
 1971   15.49187    
 1972   15.69187    
 1973   15.61976    
 1974   15.74724    
 1975   15.51711    
 1976   15.49169    
 1977   15.64295    
 1978   15.73070    
 1979   15.77526    
 1980   15.78289    
 1981   15.80778    
 1982   15.67096    
 1983   15.59785    
 1984   15.56898    
 1985   15.67538    
 1986   15.73216    
 1987   15.67796    
 1988   15.62730    
 1989   15.79206    
 1990   15.78749    
 1991   15.79787    
 1992   15.53176    
 1993   15.54254    
 1994   15.78127    
 1995   15.84593    
 1996   15.85614    
 1997   15.94503    
 1998   15.98973    
 1999   16.03080    
 2000   16.03103    
 2001   16.08973    
 2002   16.18438    
 2003   16.25768    
 2004   16.23850    
 2005   16.18474    
 2006   16.24961    
 2007   16.30751    
 2008   16.23710    
 2009   16.24841    
 2010   16.28469    
 2011   16.27894    
 2012   16.40586    
 2013   16.36096    
 2014   16.45819    
 2015   16.46923    
 2016   16.50426    
 2017   16.55612    
 2018   16.60911    
 2019   16.51184    
 2020   16.64463    
 2021   16.68686    
 2022   16.65939    
 2023   16.58908    
 2024   16.68230    
 2025   16.76202    
 2026   16.83956    
 2027   16.73037    
 2028   16.85528    
 2029   16.90515    
 2030   16.84381    
 2031   17.03385    
 2032   16.99179    
 2033   17.01366    
 2034   17.01631    
 2035   17.07617    
 2036   17.22155    
 2037   17.15806    
 2038   17.22236    
 2039   17.27941    
 2040   17.34418    
 2041   17.34989    
 2042   17.39592    
 2043   17.47674    
 2044   17.48952    
 2045   17.45241    
 2046   17.50742    
 2047   17.62192    
 2048   17.62619    
 2049   17.79493    
 2050   17.78946    
 2051   17.78651    
 2052   17.85480    
 2053   17.79352    
 2054   17.86252    
 2055   17.91882    
 2056   17.87223    
 2057   18.00392    
 2058   18.03126    
 2059   18.05997    
 2060   18.16175    
 2061   18.15779    
 2062   18.20356    
 2063   18.22834    
 2064   18.27081    
 2065   18.35596    
 2066   18.37598    
 2067   18.39578    
 2068   18.41441    
 2069   18.39578    
 2070   18.43271    
 2071   18.44276    
 2072   18.61095    
 2073   18.56479    
 2074   18.69823    
 2075   18.66418    
 2076   18.63411    
 2077   18.71818    
 2078   18.73896    
 2079   18.78150    
 2080   18.75994    
 2081   18.77988    
 2082   18.84911    
 2083   18.90148    
 2084   18.99094    
 2085   19.06213    
 2086   19.00256    
 2087   19.00956    
 2088   19.09616    
 2089   19.12725    
 2090   19.18214    
 2091   19.16364    
 2092   19.19031    
 2093   19.23112    
 2094   19.36563    
 2095   19.33752    
 2096   19.45037    
 2097   19.47339    
 2098   19.53274    
 2099   19.51973    
 2100   19.52913    
