# daily2longer    1 mea
# <a href=http://cmip-pcmdi.llnl.gov/cmip5/>CMIP5</a> global mean temperature computed at <a href=http://www.knmi.nl/selectfield_cmip5.cgi?someone@somewhere>KNMI Climate Explorer</a> tas_Amon_inmcm4_rcp85_r1i1p1
# cutting out region lon=   -1.000  359.000, lat=  -90.000   90.000
# file :: /data/storage/climexp/data/iglobal_tas_Amon_mod_rcp85_027.dat
# description :: CMIP5 RCP85 models Tglobal
# comment :: <a href=http://cmip-pcmdi.llnl.gov/cmip5/>CMIP5</a> global mean temperature computed at <a href=http://www.knmi.nl/selectfield_cmip5.cgi?someone@somewhere>KNMI Climate Explorer</a> tas_Amon_inmcm4_rcp85_r1i1p1, cutting out region lon=   -1.000  359.000, lat=  -90.000   90.000, via the KNMI Climate Explorer (http://climexp.knmi.nl)
# institution :: KNMI Climate Explorer
# history ::  2018-05-21  9:37:04 bin/selectyear 1850 2100 data/iglobal_tas_Amon_mod_rcp85_027.dat global_tas_Amon_mod_rcp85_+++_1850:2100\n 2018-05-17 23:24:04 dat2nc ./data/iglobal_tas_Amon_mod_rcp85_027.dat i CMIP5_RCP85_models_Tglobal ./data/iglobal_tas_Amon_mod_rcp85_027.nc n
# tas [Celsius] from inmcm4 model output prepared for CMIP5 RCP8.5 r1i1p1
 1850   13.12937    
 1851   13.17576    
 1852   13.11069    
 1853   13.17713    
 1854   13.14063    
 1855   13.11023    
 1856   13.17243    
 1857   13.12763    
 1858   13.12124    
 1859   13.08123    
 1860   13.07533    
 1861   13.12581    
 1862   13.14824    
 1863   13.11590    
 1864   13.22369    
 1865   13.26208    
 1866   13.12212    
 1867   13.25998    
 1868   13.31471    
 1869   13.25949    
 1870   13.25089    
 1871   13.12777    
 1872   13.24489    
 1873   13.25980    
 1874   13.22377    
 1875   13.22280    
 1876   13.34632    
 1877   13.19594    
 1878   13.11514    
 1879   13.17415    
 1880   13.24238    
 1881   13.24240    
 1882   13.13386    
 1883   13.15804    
 1884   13.29472    
 1885   13.20709    
 1886   13.23516    
 1887   13.24372    
 1888   13.12904    
 1889   13.05324    
 1890   13.23723    
 1891   13.15939    
 1892   13.05226    
 1893   13.31706    
 1894   13.33249    
 1895   13.22296    
 1896   13.13251    
 1897   13.15574    
 1898   13.19582    
 1899   13.27395    
 1900   13.18118    
 1901   13.08776    
 1902   13.05113    
 1903   13.12003    
 1904   13.20580    
 1905   13.22370    
 1906   13.16225    
 1907   13.16564    
 1908   13.22888    
 1909   13.20859    
 1910   13.08927    
 1911   13.11765    
 1912   13.12527    
 1913   13.24116    
 1914   13.15729    
 1915   13.13296    
 1916   13.15647    
 1917   13.24844    
 1918   13.21705    
 1919   13.29094    
 1920   13.22686    
 1921   13.15051    
 1922   13.25690    
 1923   13.21983    
 1924   13.24295    
 1925   13.43296    
 1926   13.37148    
 1927   13.32645    
 1928   13.39323    
 1929   13.36083    
 1930   13.29337    
 1931   13.33569    
 1932   13.34440    
 1933   13.31252    
 1934   13.28020    
 1935   13.42057    
 1936   13.41196    
 1937   13.37061    
 1938   13.47036    
 1939   13.51245    
 1940   13.37394    
 1941   13.41525    
 1942   13.45612    
 1943   13.45313    
 1944   13.47701    
 1945   13.50306    
 1946   13.33479    
 1947   13.37794    
 1948   13.36504    
 1949   13.47524    
 1950   13.44832    
 1951   13.42806    
 1952   13.42718    
 1953   13.35361    
 1954   13.41452    
 1955   13.34083    
 1956   13.38165    
 1957   13.43491    
 1958   13.50149    
 1959   13.45957    
 1960   13.58864    
 1961   13.55373    
 1962   13.49278    
 1963   13.34798    
 1964   13.48131    
 1965   13.53671    
 1966   13.57914    
 1967   13.56114    
 1968   13.48268    
 1969   13.56365    
 1970   13.58017    
 1971   13.47388    
 1972   13.59123    
 1973   13.68608    
 1974   13.58863    
 1975   13.55642    
 1976   13.42850    
 1977   13.54503    
 1978   13.57414    
 1979   13.67069    
 1980   13.68266    
 1981   13.68394    
 1982   13.61402    
 1983   13.75759    
 1984   13.69791    
 1985   13.72210    
 1986   13.75752    
 1987   13.73335    
 1988   13.67739    
 1989   13.69970    
 1990   13.69585    
 1991   13.67958    
 1992   13.70219    
 1993   13.67744    
 1994   13.80170    
 1995   13.77623    
 1996   13.82776    
 1997   13.76324    
 1998   13.77290    
 1999   13.81643    
 2000   13.84291    
 2001   13.92718    
 2002   13.85571    
 2003   13.80275    
 2004   13.97714    
 2005   13.87364    
 2006   14.08532    
 2007   13.92492    
 2008   13.92114    
 2009   14.02261    
 2010   14.09220    
 2011   14.02041    
 2012   14.04296    
 2013   13.97985    
 2014   14.05915    
 2015   14.02332    
 2016   14.09720    
 2017   14.13098    
 2018   14.00227    
 2019   14.04875    
 2020   14.18904    
 2021   14.13965    
 2022   14.13625    
 2023   14.15667    
 2024   14.28302    
 2025   14.28273    
 2026   14.31665    
 2027   14.32014    
 2028   14.36518    
 2029   14.44061    
 2030   14.35133    
 2031   14.38365    
 2032   14.50291    
 2033   14.52264    
 2034   14.44993    
 2035   14.46211    
 2036   14.51370    
 2037   14.60672    
 2038   14.58229    
 2039   14.57208    
 2040   14.60871    
 2041   14.69507    
 2042   14.62347    
 2043   14.68660    
 2044   14.74344    
 2045   14.69973    
 2046   14.61033    
 2047   14.73073    
 2048   14.84295    
 2049   14.81388    
 2050   14.86533    
 2051   14.80027    
 2052   14.88981    
 2053   14.88912    
 2054   14.99562    
 2055   15.09348    
 2056   15.16297    
 2057   15.19625    
 2058   15.13172    
 2059   15.28324    
 2060   15.38363    
 2061   15.34014    
 2062   15.36790    
 2063   15.44386    
 2064   15.47946    
 2065   15.50058    
 2066   15.69093    
 2067   15.63505    
 2068   15.67679    
 2069   15.75443    
 2070   15.74902    
 2071   15.85254    
 2072   15.86768    
 2073   15.89353    
 2074   15.90239    
 2075   15.98318    
 2076   16.05705    
 2077   16.08367    
 2078   16.04255    
 2079   16.02461    
 2080   16.04913    
 2081   16.15625    
 2082   16.09088    
 2083   16.14386    
 2084   16.16308    
 2085   16.13967    
 2086   16.19689    
 2087   16.27087    
 2088   16.36057    
 2089   16.42311    
 2090   16.37560    
 2091   16.43268    
 2092   16.55679    
 2093   16.45082    
 2094   16.52286    
 2095   16.55659    
 2096   16.57709    
 2097   16.63192    
 2098   16.64079    
 2099   16.71594    
 2100   16.78111    
