# daily2longer    1 mea
# <a href=http://cmip-pcmdi.llnl.gov/cmip5/>CMIP5</a> global mean temperature computed at <a href=http://www.knmi.nl/selectfield_cmip5.cgi?someone@somewhere>KNMI Climate Explorer</a> tas_Amon_NorESM1-M_rcp85_r1i1p1
# cutting out region lon=   -1.250  358.750, lat=  -90.000   90.000
# file :: /data/storage/climexp/data/iglobal_tas_Amon_mod_rcp85_038.dat
# description :: CMIP5 RCP85 models Tglobal
# comment :: <a href=http://cmip-pcmdi.llnl.gov/cmip5/>CMIP5</a> global mean temperature computed at <a href=http://www.knmi.nl/selectfield_cmip5.cgi?someone@somewhere>KNMI Climate Explorer</a> tas_Amon_NorESM1-M_rcp85_r1i1p1, cutting out region lon=   -1.250  358.750, lat=  -90.000   90.000, via the KNMI Climate Explorer (http://climexp.knmi.nl)
# institution :: KNMI Climate Explorer
# history ::  2018-05-21  9:37:04 bin/selectyear 1850 2100 data/iglobal_tas_Amon_mod_rcp85_038.dat global_tas_Amon_mod_rcp85_+++_1850:2100\n 2018-05-17 23:24:05 dat2nc ./data/iglobal_tas_Amon_mod_rcp85_038.dat i CMIP5_RCP85_models_Tglobal ./data/iglobal_tas_Amon_mod_rcp85_038.nc n
# tas [Celsius] from NorESM1-M model output prepared for CMIP5 RCP8.5 r1i1p1
 1850   13.11408    
 1851   13.06693    
 1852   13.17259    
 1853   13.04866    
 1854   13.04568    
 1855   13.09851    
 1856   13.00657    
 1857   13.17298    
 1858   13.21983    
 1859   13.13681    
 1860   13.02498    
 1861   13.14976    
 1862   13.18002    
 1863   13.08786    
 1864   13.33361    
 1865   13.36787    
 1866   13.22787    
 1867   13.17684    
 1868   13.29318    
 1869   13.22327    
 1870   13.12391    
 1871   13.13002    
 1872   13.22524    
 1873   13.18933    
 1874   13.16101    
 1875   13.03644    
 1876   13.30451    
 1877   13.35463    
 1878   13.11532    
 1879   13.11084    
 1880   13.20280    
 1881   13.19119    
 1882   13.04456    
 1883   13.17245    
 1884   12.98530    
 1885   12.96977    
 1886   12.95158    
 1887   12.98201    
 1888   13.12774    
 1889   13.30885    
 1890   13.16734    
 1891   13.24474    
 1892   13.26505    
 1893   13.06908    
 1894   13.05826    
 1895   13.17678    
 1896   13.07319    
 1897   12.98687    
 1898   13.10101    
 1899   13.10119    
 1900   13.30843    
 1901   13.33752    
 1902   13.10058    
 1903   13.00981    
 1904   13.02015    
 1905   12.94769    
 1906   13.09034    
 1907   13.04999    
 1908   13.04294    
 1909   13.00074    
 1910   13.22980    
 1911   13.31584    
 1912   13.12434    
 1913   13.21573    
 1914   13.37616    
 1915   13.24945    
 1916   13.29471    
 1917   13.26179    
 1918   13.17260    
 1919   13.22913    
 1920   13.14974    
 1921   13.13550    
 1922   13.22301    
 1923   13.24857    
 1924   13.28658    
 1925   13.26913    
 1926   13.40173    
 1927   13.16434    
 1928   13.24072    
 1929   13.20814    
 1930   13.33569    
 1931   13.20715    
 1932   13.29616    
 1933   13.28519    
 1934   13.46258    
 1935   13.51880    
 1936   13.31250    
 1937   13.26167    
 1938   13.41652    
 1939   13.44915    
 1940   13.44672    
 1941   13.35416    
 1942   13.26449    
 1943   13.40414    
 1944   13.43165    
 1945   13.23973    
 1946   13.29353    
 1947   13.25815    
 1948   13.27905    
 1949   13.40675    
 1950   13.16941    
 1951   13.30221    
 1952   13.27837    
 1953   13.21006    
 1954   13.18733    
 1955   13.32474    
 1956   13.49423    
 1957   13.35963    
 1958   13.33561    
 1959   13.41664    
 1960   13.35283    
 1961   13.41269    
 1962   13.30843    
 1963   13.20639    
 1964   13.04870    
 1965   13.19168    
 1966   13.29791    
 1967   13.17520    
 1968   13.32083    
 1969   13.18497    
 1970   13.44307    
 1971   13.34359    
 1972   13.17518    
 1973   13.19998    
 1974   13.15993    
 1975   13.16129    
 1976   13.33473    
 1977   13.45026    
 1978   13.53879    
 1979   13.40375    
 1980   13.45875    
 1981   13.44437    
 1982   13.46003    
 1983   13.45192    
 1984   13.50916    
 1985   13.55014    
 1986   13.57777    
 1987   13.62483    
 1988   13.60662    
 1989   13.76975    
 1990   13.87786    
 1991   13.60259    
 1992   13.45370    
 1993   13.53981    
 1994   13.52605    
 1995   13.52815    
 1996   13.68231    
 1997   13.66807    
 1998   13.68532    
 1999   13.84869    
 2000   13.80510    
 2001   13.77248    
 2002   13.80755    
 2003   13.90427    
 2004   13.98858    
 2005   13.98938    
 2006   13.97536    
 2007   13.81197    
 2008   13.88721    
 2009   13.98334    
 2010   14.14285    
 2011   13.99290    
 2012   13.91875    
 2013   14.07038    
 2014   14.05365    
 2015   14.14816    
 2016   14.22613    
 2017   14.10960    
 2018   14.11528    
 2019   14.21638    
 2020   14.19041    
 2021   14.27584    
 2022   14.25231    
 2023   14.35170    
 2024   14.33982    
 2025   14.44813    
 2026   14.48024    
 2027   14.54412    
 2028   14.63602    
 2029   14.51748    
 2030   14.48203    
 2031   14.48592    
 2032   14.56685    
 2033   14.67011    
 2034   14.70813    
 2035   14.84570    
 2036   14.89092    
 2037   14.89043    
 2038   14.78354    
 2039   14.77105    
 2040   14.89505    
 2041   14.86497    
 2042   14.85520    
 2043   14.86075    
 2044   15.06172    
 2045   15.11062    
 2046   15.03482    
 2047   14.98142    
 2048   15.10974    
 2049   15.13535    
 2050   15.21793    
 2051   15.31837    
 2052   15.28159    
 2053   15.36427    
 2054   15.38283    
 2055   15.45239    
 2056   15.39035    
 2057   15.38532    
 2058   15.42043    
 2059   15.39303    
 2060   15.53549    
 2061   15.77395    
 2062   15.77596    
 2063   15.68894    
 2064   15.77673    
 2065   15.94232    
 2066   15.93611    
 2067   15.94984    
 2068   15.97441    
 2069   15.91296    
 2070   16.03867    
 2071   16.09828    
 2072   16.11704    
 2073   16.25676    
 2074   16.35000    
 2075   16.36719    
 2076   16.27526    
 2077   16.27100    
 2078   16.31987    
 2079   16.22808    
 2080   16.35482    
 2081   16.48729    
 2082   16.50951    
 2083   16.62333    
 2084   16.56020    
 2085   16.51046    
 2086   16.55875    
 2087   16.81518    
 2088   17.00558    
 2089   16.86357    
 2090   16.80291    
 2091   16.99673    
 2092   17.04737    
 2093   16.97177    
 2094   17.09430    
 2095   17.21609    
 2096   17.27303    
 2097   17.24364    
 2098   17.17381    
 2099   17.14330    
 2100   17.24423    
