# daily2longer    1 mea
# <a href=http://cmip-pcmdi.llnl.gov/cmip5/>CMIP5</a> global mean temperature computed at <a href=http://www.knmi.nl/selectfield_cmip5.cgi?someone@somewhere>KNMI Climate Explorer</a> tas_Amon_GISS-E2-H_rcp85_r1i1p1
# cutting out region lon=    0.000  360.000, lat=  -90.000   90.000
# file :: /data/storage/climexp/data/iglobal_tas_Amon_mod_rcp85_018.dat
# description :: CMIP5 RCP85 models Tglobal
# comment :: <a href=http://cmip-pcmdi.llnl.gov/cmip5/>CMIP5</a> global mean temperature computed at <a href=http://www.knmi.nl/selectfield_cmip5.cgi?someone@somewhere>KNMI Climate Explorer</a> tas_Amon_GISS-E2-H_rcp85_r1i1p1, cutting out region lon=    0.000  360.000, lat=  -90.000   90.000, via the KNMI Climate Explorer (http://climexp.knmi.nl)
# institution :: KNMI Climate Explorer
# history ::  2018-05-21  9:37:04 bin/selectyear 1850 2100 data/iglobal_tas_Amon_mod_rcp85_018.dat global_tas_Amon_mod_rcp85_+++_1850:2100\n 2018-05-17 23:24:04 dat2nc ./data/iglobal_tas_Amon_mod_rcp85_018.dat i CMIP5_RCP85_models_Tglobal ./data/iglobal_tas_Amon_mod_rcp85_018.nc n
# tas [Celsius] from GISS-E2-H model output prepared for CMIP5 RCP8.5 r1i1p1
 1850   14.83233    
 1851   14.82504    
 1852   14.63998    
 1853   14.75280    
 1854   14.75170    
 1855   14.64617    
 1856   14.64643    
 1857   14.44486    
 1858   14.52602    
 1859   14.66320    
 1860   14.64659    
 1861   14.75303    
 1862   14.70330    
 1863   14.67184    
 1864   14.76001    
 1865   14.71175    
 1866   14.68911    
 1867   14.71033    
 1868   14.74550    
 1869   14.80008    
 1870   14.75493    
 1871   14.73166    
 1872   14.72277    
 1873   14.77550    
 1874   14.82509    
 1875   14.87607    
 1876   14.79743    
 1877   14.91386    
 1878   14.85827    
 1879   14.94961    
 1880   14.84960    
 1881   14.89946    
 1882   14.90362    
 1883   14.97547    
 1884   14.58255    
 1885   14.48303    
 1886   14.63138    
 1887   14.60377    
 1888   14.67272    
 1889   14.73108    
 1890   14.69418    
 1891   14.63092    
 1892   14.78389    
 1893   14.84114    
 1894   14.86501    
 1895   14.83772    
 1896   14.89634    
 1897   14.78149    
 1898   14.93471    
 1899   14.86392    
 1900   14.86936    
 1901   14.88174    
 1902   14.91348    
 1903   14.74653    
 1904   14.78270    
 1905   14.73269    
 1906   14.93355    
 1907   14.87492    
 1908   14.93669    
 1909   14.97961    
 1910   14.95466    
 1911   14.95701    
 1912   15.02396    
 1913   14.95436    
 1914   14.87357    
 1915   14.93455    
 1916   14.95225    
 1917   14.99586    
 1918   15.05262    
 1919   15.02011    
 1920   15.04086    
 1921   15.02493    
 1922   15.04946    
 1923   15.03980    
 1924   15.15371    
 1925   15.17442    
 1926   15.02453    
 1927   15.06077    
 1928   15.13597    
 1929   15.10973    
 1930   15.13415    
 1931   15.05432    
 1932   15.12934    
 1933   15.28434    
 1934   15.18373    
 1935   15.13507    
 1936   15.19208    
 1937   15.22127    
 1938   15.17737    
 1939   15.12837    
 1940   15.18999    
 1941   15.30626    
 1942   15.27298    
 1943   15.23011    
 1944   15.34417    
 1945   15.17040    
 1946   15.23420    
 1947   15.24200    
 1948   15.25831    
 1949   15.30329    
 1950   15.27016    
 1951   15.31146    
 1952   15.22033    
 1953   15.17584    
 1954   15.26630    
 1955   15.21078    
 1956   15.29203    
 1957   15.28112    
 1958   15.32891    
 1959   15.39786    
 1960   15.33246    
 1961   15.28640    
 1962   15.28520    
 1963   15.19941    
 1964   15.01579    
 1965   15.12717    
 1966   15.20864    
 1967   15.23789    
 1968   15.24191    
 1969   15.14925    
 1970   15.24276    
 1971   15.32687    
 1972   15.32940    
 1973   15.36996    
 1974   15.40501    
 1975   15.34851    
 1976   15.30811    
 1977   15.38640    
 1978   15.42384    
 1979   15.40880    
 1980   15.43957    
 1981   15.49129    
 1982   15.38037    
 1983   15.30518    
 1984   15.37890    
 1985   15.37559    
 1986   15.39453    
 1987   15.49875    
 1988   15.51837    
 1989   15.60756    
 1990   15.64667    
 1991   15.60634    
 1992   15.23339    
 1993   15.33037    
 1994   15.50167    
 1995   15.61001    
 1996   15.65336    
 1997   15.61876    
 1998   15.69217    
 1999   15.68367    
 2000   15.66476    
 2001   15.75187    
 2002   15.85567    
 2003   15.78902    
 2004   15.85521    
 2005   15.82183    
 2006   15.88647    
 2007   15.87093    
 2008   15.87451    
 2009   15.99572    
 2010   15.94373    
 2011   16.05900    
 2012   15.99890    
 2013   16.09079    
 2014   16.11839    
 2015   16.06890    
 2016   16.18625    
 2017   16.24907    
 2018   16.21261    
 2019   16.24220    
 2020   16.24596    
 2021   16.32848    
 2022   16.36007    
 2023   16.28782    
 2024   16.30834    
 2025   16.31116    
 2026   16.43342    
 2027   16.45422    
 2028   16.43047    
 2029   16.57074    
 2030   16.47088    
 2031   16.61510    
 2032   16.59107    
 2033   16.66594    
 2034   16.62402    
 2035   16.67322    
 2036   16.81754    
 2037   16.76365    
 2038   16.79513    
 2039   16.88837    
 2040   16.87795    
 2041   16.81929    
 2042   16.95640    
 2043   17.05791    
 2044   17.06268    
 2045   17.05105    
 2046   17.12053    
 2047   17.07666    
 2048   17.22192    
 2049   17.16331    
 2050   17.29270    
 2051   17.24891    
 2052   17.21473    
 2053   17.26726    
 2054   17.31367    
 2055   17.27420    
 2056   17.31043    
 2057   17.42763    
 2058   17.38949    
 2059   17.42590    
 2060   17.51357    
 2061   17.49588    
 2062   17.63710    
 2063   17.68321    
 2064   17.75961    
 2065   17.76210    
 2066   17.71596    
 2067   17.75092    
 2068   17.88895    
 2069   17.84133    
 2070   17.86246    
 2071   17.98273    
 2072   18.01382    
 2073   18.04535    
 2074   18.11926    
 2075   18.11031    
 2076   18.11169    
 2077   18.20448    
 2078   18.21473    
 2079   18.26855    
 2080   18.20287    
 2081   18.29532    
 2082   18.32528    
 2083   18.28111    
 2084   18.35644    
 2085   18.38826    
 2086   18.51532    
 2087   18.45676    
 2088   18.45575    
 2089   18.52942    
 2090   18.54393    
 2091   18.53358    
 2092   18.64176    
 2093   18.55527    
 2094   18.60065    
 2095   18.69028    
 2096   18.67417    
 2097   18.77281    
 2098   18.63147    
 2099   18.80973    
 2100   18.74029    
