# daily2longer    1 mea
# ensemble mea of file global_tas_Amon_CNRM-CM5_rcp85_%%.dat
# using members   0 to   4
# <a href=http://cmip-pcmdi.llnl.gov/cmip5/>CMIP5</a> global mean temperature computed at <a href=http://www.knmi.nl/selectfield_cmip5.cgi?someone@somewhere>KNMI Climate Explorer</a> tas_Amon_CNRM-CM5_rcp85_r10i1p1
# cutting out region lon=   -0.703  359.297, lat=  -89.622   89.622
# file :: /data/storage/climexp/data/iglobal_tas_Amon_mod_rcp85_010.dat
# description :: CMIP5 RCP85 models Tglobal
# comment :: ensemble mea of file global_tas_Amon_CNRM-CM5_rcp85_%%.dat, using members   0 to   4, <a href=http://cmip-pcmdi.llnl.gov/cmip5/>CMIP5</a> global mean temperature computed at <a href=http://www.knmi.nl/selectfield_cmip5.cgi?someone@somewhere>KNMI Climate Explorer</a> tas_Amon_CNRM-CM5_rcp85_r10i1p1, cutting out region lon=   -0.703  359.297, lat=  -89.622   89.622, via the KNMI Climate Explorer (http://climexp.knmi.nl)
# institution :: KNMI Climate Explorer
# history ::  2018-05-21  9:37:03 bin/selectyear 1850 2100 data/iglobal_tas_Amon_mod_rcp85_010.dat global_tas_Amon_mod_rcp85_+++_1850:2100\n 2018-05-17 23:24:04 dat2nc ./data/iglobal_tas_Amon_mod_rcp85_010.dat i CMIP5_RCP85_models_Tglobal ./data/iglobal_tas_Amon_mod_rcp85_010.nc n
# tas [Celsius] from CNRM-CM5 model output prepared for CMIP5 RCP8.5 r10i1p1
 1850   13.20379    
 1851   13.28541    
 1852   13.26414    
 1853   13.31155    
 1854   13.23949    
 1855   13.28871    
 1856   13.27960    
 1857   13.28556    
 1858   13.26276    
 1859   13.23769    
 1860   13.28889    
 1861   13.36066    
 1862   13.35607    
 1863   13.28903    
 1864   13.33710    
 1865   13.35133    
 1866   13.28757    
 1867   13.29503    
 1868   13.25901    
 1869   13.31670    
 1870   13.30964    
 1871   13.32987    
 1872   13.34581    
 1873   13.28484    
 1874   13.29100    
 1875   13.30958    
 1876   13.32411    
 1877   13.33670    
 1878   13.37744    
 1879   13.34825    
 1880   13.36505    
 1881   13.40134    
 1882   13.41407    
 1883   13.28552    
 1884   12.85741    
 1885   12.94858    
 1886   13.07809    
 1887   13.19160    
 1888   13.28626    
 1889   13.31762    
 1890   13.20940    
 1891   13.15809    
 1892   13.22384    
 1893   13.30350    
 1894   13.32569    
 1895   13.36052    
 1896   13.40540    
 1897   13.41202    
 1898   13.45335    
 1899   13.38855    
 1900   13.39829    
 1901   13.38900    
 1902   13.43368    
 1903   13.06921    
 1904   13.12963    
 1905   13.20011    
 1906   13.26407    
 1907   13.27988    
 1908   13.29687    
 1909   13.31491    
 1910   13.33097    
 1911   13.32438    
 1912   13.26517    
 1913   13.15041    
 1914   13.28145    
 1915   13.33780    
 1916   13.37331    
 1917   13.43568    
 1918   13.37836    
 1919   13.37654    
 1920   13.47005    
 1921   13.46765    
 1922   13.49468    
 1923   13.45964    
 1924   13.42177    
 1925   13.44469    
 1926   13.50750    
 1927   13.44803    
 1928   13.45616    
 1929   13.42634    
 1930   13.40022    
 1931   13.44737    
 1932   13.44987    
 1933   13.48387    
 1934   13.56376    
 1935   13.50302    
 1936   13.56697    
 1937   13.53899    
 1938   13.52428    
 1939   13.59794    
 1940   13.60959    
 1941   13.60816    
 1942   13.61992    
 1943   13.58344    
 1944   13.63635    
 1945   13.63286    
 1946   13.60588    
 1947   13.62065    
 1948   13.63391    
 1949   13.62762    
 1950   13.62724    
 1951   13.64846    
 1952   13.67553    
 1953   13.59885    
 1954   13.58777    
 1955   13.64521    
 1956   13.66969    
 1957   13.69570    
 1958   13.63109    
 1959   13.60943    
 1960   13.71013    
 1961   13.62192    
 1962   13.63937    
 1963   13.56738    
 1964   13.37776    
 1965   13.43599    
 1966   13.56814    
 1967   13.51280    
 1968   13.60165    
 1969   13.46627    
 1970   13.46413    
 1971   13.57209    
 1972   13.61123    
 1973   13.57831    
 1974   13.56646    
 1975   13.53104    
 1976   13.49901    
 1977   13.65291    
 1978   13.63812    
 1979   13.68423    
 1980   13.69050    
 1981   13.75635    
 1982   13.68664    
 1983   13.51433    
 1984   13.65195    
 1985   13.73425    
 1986   13.76519    
 1987   13.76673    
 1988   13.86591    
 1989   13.86606    
 1990   13.93770    
 1991   13.89870    
 1992   13.57857    
 1993   13.74507    
 1994   13.90733    
 1995   13.90352    
 1996   13.97443    
 1997   13.98732    
 1998   14.08706    
 1999   14.03677    
 2000   14.11466    
 2001   14.14690    
 2002   14.17944    
 2003   14.29241    
 2004   14.30617    
 2005   14.26607    
 2006   14.26376    
 2007   14.25276    
 2008   14.23161    
 2009   14.28832    
 2010   14.29922    
 2011   14.32282    
 2012   14.32570    
 2013   14.33736    
 2014   14.39863    
 2015   14.41919    
 2016   14.38703    
 2017   14.42124    
 2018   14.45541    
 2019   14.49158    
 2020   14.52113    
 2021   14.55278    
 2022   14.57144    
 2023   14.55392    
 2024   14.60237    
 2025   14.61137    
 2026   14.64419    
 2027   14.72625    
 2028   14.73141    
 2029   14.81872    
 2030   14.81964    
 2031   14.84599    
 2032   14.90814    
 2033   14.91977    
 2034   14.85024    
 2035   14.93268    
 2036   14.98958    
 2037   15.07501    
 2038   15.10319    
 2039   15.15501    
 2040   15.19914    
 2041   15.25460    
 2042   15.22828    
 2043   15.24926    
 2044   15.34823    
 2045   15.35464    
 2046   15.37277    
 2047   15.42509    
 2048   15.49670    
 2049   15.51354    
 2050   15.55530    
 2051   15.58903    
 2052   15.60108    
 2053   15.72460    
 2054   15.77138    
 2055   15.76770    
 2056   15.82839    
 2057   15.83794    
 2058   15.88566    
 2059   15.91544    
 2060   15.92385    
 2061   16.00911    
 2062   16.05941    
 2063   16.13628    
 2064   16.18796    
 2065   16.22682    
 2066   16.22795    
 2067   16.31582    
 2068   16.34380    
 2069   16.39890    
 2070   16.46045    
 2071   16.47937    
 2072   16.55443    
 2073   16.53661    
 2074   16.64904    
 2075   16.70934    
 2076   16.70274    
 2077   16.83996    
 2078   16.87199    
 2079   16.88394    
 2080   16.92836    
 2081   16.97940    
 2082   17.03036    
 2083   17.06791    
 2084   17.14815    
 2085   17.12255    
 2086   17.23291    
 2087   17.33755    
 2088   17.30585    
 2089   17.34955    
 2090   17.39335    
 2091   17.51945    
 2092   17.54961    
 2093   17.63096    
 2094   17.63033    
 2095   17.65310    
 2096   17.72519    
 2097   17.79850    
 2098   17.78413    
 2099   17.86201    
 2100   17.89983    
