# daily2longer    1 mea
# <a href=http://cmip-pcmdi.llnl.gov/cmip5/>CMIP5</a> global mean temperature computed at <a href=http://www.knmi.nl/selectfield_cmip5.cgi?someone@somewhere>KNMI Climate Explorer</a> tas_Amon_HadGEM2-AO_rcp85_r1i1p1
# cutting out region lon=   -0.938  359.062, lat=  -90.000   90.000
# file :: /data/storage/climexp/data/iglobal_tas_Amon_mod_rcp85_024.dat
# description :: CMIP5 RCP85 models Tglobal
# comment :: <a href=http://cmip-pcmdi.llnl.gov/cmip5/>CMIP5</a> global mean temperature computed at <a href=http://www.knmi.nl/selectfield_cmip5.cgi?someone@somewhere>KNMI Climate Explorer</a> tas_Amon_HadGEM2-AO_rcp85_r1i1p1, cutting out region lon=   -0.938  359.062, lat=  -90.000   90.000, via the KNMI Climate Explorer (http://climexp.knmi.nl)
# institution :: KNMI Climate Explorer
# history ::  2018-05-21  9:37:04 bin/selectyear 1850 2100 data/iglobal_tas_Amon_mod_rcp85_024.dat global_tas_Amon_mod_rcp85_+++_1850:2100\n 2018-05-17 23:24:04 dat2nc ./data/iglobal_tas_Amon_mod_rcp85_024.dat i CMIP5_RCP85_models_Tglobal ./data/iglobal_tas_Amon_mod_rcp85_024.nc n
# tas [Celsius] from HadGEM2-AO model output prepared for CMIP5 RCP8.5 r1i1p1
 1860   13.93218    
 1861   13.92255    
 1862   13.98477    
 1863   14.07178    
 1864   13.99446    
 1865   14.08624    
 1866   14.06007    
 1867   14.02554    
 1868   13.99863    
 1869   14.00384    
 1870   13.97733    
 1871   14.03783    
 1872   14.06183    
 1873   14.06499    
 1874   13.98121    
 1875   13.93159    
 1876   13.73317    
 1877   13.92907    
 1878   13.92593    
 1879   13.95613    
 1880   13.99429    
 1881   14.15675    
 1882   14.16012    
 1883   14.07350    
 1884   13.78150    
 1885   13.81562    
 1886   13.91824    
 1887   13.93585    
 1888   13.84349    
 1889   13.73969    
 1890   13.63352    
 1891   13.50361    
 1892   13.66419    
 1893   13.68829    
 1894   13.81006    
 1895   13.87479    
 1896   13.85376    
 1897   14.00790    
 1898   14.03813    
 1899   14.06066    
 1900   13.96109    
 1901   13.88143    
 1902   13.85031    
 1903   13.59171    
 1904   13.56955    
 1905   13.81397    
 1906   13.86910    
 1907   13.92327    
 1908   13.98802    
 1909   13.94954    
 1910   13.86120    
 1911   13.93642    
 1912   13.87388    
 1913   13.74661    
 1914   13.80161    
 1915   13.92459    
 1916   13.84843    
 1917   13.98648    
 1918   14.06091    
 1919   14.15220    
 1920   14.24624    
 1921   14.08292    
 1922   14.16793    
 1923   14.17834    
 1924   14.05516    
 1925   14.04476    
 1926   13.96776    
 1927   14.19838    
 1928   14.12085    
 1929   14.11233    
 1930   14.04575    
 1931   13.97795    
 1932   14.16161    
 1933   14.06015    
 1934   14.04717    
 1935   14.01839    
 1936   14.16756    
 1937   14.25025    
 1938   14.21131    
 1939   14.23262    
 1940   14.18368    
 1941   14.28282    
 1942   14.28885    
 1943   14.12987    
 1944   14.07951    
 1945   14.18050    
 1946   14.22440    
 1947   14.29198    
 1948   14.26015    
 1949   14.35101    
 1950   14.33294    
 1951   14.25354    
 1952   14.22517    
 1953   14.19657    
 1954   14.05434    
 1955   14.10382    
 1956   14.15148    
 1957   14.23781    
 1958   14.22983    
 1959   14.25045    
 1960   14.19687    
 1961   14.13383    
 1962   14.17232    
 1963   14.08876    
 1964   13.80506    
 1965   13.76044    
 1966   13.89873    
 1967   13.97025    
 1968   13.92951    
 1969   13.93743    
 1970   13.99441    
 1971   13.91592    
 1972   13.96138    
 1973   14.05570    
 1974   14.07558    
 1975   13.90035    
 1976   13.91872    
 1977   13.92175    
 1978   13.96422    
 1979   14.12080    
 1980   14.20393    
 1981   14.26394    
 1982   14.10370    
 1983   14.04480    
 1984   14.10421    
 1985   14.41016    
 1986   14.32340    
 1987   14.30886    
 1988   14.42983    
 1989   14.43113    
 1990   14.44378    
 1991   14.28855    
 1992   14.14665    
 1993   14.24755    
 1994   14.21402    
 1995   14.20001    
 1996   14.36714    
 1997   14.56393    
 1998   14.54922    
 1999   14.61330    
 2000   14.62703    
 2001   14.73597    
 2002   14.83325    
 2003   14.88127    
 2004   14.95320    
 2005   15.07890    
 2006   14.95800    
 2007   14.81761    
 2008   14.76617    
 2009   14.65393    
 2010   14.79459    
 2011   14.87160    
 2012   14.93131    
 2013   14.87158    
 2014   14.90270    
 2015   14.92690    
 2016   14.86237    
 2017   14.76753    
 2018   14.80754    
 2019   15.02763    
 2020   15.01548    
 2021   15.18546    
 2022   15.05919    
 2023   15.05975    
 2024   15.25796    
 2025   15.27155    
 2026   15.35077    
 2027   15.14267    
 2028   15.15313    
 2029   15.21235    
 2030   15.19809    
 2031   15.11079    
 2032   15.30943    
 2033   15.22460    
 2034   15.27557    
 2035   15.30217    
 2036   15.47303    
 2037   15.56102    
 2038   15.67296    
 2039   15.84561    
 2040   15.90649    
 2041   15.79570    
 2042   15.87561    
 2043   15.98819    
 2044   15.88465    
 2045   15.92713    
 2046   15.91722    
 2047   15.99174    
 2048   16.16085    
 2049   16.11513    
 2050   16.11880    
 2051   16.22613    
 2052   16.25179    
 2053   16.43800    
 2054   16.47904    
 2055   16.67371    
 2056   16.59330    
 2057   16.72073    
 2058   16.70300    
 2059   16.70747    
 2060   16.85581    
 2061   16.95721    
 2062   17.05100    
 2063   17.11950    
 2064   17.13069    
 2065   17.03135    
 2066   17.07141    
 2067   17.34589    
 2068   17.43519    
 2069   17.38480    
 2070   17.42229    
 2071   17.37830    
 2072   17.38310    
 2073   17.57374    
 2074   17.70912    
 2075   17.79195    
 2076   17.89793    
 2077   17.95116    
 2078   18.02556    
 2079   18.03415    
 2080   18.05350    
 2081   18.18411    
 2082   18.09058    
 2083   18.18149    
 2084   18.27058    
 2085   18.23117    
 2086   18.36755    
 2087   18.26114    
 2088   18.26047    
 2089   18.32214    
 2090   18.54436    
 2091   18.71539    
 2092   18.74150    
 2093   18.76111    
 2094   18.77841    
 2095   18.86672    
 2096   18.98768    
 2097   18.97481    
 2098   18.97031    
 2099   19.16429    
 2100   19.13794    
