# daily2longer    1 mea
# <a href=http://cmip-pcmdi.llnl.gov/cmip5/>CMIP5</a> global mean temperature computed at <a href=http://www.knmi.nl/selectfield_cmip5.cgi?someone@somewhere>KNMI Climate Explorer</a> tas_Amon_BNU-ESM_rcp85_r1i1p1
# cutting out region lon=   -1.406  358.594, lat=  -89.247   89.247
# file :: /data/storage/climexp/data/iglobal_tas_Amon_mod_rcp85_003.dat
# description :: CMIP5 RCP85 models Tglobal
# comment :: <a href=http://cmip-pcmdi.llnl.gov/cmip5/>CMIP5</a> global mean temperature computed at <a href=http://www.knmi.nl/selectfield_cmip5.cgi?someone@somewhere>KNMI Climate Explorer</a> tas_Amon_BNU-ESM_rcp85_r1i1p1, cutting out region lon=   -1.406  358.594, lat=  -89.247   89.247, via the KNMI Climate Explorer (http://climexp.knmi.nl)
# institution :: KNMI Climate Explorer
# history ::  2018-05-21  9:37:03 bin/selectyear 1850 2100 data/iglobal_tas_Amon_mod_rcp85_003.dat global_tas_Amon_mod_rcp85_+++_1850:2100\n 2018-05-17 23:24:03 dat2nc ./data/iglobal_tas_Amon_mod_rcp85_003.dat i CMIP5_RCP85_models_Tglobal ./data/iglobal_tas_Amon_mod_rcp85_003.nc n
# tas [Celsius] from BNU-ESM model output prepared for CMIP5 RCP8.5 r1i1p1
 1850   12.98416    
 1851   12.80205    
 1852   12.84805    
 1853   13.04248    
 1854   13.00508    
 1855   12.92583    
 1856   12.76621    
 1857   12.85730    
 1858   12.97545    
 1859   13.05706    
 1860   13.02276    
 1861   12.72066    
 1862   12.80656    
 1863   12.97816    
 1864   13.20545    
 1865   12.90921    
 1866   12.82162    
 1867   12.90817    
 1868   12.94418    
 1869   12.78310    
 1870   12.97196    
 1871   13.06576    
 1872   12.92170    
 1873   13.04922    
 1874   13.19265    
 1875   13.29050    
 1876   13.15743    
 1877   13.17181    
 1878   13.03112    
 1879   12.89469    
 1880   12.96895    
 1881   13.03085    
 1882   13.09149    
 1883   12.92963    
 1884   12.61061    
 1885   12.59185    
 1886   12.61708    
 1887   12.87488    
 1888   12.90257    
 1889   12.81689    
 1890   12.70475    
 1891   12.39424    
 1892   12.69223    
 1893   12.79636    
 1894   12.88244    
 1895   12.74618    
 1896   12.87516    
 1897   12.96865    
 1898   12.81171    
 1899   12.95266    
 1900   13.07600    
 1901   12.94100    
 1902   13.00599    
 1903   12.57968    
 1904   12.70235    
 1905   12.71869    
 1906   12.54023    
 1907   12.71812    
 1908   12.91041    
 1909   12.91396    
 1910   13.00024    
 1911   12.88808    
 1912   12.81712    
 1913   12.92393    
 1914   13.09856    
 1915   13.08747    
 1916   13.14923    
 1917   13.04369    
 1918   13.17093    
 1919   13.17279    
 1920   13.22239    
 1921   13.09334    
 1922   13.17640    
 1923   13.20383    
 1924   13.12356    
 1925   12.85423    
 1926   13.01121    
 1927   13.10438    
 1928   13.11603    
 1929   13.15418    
 1930   12.91168    
 1931   13.14897    
 1932   13.08499    
 1933   13.06898    
 1934   12.84176    
 1935   13.15997    
 1936   13.29719    
 1937   13.20539    
 1938   13.29412    
 1939   13.30397    
 1940   13.09141    
 1941   13.11328    
 1942   13.22548    
 1943   13.28103    
 1944   13.37581    
 1945   13.37499    
 1946   13.26931    
 1947   13.43722    
 1948   13.55822    
 1949   13.17756    
 1950   13.10054    
 1951   13.32615    
 1952   13.37279    
 1953   13.30751    
 1954   13.40260    
 1955   13.53062    
 1956   13.30835    
 1957   13.55479    
 1958   13.36296    
 1959   13.23869    
 1960   13.50178    
 1961   13.21595    
 1962   13.50426    
 1963   13.25119    
 1964   13.15452    
 1965   13.20989    
 1966   13.20381    
 1967   13.36038    
 1968   13.42286    
 1969   13.34993    
 1970   13.23043    
 1971   13.43581    
 1972   13.57200    
 1973   13.37005    
 1974   13.55931    
 1975   13.51050    
 1976   13.30989    
 1977   13.47746    
 1978   13.62225    
 1979   13.51525    
 1980   13.62620    
 1981   13.77378    
 1982   13.57655    
 1983   13.52489    
 1984   13.56224    
 1985   13.61158    
 1986   13.78225    
 1987   13.91550    
 1988   13.76842    
 1989   13.81944    
 1990   13.88119    
 1991   13.78388    
 1992   13.62634    
 1993   13.62403    
 1994   13.77743    
 1995   14.00803    
 1996   14.11726    
 1997   14.11187    
 1998   13.95135    
 1999   14.17148    
 2000   14.39771    
 2001   14.15473    
 2002   14.19711    
 2003   14.39061    
 2004   14.23112    
 2005   14.23640    
 2006   14.52828    
 2007   14.37392    
 2008   14.27880    
 2009   14.62155    
 2010   14.55854    
 2011   14.28374    
 2012   14.48763    
 2013   14.62558    
 2014   14.35753    
 2015   14.29890    
 2016   14.71244    
 2017   14.77999    
 2018   14.60616    
 2019   14.69559    
 2020   14.81157    
 2021   14.84765    
 2022   14.97351    
 2023   14.98606    
 2024   15.06806    
 2025   15.11058    
 2026   15.08560    
 2027   15.22666    
 2028   15.27749    
 2029   15.20660    
 2030   15.19571    
 2031   15.42657    
 2032   15.08317    
 2033   15.11886    
 2034   15.53767    
 2035   15.62975    
 2036   15.39617    
 2037   15.45222    
 2038   15.59175    
 2039   15.62517    
 2040   15.87547    
 2041   15.59677    
 2042   15.65270    
 2043   15.79023    
 2044   16.01992    
 2045   15.67298    
 2046   15.83047    
 2047   16.19415    
 2048   15.98797    
 2049   15.98146    
 2050   16.19002    
 2051   16.34655    
 2052   16.39203    
 2053   16.23231    
 2054   16.39976    
 2055   16.44925    
 2056   16.42474    
 2057   16.61016    
 2058   16.75455    
 2059   16.53849    
 2060   16.52015    
 2061   16.78513    
 2062   16.73614    
 2063   16.99953    
 2064   17.06544    
 2065   16.82938    
 2066   16.91684    
 2067   17.16318    
 2068   17.18289    
 2069   17.07458    
 2070   17.32464    
 2071   17.40528    
 2072   17.30266    
 2073   17.33215    
 2074   17.38915    
 2075   17.47779    
 2076   17.64509    
 2077   17.58169    
 2078   17.54278    
 2079   17.70206    
 2080   17.95491    
 2081   18.02575    
 2082   18.05769    
 2083   17.84919    
 2084   17.95198    
 2085   18.08365    
 2086   18.31418    
 2087   18.22272    
 2088   18.02356    
 2089   18.24948    
 2090   18.45743    
 2091   18.38779    
 2092   18.45614    
 2093   18.45570    
 2094   18.31987    
 2095   18.36992    
 2096   18.48408    
 2097   18.60917    
 2098   18.79524    
 2099   18.66041    
 2100   18.99240    
