# daily2longer    1 mea
# <a href=http://cmip-pcmdi.llnl.gov/cmip5/>CMIP5</a> global mean temperature computed at <a href=http://www.knmi.nl/selectfield_cmip5.cgi?someone@somewhere>KNMI Climate Explorer</a> tas_Amon_GISS-E2-R_rcp85_r1i1p2
# cutting out region lon=    0.000  360.000, lat=  -90.000   90.000
# file :: /data/storage/climexp/data/iglobal_tas_Amon_mod_rcp85_022.dat
# description :: CMIP5 RCP85 models Tglobal
# comment :: <a href=http://cmip-pcmdi.llnl.gov/cmip5/>CMIP5</a> global mean temperature computed at <a href=http://www.knmi.nl/selectfield_cmip5.cgi?someone@somewhere>KNMI Climate Explorer</a> tas_Amon_GISS-E2-R_rcp85_r1i1p2, cutting out region lon=    0.000  360.000, lat=  -90.000   90.000, via the KNMI Climate Explorer (http://climexp.knmi.nl)
# institution :: KNMI Climate Explorer
# history ::  2018-05-21  9:37:04 bin/selectyear 1850 2100 data/iglobal_tas_Amon_mod_rcp85_022.dat global_tas_Amon_mod_rcp85_+++_1850:2100\n 2018-05-17 23:24:04 dat2nc ./data/iglobal_tas_Amon_mod_rcp85_022.dat i CMIP5_RCP85_models_Tglobal ./data/iglobal_tas_Amon_mod_rcp85_022.nc n
# tas [Celsius] from GISS-E2-R model output prepared for CMIP5 RCP8.5 r1i1p2
 1850   14.43773    
 1851   14.56480    
 1852   14.50724    
 1853   14.56789    
 1854   14.35912    
 1855   14.41815    
 1856   14.39177    
 1857   14.25714    
 1858   14.32340    
 1859   14.32267    
 1860   14.45190    
 1861   14.51234    
 1862   14.35315    
 1863   14.43178    
 1864   14.48313    
 1865   14.35376    
 1866   14.25564    
 1867   14.44404    
 1868   14.57086    
 1869   14.57902    
 1870   14.68609    
 1871   14.56757    
 1872   14.64534    
 1873   14.61195    
 1874   14.59065    
 1875   14.56876    
 1876   14.56853    
 1877   14.55423    
 1878   14.48330    
 1879   14.48476    
 1880   14.56580    
 1881   14.65159    
 1882   14.52020    
 1883   14.54534    
 1884   14.17700    
 1885   14.19261    
 1886   14.41338    
 1887   14.32817    
 1888   14.38462    
 1889   14.30116    
 1890   14.44923    
 1891   14.42677    
 1892   14.38980    
 1893   14.47110    
 1894   14.57465    
 1895   14.64721    
 1896   14.53313    
 1897   14.57883    
 1898   14.54524    
 1899   14.61328    
 1900   14.58480    
 1901   14.53058    
 1902   14.48798    
 1903   14.43795    
 1904   14.40879    
 1905   14.51132    
 1906   14.44740    
 1907   14.44278    
 1908   14.49082    
 1909   14.47372    
 1910   14.55153    
 1911   14.61701    
 1912   14.57533    
 1913   14.40764    
 1914   14.50159    
 1915   14.57331    
 1916   14.56860    
 1917   14.58409    
 1918   14.63346    
 1919   14.61269    
 1920   14.55569    
 1921   14.57581    
 1922   14.66478    
 1923   14.62977    
 1924   14.64247    
 1925   14.53069    
 1926   14.63512    
 1927   14.70335    
 1928   14.63956    
 1929   14.69346    
 1930   14.70915    
 1931   14.75471    
 1932   14.79057    
 1933   14.68774    
 1934   14.78511    
 1935   14.81863    
 1936   14.77439    
 1937   14.85208    
 1938   14.83691    
 1939   14.81685    
 1940   14.76885    
 1941   14.87150    
 1942   14.74023    
 1943   14.68995    
 1944   14.80783    
 1945   14.78442    
 1946   14.75604    
 1947   14.84180    
 1948   14.87314    
 1949   14.85961    
 1950   14.78257    
 1951   14.69454    
 1952   14.75196    
 1953   14.77886    
 1954   14.85130    
 1955   14.80402    
 1956   14.77637    
 1957   14.75454    
 1958   14.85131    
 1959   14.83437    
 1960   14.82250    
 1961   14.84049    
 1962   14.82784    
 1963   14.79661    
 1964   14.65985    
 1965   14.59697    
 1966   14.73019    
 1967   14.78783    
 1968   14.83820    
 1969   14.71910    
 1970   14.67285    
 1971   14.83461    
 1972   14.90012    
 1973   14.86490    
 1974   14.77042    
 1975   14.84140    
 1976   14.81649    
 1977   14.71475    
 1978   14.92874    
 1979   14.90506    
 1980   14.93394    
 1981   15.05911    
 1982   14.93048    
 1983   14.74976    
 1984   14.77005    
 1985   14.81372    
 1986   14.91362    
 1987   14.87365    
 1988   14.94743    
 1989   14.98373    
 1990   15.05327    
 1991   14.89253    
 1992   14.52788    
 1993   14.65501    
 1994   14.82389    
 1995   14.94833    
 1996   14.92316    
 1997   15.04357    
 1998   14.99332    
 1999   15.08538    
 2000   15.12988    
 2001   15.20753    
 2002   15.22492    
 2003   15.39179    
 2004   15.30727    
 2005   15.31084    
 2006   15.32655    
 2007   15.32232    
 2008   15.35952    
 2009   15.27088    
 2010   15.34396    
 2011   15.30369    
 2012   15.38836    
 2013   15.44206    
 2014   15.47491    
 2015   15.39048    
 2016   15.45260    
 2017   15.33680    
 2018   15.38395    
 2019   15.43641    
 2020   15.45781    
 2021   15.56023    
 2022   15.57531    
 2023   15.50596    
 2024   15.59150    
 2025   15.61368    
 2026   15.68261    
 2027   15.78241    
 2028   15.67666    
 2029   15.75982    
 2030   15.76747    
 2031   15.87633    
 2032   15.82943    
 2033   15.82499    
 2034   15.87936    
 2035   15.88472    
 2036   15.90801    
 2037   15.99227    
 2038   16.01470    
 2039   16.13553    
 2040   16.15879    
 2041   16.10365    
 2042   16.17443    
 2043   16.17474    
 2044   16.17071    
 2045   16.14492    
 2046   16.23017    
 2047   16.33680    
 2048   16.35787    
 2049   16.33866    
 2050   16.33933    
 2051   16.41780    
 2052   16.46178    
 2053   16.49476    
 2054   16.55367    
 2055   16.52529    
 2056   16.60931    
 2057   16.62223    
 2058   16.59323    
 2059   16.64566    
 2060   16.73144    
 2061   16.75960    
 2062   16.82136    
 2063   16.79530    
 2064   16.71007    
 2065   16.75070    
 2066   16.80984    
 2067   16.90777    
 2068   16.97298    
 2069   17.01122    
 2070   17.11116    
 2071   17.11637    
 2072   17.10323    
 2073   17.13274    
 2074   17.21459    
 2075   17.24364    
 2076   17.26503    
 2077   17.24155    
 2078   17.24929    
 2079   17.21046    
 2080   17.34560    
 2081   17.40623    
 2082   17.39334    
 2083   17.36665    
 2084   17.47270    
 2085   17.47797    
 2086   17.54425    
 2087   17.55062    
 2088   17.54005    
 2089   17.60824    
 2090   17.70820    
 2091   17.66437    
 2092   17.65766    
 2093   17.67397    
 2094   17.78400    
 2095   17.82725    
 2096   17.82271    
 2097   17.82781    
 2098   17.81003    
 2099   17.87724    
 2100   17.98247    
