# daily2longer    1 mea
# <a href=http://cmip-pcmdi.llnl.gov/cmip5/>CMIP5</a> global mean temperature computed at <a href=http://www.knmi.nl/selectfield_cmip5.cgi?someone@somewhere>KNMI Climate Explorer</a> tas_Amon_CMCC-CMS_rcp85_r1i1p1
# cutting out region lon=   -0.938  359.062, lat=  -89.497   89.497
# file :: /data/storage/climexp/data/iglobal_tas_Amon_mod_rcp85_009.dat
# description :: CMIP5 RCP85 models Tglobal
# comment :: <a href=http://cmip-pcmdi.llnl.gov/cmip5/>CMIP5</a> global mean temperature computed at <a href=http://www.knmi.nl/selectfield_cmip5.cgi?someone@somewhere>KNMI Climate Explorer</a> tas_Amon_CMCC-CMS_rcp85_r1i1p1, cutting out region lon=   -0.938  359.062, lat=  -89.497   89.497, via the KNMI Climate Explorer (http://climexp.knmi.nl)
# institution :: KNMI Climate Explorer
# history ::  2018-05-21  9:37:03 bin/selectyear 1850 2100 data/iglobal_tas_Amon_mod_rcp85_009.dat global_tas_Amon_mod_rcp85_+++_1850:2100\n 2018-05-17 23:24:04 dat2nc ./data/iglobal_tas_Amon_mod_rcp85_009.dat i CMIP5_RCP85_models_Tglobal ./data/iglobal_tas_Amon_mod_rcp85_009.nc n
# tas [Celsius] from CMCC-CMS model output prepared for CMIP5 RCP8.5 r1i1p1
 1850   13.75102    
 1851   14.00056    
 1852   13.84698    
 1853   13.68442    
 1854   13.77480    
 1855   13.83599    
 1856   13.58207    
 1857   13.74803    
 1858   13.86517    
 1859   13.51244    
 1860   13.77582    
 1861   14.04821    
 1862   13.72255    
 1863   13.80492    
 1864   13.69293    
 1865   13.68703    
 1866   14.05804    
 1867   13.89356    
 1868   13.81850    
 1869   13.83592    
 1870   13.73622    
 1871   13.82086    
 1872   13.81508    
 1873   13.63967    
 1874   13.73865    
 1875   13.70963    
 1876   13.77405    
 1877   13.87561    
 1878   13.97323    
 1879   13.82181    
 1880   13.97813    
 1881   13.81070    
 1882   13.74761    
 1883   13.91131    
 1884   13.93132    
 1885   13.99512    
 1886   13.93931    
 1887   13.83325    
 1888   13.85295    
 1889   13.97826    
 1890   13.95685    
 1891   13.89512    
 1892   13.86823    
 1893   13.91230    
 1894   13.94435    
 1895   13.96176    
 1896   13.84371    
 1897   14.01523    
 1898   14.08193    
 1899   13.93129    
 1900   13.88191    
 1901   13.79448    
 1902   13.75682    
 1903   13.74653    
 1904   13.70498    
 1905   13.84997    
 1906   13.79564    
 1907   13.78348    
 1908   13.87681    
 1909   13.99874    
 1910   13.85808    
 1911   13.89578    
 1912   13.96863    
 1913   13.89514    
 1914   13.73795    
 1915   13.74694    
 1916   13.79006    
 1917   13.82026    
 1918   13.94909    
 1919   13.96617    
 1920   13.84858    
 1921   13.84027    
 1922   13.86172    
 1923   13.86052    
 1924   13.81183    
 1925   13.83361    
 1926   13.90307    
 1927   13.77051    
 1928   13.69596    
 1929   13.79912    
 1930   13.65403    
 1931   13.74343    
 1932   13.84289    
 1933   13.81187    
 1934   13.72509    
 1935   13.67686    
 1936   13.76500    
 1937   13.62487    
 1938   13.64366    
 1939   13.78977    
 1940   13.79626    
 1941   13.90186    
 1942   13.83228    
 1943   13.75660    
 1944   13.68797    
 1945   13.63691    
 1946   13.77394    
 1947   13.75882    
 1948   13.73474    
 1949   13.82077    
 1950   13.85644    
 1951   13.88843    
 1952   13.77348    
 1953   13.81671    
 1954   13.97087    
 1955   13.90716    
 1956   13.98779    
 1957   13.91419    
 1958   13.71644    
 1959   13.90289    
 1960   14.05608    
 1961   13.77450    
 1962   13.78728    
 1963   13.72508    
 1964   13.80789    
 1965   13.93076    
 1966   13.76663    
 1967   13.80072    
 1968   13.89226    
 1969   13.67392    
 1970   13.50966    
 1971   13.87367    
 1972   13.84663    
 1973   13.70524    
 1974   13.72263    
 1975   13.87300    
 1976   13.97328    
 1977   13.91119    
 1978   14.03175    
 1979   13.98847    
 1980   13.87144    
 1981   13.90182    
 1982   13.83024    
 1983   13.82701    
 1984   14.17729    
 1985   14.25284    
 1986   14.03050    
 1987   13.88205    
 1988   14.05646    
 1989   14.21039    
 1990   14.23675    
 1991   14.33475    
 1992   14.46413    
 1993   14.41938    
 1994   14.41136    
 1995   14.20674    
 1996   14.25549    
 1997   14.53681    
 1998   14.45503    
 1999   14.28335    
 2000   14.38120    
 2001   14.69134    
 2002   14.69823    
 2003   14.39472    
 2004   14.34650    
 2005   14.50337    
 2006   14.51477    
 2007   14.46342    
 2008   14.56042    
 2009   14.74012    
 2010   14.78280    
 2011   14.67799    
 2012   14.66337    
 2013   14.67510    
 2014   14.97745    
 2015   14.80411    
 2016   14.71116    
 2017   14.82942    
 2018   14.93941    
 2019   14.67836    
 2020   14.86311    
 2021   15.10117    
 2022   15.02861    
 2023   14.84691    
 2024   15.01345    
 2025   15.14120    
 2026   15.34192    
 2027   15.33721    
 2028   15.48598    
 2029   15.29188    
 2030   15.15674    
 2031   15.46834    
 2032   15.59938    
 2033   15.44508    
 2034   15.56580    
 2035   15.72718    
 2036   15.76733    
 2037   15.54517    
 2038   15.50078    
 2039   15.76931    
 2040   15.73840    
 2041   15.79324    
 2042   15.67315    
 2043   15.96187    
 2044   16.11606    
 2045   15.98232    
 2046   16.15589    
 2047   16.33536    
 2048   16.08023    
 2049   16.20876    
 2050   16.26071    
 2051   16.21291    
 2052   16.63981    
 2053   16.55449    
 2054   16.12906    
 2055   16.47413    
 2056   16.70830    
 2057   16.51134    
 2058   16.71202    
 2059   16.47452    
 2060   16.57068    
 2061   16.90993    
 2062   16.79343    
 2063   16.78721    
 2064   17.01237    
 2065   17.43192    
 2066   17.30052    
 2067   17.04229    
 2068   17.12282    
 2069   17.40097    
 2070   17.32900    
 2071   17.40210    
 2072   17.61509    
 2073   17.53939    
 2074   17.65311    
 2075   17.83604    
 2076   17.75254    
 2077   17.79660    
 2078   17.90262    
 2079   18.04752    
 2080   18.08311    
 2081   18.01117    
 2082   18.19914    
 2083   18.37272    
 2084   18.19997    
 2085   18.46993    
 2086   18.60884    
 2087   18.29887    
 2088   18.47117    
 2089   18.65900    
 2090   18.51353    
 2091   18.72908    
 2092   18.70244    
 2093   18.66987    
 2094   18.88380    
 2095   18.86327    
 2096   18.91140    
 2097   19.11499    
 2098   19.17387    
 2099   19.00128    
 2100   19.32953    
