# daily2longer    1 mea
# <a href=http://cmip-pcmdi.llnl.gov/cmip5/>CMIP5</a> global mean temperature computed at <a href=http://www.knmi.nl/selectfield_cmip5.cgi?someone@somewhere>KNMI Climate Explorer</a> tas_Amon_MPI-ESM-MR_rcp85_r1i1p1
# cutting out region lon=   -0.938  359.062, lat=  -89.497   89.497
# file :: /data/storage/climexp/data/iglobal_tas_Amon_mod_rcp85_035.dat
# description :: CMIP5 RCP85 models Tglobal
# comment :: <a href=http://cmip-pcmdi.llnl.gov/cmip5/>CMIP5</a> global mean temperature computed at <a href=http://www.knmi.nl/selectfield_cmip5.cgi?someone@somewhere>KNMI Climate Explorer</a> tas_Amon_MPI-ESM-MR_rcp85_r1i1p1, cutting out region lon=   -0.938  359.062, lat=  -89.497   89.497, via the KNMI Climate Explorer (http://climexp.knmi.nl)
# institution :: KNMI Climate Explorer
# history ::  2018-05-21  9:37:04 bin/selectyear 1850 2100 data/iglobal_tas_Amon_mod_rcp85_035.dat global_tas_Amon_mod_rcp85_+++_1850:2100\n 2018-05-17 23:24:05 dat2nc ./data/iglobal_tas_Amon_mod_rcp85_035.dat i CMIP5_RCP85_models_Tglobal ./data/iglobal_tas_Amon_mod_rcp85_035.nc n
# tas [Celsius] from MPI-ESM-MR model output prepared for CMIP5 RCP8.5 r1i1p1
 1850   13.73194    
 1851   13.76976    
 1852   13.76731    
 1853   13.77799    
 1854   13.79906    
 1855   13.75961    
 1856   13.56600    
 1857   13.41115    
 1858   13.55501    
 1859   13.61963    
 1860   13.62561    
 1861   13.50692    
 1862   13.67510    
 1863   13.64232    
 1864   13.75375    
 1865   13.89682    
 1866   13.92183    
 1867   13.77888    
 1868   13.59905    
 1869   13.50163    
 1870   13.71080    
 1871   13.72954    
 1872   13.63734    
 1873   13.76173    
 1874   13.85181    
 1875   13.83576    
 1876   13.61726    
 1877   13.63116    
 1878   13.61716    
 1879   13.61873    
 1880   13.69990    
 1881   13.68682    
 1882   13.71019    
 1883   13.65178    
 1884   13.46297    
 1885   13.40775    
 1886   13.38326    
 1887   13.42108    
 1888   13.32815    
 1889   13.33589    
 1890   13.33784    
 1891   13.33563    
 1892   13.50398    
 1893   13.63273    
 1894   13.55047    
 1895   13.65423    
 1896   13.71116    
 1897   13.62279    
 1898   13.51195    
 1899   13.52918    
 1900   13.61754    
 1901   13.75579    
 1902   13.78468    
 1903   13.62948    
 1904   13.55762    
 1905   13.58263    
 1906   13.65092    
 1907   13.55930    
 1908   13.48364    
 1909   13.53149    
 1910   13.60985    
 1911   13.62667    
 1912   13.69312    
 1913   13.68604    
 1914   13.79578    
 1915   13.71083    
 1916   13.48567    
 1917   13.53314    
 1918   13.60406    
 1919   13.72694    
 1920   13.90719    
 1921   13.84222    
 1922   13.86174    
 1923   13.79111    
 1924   13.89701    
 1925   13.91060    
 1926   13.94791    
 1927   13.91587    
 1928   13.94903    
 1929   13.89540    
 1930   13.95275    
 1931   13.84135    
 1932   13.77646    
 1933   13.80452    
 1934   13.82981    
 1935   13.92159    
 1936   13.78733    
 1937   13.72717    
 1938   13.84979    
 1939   13.96048    
 1940   13.82209    
 1941   13.83072    
 1942   13.77295    
 1943   13.79842    
 1944   13.94349    
 1945   13.94415    
 1946   13.97193    
 1947   13.93524    
 1948   13.90395    
 1949   13.97358    
 1950   13.86100    
 1951   13.83290    
 1952   13.92709    
 1953   14.07023    
 1954   14.04320    
 1955   13.96635    
 1956   14.00006    
 1957   13.96121    
 1958   14.01770    
 1959   13.87172    
 1960   13.87577    
 1961   14.05390    
 1962   14.16331    
 1963   13.94931    
 1964   13.69366    
 1965   13.54874    
 1966   13.77867    
 1967   13.98815    
 1968   13.98791    
 1969   13.95116    
 1970   14.00689    
 1971   14.06546    
 1972   14.19487    
 1973   14.10763    
 1974   14.13602    
 1975   14.30367    
 1976   14.08849    
 1977   13.94947    
 1978   14.13308    
 1979   14.06593    
 1980   14.12775    
 1981   14.19048    
 1982   14.16922    
 1983   14.03012    
 1984   14.07453    
 1985   14.20345    
 1986   14.19127    
 1987   14.22937    
 1988   14.19970    
 1989   14.40199    
 1990   14.49705    
 1991   14.47416    
 1992   14.22247    
 1993   14.30100    
 1994   14.38056    
 1995   14.38940    
 1996   14.49212    
 1997   14.71969    
 1998   14.58845    
 1999   14.62316    
 2000   14.70140    
 2001   14.76027    
 2002   14.72686    
 2003   14.64279    
 2004   14.68727    
 2005   14.69711    
 2006   14.81464    
 2007   14.70552    
 2008   14.68533    
 2009   14.78251    
 2010   14.71052    
 2011   14.74960    
 2012   14.88667    
 2013   14.86009    
 2014   14.98569    
 2015   15.00943    
 2016   15.11965    
 2017   15.32096    
 2018   15.09346    
 2019   15.00636    
 2020   15.04729    
 2021   15.18949    
 2022   15.34409    
 2023   15.26427    
 2024   15.25371    
 2025   15.10951    
 2026   15.24398    
 2027   15.37692    
 2028   15.34246    
 2029   15.51596    
 2030   15.42851    
 2031   15.28098    
 2032   15.44985    
 2033   15.42398    
 2034   15.35623    
 2035   15.38282    
 2036   15.45282    
 2037   15.45776    
 2038   15.44223    
 2039   15.57826    
 2040   15.70085    
 2041   15.74208    
 2042   15.80105    
 2043   15.82497    
 2044   16.00641    
 2045   15.95610    
 2046   15.92755    
 2047   15.83054    
 2048   15.82700    
 2049   16.01568    
 2050   16.11575    
 2051   16.13163    
 2052   16.19277    
 2053   16.45494    
 2054   16.37898    
 2055   16.22898    
 2056   16.31426    
 2057   16.37424    
 2058   16.46704    
 2059   16.76767    
 2060   16.69456    
 2061   16.53477    
 2062   16.90837    
 2063   16.92626    
 2064   16.83091    
 2065   16.78164    
 2066   16.96478    
 2067   16.93960    
 2068   16.76875    
 2069   17.10868    
 2070   17.11553    
 2071   17.21077    
 2072   17.22208    
 2073   17.23243    
 2074   17.32783    
 2075   17.36928    
 2076   17.26147    
 2077   17.49473    
 2078   17.63209    
 2079   17.56465    
 2080   17.33971    
 2081   17.49814    
 2082   17.62613    
 2083   17.49817    
 2084   17.50407    
 2085   17.68801    
 2086   17.79603    
 2087   17.91715    
 2088   17.76726    
 2089   17.83574    
 2090   17.98785    
 2091   18.24467    
 2092   18.24574    
 2093   18.06587    
 2094   17.99080    
 2095   18.03842    
 2096   18.30284    
 2097   18.59376    
 2098   18.78853    
 2099   18.46755    
 2100   18.51135    
