# daily2longer    1 mea
# <a href=http://cmip-pcmdi.llnl.gov/cmip5/>CMIP5</a> global mean temperature computed at <a href=http://www.knmi.nl/selectfield_cmip5.cgi?someone@somewhere>KNMI Climate Explorer</a> tas_Amon_GFDL-CM3_rcp85_r1i1p1
# cutting out region lon=    0.000  360.000, lat=  -90.000   90.000
# file :: /data/storage/climexp/data/iglobal_tas_Amon_mod_rcp85_015.dat
# description :: CMIP5 RCP85 models Tglobal
# comment :: <a href=http://cmip-pcmdi.llnl.gov/cmip5/>CMIP5</a> global mean temperature computed at <a href=http://www.knmi.nl/selectfield_cmip5.cgi?someone@somewhere>KNMI Climate Explorer</a> tas_Amon_GFDL-CM3_rcp85_r1i1p1, cutting out region lon=    0.000  360.000, lat=  -90.000   90.000, via the KNMI Climate Explorer (http://climexp.knmi.nl)
# institution :: KNMI Climate Explorer
# history ::  2018-05-21  9:37:04 bin/selectyear 1850 2100 data/iglobal_tas_Amon_mod_rcp85_015.dat global_tas_Amon_mod_rcp85_+++_1850:2100\n 2018-05-17 23:24:04 dat2nc ./data/iglobal_tas_Amon_mod_rcp85_015.dat i CMIP5_RCP85_models_Tglobal ./data/iglobal_tas_Amon_mod_rcp85_015.nc n
# tas [Celsius] from NOAA GFDL GFDL-CM3, RCP8.5 (run 1) experiment output for CMIP5 AR5 r1i1p1
 1860   13.51191    
 1861   13.47113    
 1862   13.48010    
 1863   13.26129    
 1864   13.40325    
 1865   13.51959    
 1866   13.31182    
 1867   13.38376    
 1868   13.51337    
 1869   13.58733    
 1870   13.47287    
 1871   13.63944    
 1872   13.54310    
 1873   13.61534    
 1874   13.63585    
 1875   13.78973    
 1876   13.72153    
 1877   13.41107    
 1878   13.58673    
 1879   13.68286    
 1880   13.62493    
 1881   13.56594    
 1882   13.71799    
 1883   13.68812    
 1884   13.34423    
 1885   13.07286    
 1886   13.19320    
 1887   13.17714    
 1888   13.39828    
 1889   13.27247    
 1890   13.07387    
 1891   13.08378    
 1892   13.14721    
 1893   13.35472    
 1894   13.25794    
 1895   13.42193    
 1896   13.41948    
 1897   13.25660    
 1898   13.38183    
 1899   13.44332    
 1900   13.51202    
 1901   13.37504    
 1902   13.30265    
 1903   13.19439    
 1904   13.24677    
 1905   13.28806    
 1906   13.24184    
 1907   13.38438    
 1908   13.53469    
 1909   13.38244    
 1910   13.46206    
 1911   13.61836    
 1912   13.28867    
 1913   13.19462    
 1914   13.23021    
 1915   13.44422    
 1916   13.34252    
 1917   13.37537    
 1918   13.34300    
 1919   13.20181    
 1920   13.51649    
 1921   13.55720    
 1922   13.51772    
 1923   13.60378    
 1924   13.58307    
 1925   13.67309    
 1926   13.48687    
 1927   13.48298    
 1928   13.56335    
 1929   13.42885    
 1930   13.42323    
 1931   13.55427    
 1932   13.54910    
 1933   13.45249    
 1934   13.60337    
 1935   13.71334    
 1936   13.54756    
 1937   13.56643    
 1938   13.79946    
 1939   13.53065    
 1940   13.55203    
 1941   13.62676    
 1942   13.74493    
 1943   13.63164    
 1944   13.71995    
 1945   13.85017    
 1946   13.68209    
 1947   13.75111    
 1948   13.59923    
 1949   13.73561    
 1950   13.52666    
 1951   13.72161    
 1952   13.68179    
 1953   13.61296    
 1954   13.74277    
 1955   13.72522    
 1956   13.95616    
 1957   13.89468    
 1958   13.60351    
 1959   13.62003    
 1960   13.56015    
 1961   13.56822    
 1962   13.47510    
 1963   13.36289    
 1964   13.08857    
 1965   13.09978    
 1966   13.00307    
 1967   13.10568    
 1968   13.15723    
 1969   13.11521    
 1970   13.18959    
 1971   13.22059    
 1972   13.27759    
 1973   13.33727    
 1974   13.43181    
 1975   13.43552    
 1976   13.24142    
 1977   13.31820    
 1978   13.54656    
 1979   13.79966    
 1980   13.72018    
 1981   13.57712    
 1982   13.64008    
 1983   13.32041    
 1984   13.52141    
 1985   13.53685    
 1986   13.49045    
 1987   13.73658    
 1988   13.74508    
 1989   13.78497    
 1990   13.77201    
 1991   13.70832    
 1992   13.53495    
 1993   13.46999    
 1994   13.51749    
 1995   13.60662    
 1996   13.79083    
 1997   13.97987    
 1998   13.84759    
 1999   14.00942    
 2000   14.00274    
 2001   14.07089    
 2002   14.19271    
 2003   14.19693    
 2004   14.07643    
 2005   14.17747    
 2006   14.49004    
 2007   14.36366    
 2008   14.48613    
 2009   14.51881    
 2010   14.35770    
 2011   14.34116    
 2012   14.61337    
 2013   14.76058    
 2014   14.47037    
 2015   14.44637    
 2016   14.68379    
 2017   14.75110    
 2018   14.74419    
 2019   14.80119    
 2020   14.84777    
 2021   14.73692    
 2022   14.91023    
 2023   14.95109    
 2024   14.79319    
 2025   14.97178    
 2026   15.16461    
 2027   15.16851    
 2028   15.05850    
 2029   15.34868    
 2030   15.49443    
 2031   15.30932    
 2032   15.47637    
 2033   15.36906    
 2034   15.31849    
 2035   15.58838    
 2036   15.45847    
 2037   15.51632    
 2038   15.56271    
 2039   15.55845    
 2040   15.60000    
 2041   15.70132    
 2042   15.59725    
 2043   15.87571    
 2044   15.89158    
 2045   15.82677    
 2046   15.92875    
 2047   15.97567    
 2048   16.15720    
 2049   15.88448    
 2050   16.11767    
 2051   16.29404    
 2052   16.28767    
 2053   16.43162    
 2054   16.26957    
 2055   16.69388    
 2056   16.62579    
 2057   16.60276    
 2058   16.73297    
 2059   16.65086    
 2060   16.67225    
 2061   16.88354    
 2062   16.97316    
 2063   17.00651    
 2064   16.92136    
 2065   17.14866    
 2066   17.11072    
 2067   17.43919    
 2068   17.42359    
 2069   17.27009    
 2070   17.46533    
 2071   17.64097    
 2072   17.46557    
 2073   17.57499    
 2074   17.66844    
 2075   17.61396    
 2076   17.76727    
 2077   17.91702    
 2078   17.71457    
 2079   17.92530    
 2080   17.98638    
 2081   17.80921    
 2082   18.13230    
 2083   18.22276    
 2084   18.15003    
 2085   18.34944    
 2086   18.40020    
 2087   18.26222    
 2088   18.41312    
 2089   18.58622    
 2090   18.43205    
 2091   18.54209    
 2092   18.59085    
 2093   18.67155    
 2094   18.70338    
 2095   18.89070    
 2096   18.81855    
 2097   18.87037    
 2098   19.06245    
 2099   19.04604    
 2100   19.07173    
