# daily2longer    1 mea
# <a href=http://cmip-pcmdi.llnl.gov/cmip5/>CMIP5</a> global mean temperature computed at <a href=http://www.knmi.nl/selectfield_cmip5.cgi?someone@somewhere>KNMI Climate Explorer</a> tas_Amon_ACCESS1-0_rcp85_r1i1p1
# cutting out region lon=   -0.938  359.062, lat=  -90.000   90.000
# file :: /data/storage/climexp/data/iglobal_tas_Amon_mod_rcp85_000.dat
# description :: CMIP5 RCP85 models Tglobal
# comment :: <a href=http://cmip-pcmdi.llnl.gov/cmip5/>CMIP5</a> global mean temperature computed at <a href=http://www.knmi.nl/selectfield_cmip5.cgi?someone@somewhere>KNMI Climate Explorer</a> tas_Amon_ACCESS1-0_rcp85_r1i1p1, cutting out region lon=   -0.938  359.062, lat=  -90.000   90.000, via the KNMI Climate Explorer (http://climexp.knmi.nl)
# institution :: KNMI Climate Explorer
# history ::  2018-05-21  9:37:03 bin/selectyear 1850 2100 data/iglobal_tas_Amon_mod_rcp85_000.dat global_tas_Amon_mod_rcp85_+++_1850:2100\n 2018-04-23  3:19:41 dat2nc ./data/iglobal_tas_Amon_mod_rcp85_000.dat i CMIP5_RCP85_models_Tglobal ./data/iglobal_tas_Amon_mod_rcp85_000.nc n
# tas [Celsius] from ACCESS1-0 model output prepared for CMIP5 RCP8.5 r1i1p1
 1850   13.73841    
 1851   13.63097    
 1852   13.65142    
 1853   13.84329    
 1854   13.88356    
 1855   13.84682    
 1856   13.77634    
 1857   13.70611    
 1858   13.66354    
 1859   13.61264    
 1860   13.75774    
 1861   13.71620    
 1862   13.66861    
 1863   13.78441    
 1864   13.79676    
 1865   13.69495    
 1866   13.60051    
 1867   13.75045    
 1868   13.69230    
 1869   13.85582    
 1870   13.72731    
 1871   13.76868    
 1872   13.65158    
 1873   13.70224    
 1874   13.81118    
 1875   13.74166    
 1876   13.68853    
 1877   13.64488    
 1878   13.80816    
 1879   13.81658    
 1880   13.67648    
 1881   13.61701    
 1882   13.70867    
 1883   13.43045    
 1884   13.29875    
 1885   13.37200    
 1886   13.31943    
 1887   13.56011    
 1888   13.56547    
 1889   13.37156    
 1890   13.40227    
 1891   13.33584    
 1892   13.54541    
 1893   13.48877    
 1894   13.53541    
 1895   13.52245    
 1896   13.48728    
 1897   13.67105    
 1898   13.80576    
 1899   13.78492    
 1900   13.73933    
 1901   13.75489    
 1902   13.69888    
 1903   13.64203    
 1904   13.66340    
 1905   13.62717    
 1906   13.55398    
 1907   13.64783    
 1908   13.64489    
 1909   13.75911    
 1910   13.73243    
 1911   13.51442    
 1912   13.63273    
 1913   13.51456    
 1914   13.65323    
 1915   13.72805    
 1916   13.76183    
 1917   13.86509    
 1918   13.81376    
 1919   13.92846    
 1920   13.83949    
 1921   13.74633    
 1922   13.83567    
 1923   13.94735    
 1924   13.94990    
 1925   13.78907    
 1926   13.89387    
 1927   13.86412    
 1928   13.91379    
 1929   13.87713    
 1930   13.83754    
 1931   13.83708    
 1932   13.74709    
 1933   13.72568    
 1934   13.66331    
 1935   13.66838    
 1936   13.60325    
 1937   13.72092    
 1938   13.67929    
 1939   13.75006    
 1940   13.67164    
 1941   13.71862    
 1942   13.84313    
 1943   13.84344    
 1944   13.78339    
 1945   13.82771    
 1946   13.98350    
 1947   13.96675    
 1948   13.90257    
 1949   14.00466    
 1950   14.03345    
 1951   14.07708    
 1952   13.96489    
 1953   13.96790    
 1954   13.86446    
 1955   13.98055    
 1956   13.98479    
 1957   13.91319    
 1958   13.90805    
 1959   13.77109    
 1960   13.79453    
 1961   13.99321    
 1962   13.92836    
 1963   13.82375    
 1964   13.59611    
 1965   13.69700    
 1966   13.68713    
 1967   13.64699    
 1968   13.70792    
 1969   13.83457    
 1970   13.71912    
 1971   13.77531    
 1972   13.86772    
 1973   13.84088    
 1974   13.81214    
 1975   13.81422    
 1976   14.00006    
 1977   13.99911    
 1978   14.06573    
 1979   13.96882    
 1980   13.96308    
 1981   13.96623    
 1982   13.96213    
 1983   13.81089    
 1984   13.86738    
 1985   13.82972    
 1986   13.81847    
 1987   14.02488    
 1988   14.05292    
 1989   14.18161    
 1990   14.14588    
 1991   14.08323    
 1992   13.79564    
 1993   13.93431    
 1994   14.08280    
 1995   14.10674    
 1996   14.16503    
 1997   14.18518    
 1998   14.29158    
 1999   14.40372    
 2000   14.42376    
 2001   14.37473    
 2002   14.40715    
 2003   14.37124    
 2004   14.56349    
 2005   14.46035    
 2006   14.35631    
 2007   14.47761    
 2008   14.49271    
 2009   14.53554    
 2010   14.39066    
 2011   14.54125    
 2012   14.55885    
 2013   14.62377    
 2014   14.70447    
 2015   14.67773    
 2016   14.67376    
 2017   14.79536    
 2018   14.69876    
 2019   14.77428    
 2020   14.88141    
 2021   14.91785    
 2022   14.97061    
 2023   15.15172    
 2024   15.06697    
 2025   15.10101    
 2026   15.22698    
 2027   15.28907    
 2028   15.29296    
 2029   15.48019    
 2030   15.28366    
 2031   15.26452    
 2032   15.27127    
 2033   15.26059    
 2034   15.33393    
 2035   15.47844    
 2036   15.31538    
 2037   15.46191    
 2038   15.43570    
 2039   15.49405    
 2040   15.65713    
 2041   15.73951    
 2042   15.70983    
 2043   15.75528    
 2044   15.68567    
 2045   15.83435    
 2046   16.01454    
 2047   16.17750    
 2048   16.23052    
 2049   16.04074    
 2050   16.16239    
 2051   16.13392    
 2052   16.31499    
 2053   16.48272    
 2054   16.49049    
 2055   16.39961    
 2056   16.52883    
 2057   16.56275    
 2058   16.55449    
 2059   16.51477    
 2060   16.59050    
 2061   16.79680    
 2062   16.73350    
 2063   16.62431    
 2064   16.73603    
 2065   16.83256    
 2066   16.93547    
 2067   16.98370    
 2068   16.98279    
 2069   17.09589    
 2070   17.00148    
 2071   17.12883    
 2072   17.19861    
 2073   17.20614    
 2074   17.26015    
 2075   17.43925    
 2076   17.52347    
 2077   17.35148    
 2078   17.40384    
 2079   17.76844    
 2080   17.74790    
 2081   17.71105    
 2082   17.64941    
 2083   17.63838    
 2084   17.80819    
 2085   17.97409    
 2086   18.02558    
 2087   18.10607    
 2088   18.07326    
 2089   18.19393    
 2090   18.38596    
 2091   18.40660    
 2092   18.38417    
 2093   18.38502    
 2094   18.64712    
 2095   18.57587    
 2096   18.69922    
 2097   18.76013    
 2098   18.78796    
 2099   18.72810    
 2100   18.77924    
