# daily2longer    1 mea
# ensemble mea of file global_tas_Amon_EC-EARTH_rcp85_%%.dat
# using members   0 to   7
# <a href=http://cmip-pcmdi.llnl.gov/cmip5/>CMIP5</a> global mean temperature computed at <a href=http://www.knmi.nl/selectfield_cmip5.cgi?someone@somewhere>KNMI Climate Explorer</a> tas_Amon_EC-EARTH_rcp85_r11i1p1
# cutting out region lon=   -0.562  359.438, lat=  -89.698   89.698
# file :: /data/storage/climexp/data/iglobal_tas_Amon_mod_rcp85_012.dat
# description :: CMIP5 RCP85 models Tglobal
# comment :: ensemble mea of file global_tas_Amon_EC-EARTH_rcp85_%%.dat, using members   0 to   7, <a href=http://cmip-pcmdi.llnl.gov/cmip5/>CMIP5</a> global mean temperature computed at <a href=http://www.knmi.nl/selectfield_cmip5.cgi?someone@somewhere>KNMI Climate Explorer</a> tas_Amon_EC-EARTH_rcp85_r11i1p1, cutting out region lon=   -0.562  359.438, lat=  -89.698   89.698, via the KNMI Climate Explorer (http://climexp.knmi.nl)
# institution :: KNMI Climate Explorer
# history ::  2018-05-21  9:37:03 bin/selectyear 1850 2100 data/iglobal_tas_Amon_mod_rcp85_012.dat global_tas_Amon_mod_rcp85_+++_1850:2100\n 2018-05-17 23:24:04 dat2nc ./data/iglobal_tas_Amon_mod_rcp85_012.dat i CMIP5_RCP85_models_Tglobal ./data/iglobal_tas_Amon_mod_rcp85_012.nc n
# tas [Celsius] from EC-EARTH model output prepared for CMIP5 RCP8.5 r11i1p1
 1850   12.55472    
 1851   12.55671    
 1852   12.52877    
 1853   12.54384    
 1854   12.51070    
 1855   12.53325    
 1856   12.41311    
 1857   12.29187    
 1858   12.34797    
 1859   12.40348    
 1860   12.43926    
 1861   12.43613    
 1862   12.43947    
 1863   12.47732    
 1864   12.45584    
 1865   12.48700    
 1866   12.48222    
 1867   12.47248    
 1868   12.46818    
 1869   12.46870    
 1870   12.49147    
 1871   12.45762    
 1872   12.45679    
 1873   12.50786    
 1874   12.53785    
 1875   12.54902    
 1876   12.50795    
 1877   12.48514    
 1878   12.57723    
 1879   12.60055    
 1880   12.54224    
 1881   12.56328    
 1882   12.55625    
 1883   12.46848    
 1884   12.18593    
 1885   12.17039    
 1886   12.26527    
 1887   12.25477    
 1888   12.28065    
 1889   12.29998    
 1890   12.27039    
 1891   12.28332    
 1892   12.30780    
 1893   12.41774    
 1894   12.48946    
 1895   12.53920    
 1896   12.47579    
 1897   12.44765    
 1898   12.44317    
 1899   12.43645    
 1900   12.46183    
 1901   12.48015    
 1902   12.50046    
 1903   12.36534    
 1904   12.32490    
 1905   12.40914    
 1906   12.44876    
 1907   12.48339    
 1908   12.49509    
 1909   12.53217    
 1910   12.48921    
 1911   12.50558    
 1912   12.48012    
 1913   12.38692    
 1914   12.44495    
 1915   12.56725    
 1916   12.65046    
 1917   12.61288    
 1918   12.66779    
 1919   12.68249    
 1920   12.67673    
 1921   12.69688    
 1922   12.69927    
 1923   12.66146    
 1924   12.68734    
 1925   12.71348    
 1926   12.73999    
 1927   12.78867    
 1928   12.77500    
 1929   12.78126    
 1930   12.75622    
 1931   12.76736    
 1932   12.76085    
 1933   12.70982    
 1934   12.73165    
 1935   12.74031    
 1936   12.76175    
 1937   12.75690    
 1938   12.74010    
 1939   12.77103    
 1940   12.74137    
 1941   12.80394    
 1942   12.81110    
 1943   12.82428    
 1944   12.83142    
 1945   12.77866    
 1946   12.76908    
 1947   12.76682    
 1948   12.78701    
 1949   12.84128    
 1950   12.82933    
 1951   12.83686    
 1952   12.80388    
 1953   12.76700    
 1954   12.83407    
 1955   12.86387    
 1956   12.82166    
 1957   12.85379    
 1958   12.85358    
 1959   12.91468    
 1960   12.90795    
 1961   12.89834    
 1962   12.87935    
 1963   12.81716    
 1964   12.73314    
 1965   12.74507    
 1966   12.75502    
 1967   12.85288    
 1968   12.82580    
 1969   12.75484    
 1970   12.83003    
 1971   12.86480    
 1972   12.91632    
 1973   12.93458    
 1974   12.95320    
 1975   12.92161    
 1976   12.96061    
 1977   13.05612    
 1978   13.12913    
 1979   13.14817    
 1980   13.14906    
 1981   13.13996    
 1982   13.09731    
 1983   12.99156    
 1984   13.05000    
 1985   13.11606    
 1986   13.12023    
 1987   13.16914    
 1988   13.22074    
 1989   13.26091    
 1990   13.29186    
 1991   13.24415    
 1992   13.06782    
 1993   13.13549    
 1994   13.21339    
 1995   13.27036    
 1996   13.23281    
 1997   13.31333    
 1998   13.36620    
 1999   13.39487    
 2000   13.47257    
 2001   13.51055    
 2002   13.52142    
 2003   13.59514    
 2004   13.58920    
 2005   13.59336    
 2006   13.60111    
 2007   13.60516    
 2008   13.62181    
 2009   13.67102    
 2010   13.64005    
 2011   13.70273    
 2012   13.70265    
 2013   13.77970    
 2014   13.79825    
 2015   13.84071    
 2016   13.86466    
 2017   13.86135    
 2018   13.90562    
 2019   13.89910    
 2020   13.90524    
 2021   13.93233    
 2022   13.94384    
 2023   14.00544    
 2024   14.02450    
 2025   14.08359    
 2026   14.12235    
 2027   14.17022    
 2028   14.26180    
 2029   14.25330    
 2030   14.27868    
 2031   14.24868    
 2032   14.28544    
 2033   14.33357    
 2034   14.35639    
 2035   14.37919    
 2036   14.38642    
 2037   14.42762    
 2038   14.46571    
 2039   14.50301    
 2040   14.51910    
 2041   14.64712    
 2042   14.63009    
 2043   14.66032    
 2044   14.74717    
 2045   14.75885    
 2046   14.71175    
 2047   14.75994    
 2048   14.79972    
 2049   14.88336    
 2050   14.92395    
 2051   14.92931    
 2052   14.94532    
 2053   15.04431    
 2054   15.15176    
 2055   15.15273    
 2056   15.15115    
 2057   15.26608    
 2058   15.35858    
 2059   15.36758    
 2060   15.34942    
 2061   15.36471    
 2062   15.43553    
 2063   15.49786    
 2064   15.54577    
 2065   15.68132    
 2066   15.61162    
 2067   15.68269    
 2068   15.71533    
 2069   15.82780    
 2070   15.78102    
 2071   15.78921    
 2072   15.80109    
 2073   15.92542    
 2074   15.97036    
 2075   16.05636    
 2076   15.99674    
 2077   16.01544    
 2078   16.15324    
 2079   16.25527    
 2080   16.23857    
 2081   16.20812    
 2082   16.34934    
 2083   16.43246    
 2084   16.44800    
 2085   16.44166    
 2086   16.46373    
 2087   16.54144    
 2088   16.67253    
 2089   16.64211    
 2090   16.68551    
 2091   16.69543    
 2092   16.81590    
 2093   16.89703    
 2094   16.87450    
 2095   16.93317    
 2096   16.93652    
 2097   16.90735    
 2098   16.95482    
 2099   16.93171    
 2100   17.04440    
