# daily2longer    1 mea
# ensemble mea of file global_tas_Amon_CanESM2_rcp85_%%.dat
# using members   0 to   4
# <a href=http://cmip-pcmdi.llnl.gov/cmip5/>CMIP5</a> global mean temperature computed at <a href=http://www.knmi.nl/selectfield_cmip5.cgi?someone@somewhere>KNMI Climate Explorer</a> tas_Amon_CanESM2_rcp85_r1i1p1
# cutting out region lon=   -1.406  358.594, lat=  -89.247   89.247
# file :: /data/storage/climexp/data/iglobal_tas_Amon_mod_rcp85_004.dat
# description :: CMIP5 RCP85 models Tglobal
# comment :: ensemble mea of file global_tas_Amon_CanESM2_rcp85_%%.dat, using members   0 to   4, <a href=http://cmip-pcmdi.llnl.gov/cmip5/>CMIP5</a> global mean temperature computed at <a href=http://www.knmi.nl/selectfield_cmip5.cgi?someone@somewhere>KNMI Climate Explorer</a> tas_Amon_CanESM2_rcp85_r1i1p1, cutting out region lon=   -1.406  358.594, lat=  -89.247   89.247, via the KNMI Climate Explorer (http://climexp.knmi.nl)
# institution :: KNMI Climate Explorer
# history ::  2018-05-21  9:37:03 bin/selectyear 1850 2100 data/iglobal_tas_Amon_mod_rcp85_004.dat global_tas_Amon_mod_rcp85_+++_1850:2100\n 2018-05-17 23:24:03 dat2nc ./data/iglobal_tas_Amon_mod_rcp85_004.dat i CMIP5_RCP85_models_Tglobal ./data/iglobal_tas_Amon_mod_rcp85_004.nc n
# tas [Celsius] from CanESM2 model output prepared for CMIP5 RCP8.5 r1i1p1
 1850   13.69320    
 1851   13.69433    
 1852   13.73907    
 1853   13.75048    
 1854   13.87157    
 1855   13.79693    
 1856   13.63711    
 1857   13.60186    
 1858   13.61123    
 1859   13.60107    
 1860   13.67931    
 1861   13.72569    
 1862   13.68857    
 1863   13.61700    
 1864   13.58404    
 1865   13.58394    
 1866   13.62224    
 1867   13.69482    
 1868   13.68297    
 1869   13.74505    
 1870   13.79295    
 1871   13.69836    
 1872   13.77852    
 1873   13.69232    
 1874   13.76455    
 1875   13.72607    
 1876   13.71564    
 1877   13.77730    
 1878   13.76817    
 1879   13.74407    
 1880   13.79402    
 1881   13.85650    
 1882   13.77703    
 1883   13.71747    
 1884   13.60488    
 1885   13.46666    
 1886   13.33461    
 1887   13.42939    
 1888   13.49041    
 1889   13.51951    
 1890   13.48368    
 1891   13.53831    
 1892   13.52304    
 1893   13.60619    
 1894   13.58427    
 1895   13.62669    
 1896   13.62374    
 1897   13.58716    
 1898   13.68615    
 1899   13.62285    
 1900   13.68031    
 1901   13.68222    
 1902   13.58396    
 1903   13.50206    
 1904   13.54485    
 1905   13.49148    
 1906   13.59925    
 1907   13.68387    
 1908   13.70113    
 1909   13.67267    
 1910   13.70594    
 1911   13.71409    
 1912   13.80049    
 1913   13.68245    
 1914   13.60521    
 1915   13.73063    
 1916   13.79983    
 1917   13.87102    
 1918   13.85631    
 1919   13.95527    
 1920   13.91592    
 1921   13.83511    
 1922   13.86477    
 1923   13.92535    
 1924   13.81826    
 1925   13.72984    
 1926   13.81020    
 1927   13.84238    
 1928   13.90057    
 1929   13.88106    
 1930   13.86258    
 1931   13.85289    
 1932   13.86947    
 1933   13.85134    
 1934   13.82491    
 1935   13.89240    
 1936   13.91833    
 1937   13.96906    
 1938   14.02768    
 1939   13.92654    
 1940   13.84207    
 1941   13.96303    
 1942   13.94283    
 1943   13.89218    
 1944   13.82387    
 1945   13.92543    
 1946   13.85588    
 1947   13.94258    
 1948   13.88756    
 1949   13.94487    
 1950   13.93006    
 1951   13.98370    
 1952   13.94093    
 1953   13.94167    
 1954   13.95117    
 1955   13.94345    
 1956   13.89683    
 1957   13.88410    
 1958   13.83934    
 1959   13.91516    
 1960   13.93748    
 1961   13.95824    
 1962   13.88272    
 1963   13.78262    
 1964   13.71101    
 1965   13.69698    
 1966   13.68431    
 1967   13.68059    
 1968   13.77371    
 1969   13.74323    
 1970   13.74795    
 1971   13.85402    
 1972   13.79111    
 1973   13.97948    
 1974   14.03492    
 1975   13.89526    
 1976   13.94427    
 1977   13.97786    
 1978   13.98822    
 1979   13.97102    
 1980   14.12331    
 1981   14.17836    
 1982   14.09131    
 1983   13.89983    
 1984   13.95150    
 1985   14.08441    
 1986   14.14547    
 1987   14.12421    
 1988   14.27680    
 1989   14.31845    
 1990   14.34140    
 1991   14.32968    
 1992   14.09157    
 1993   14.12492    
 1994   14.18292    
 1995   14.27951    
 1996   14.45794    
 1997   14.47507    
 1998   14.52652    
 1999   14.60462    
 2000   14.65053    
 2001   14.57351    
 2002   14.67597    
 2003   14.78096    
 2004   14.78662    
 2005   14.89065    
 2006   14.92418    
 2007   14.91236    
 2008   14.92325    
 2009   15.03847    
 2010   15.06982    
 2011   15.04512    
 2012   15.07118    
 2013   15.12167    
 2014   15.15512    
 2015   15.24718    
 2016   15.27661    
 2017   15.23105    
 2018   15.26076    
 2019   15.36283    
 2020   15.38056    
 2021   15.39745    
 2022   15.52345    
 2023   15.54422    
 2024   15.59587    
 2025   15.60514    
 2026   15.62027    
 2027   15.78335    
 2028   15.74258    
 2029   15.74247    
 2030   15.80307    
 2031   15.83526    
 2032   15.98963    
 2033   15.93294    
 2034   15.94076    
 2035   15.97806    
 2036   15.99707    
 2037   16.13598    
 2038   16.13689    
 2039   16.16402    
 2040   16.23485    
 2041   16.25176    
 2042   16.36340    
 2043   16.41664    
 2044   16.50891    
 2045   16.48818    
 2046   16.52665    
 2047   16.66010    
 2048   16.67570    
 2049   16.69069    
 2050   16.79787    
 2051   16.88490    
 2052   16.82501    
 2053   16.80976    
 2054   16.92125    
 2055   17.03504    
 2056   17.01758    
 2057   17.09318    
 2058   17.19816    
 2059   17.25421    
 2060   17.29674    
 2061   17.29430    
 2062   17.46533    
 2063   17.47206    
 2064   17.52035    
 2065   17.52030    
 2066   17.55282    
 2067   17.67986    
 2068   17.72922    
 2069   17.72105    
 2070   17.78548    
 2071   17.85168    
 2072   17.91119    
 2073   17.94360    
 2074   18.00958    
 2075   18.10681    
 2076   18.17525    
 2077   18.17547    
 2078   18.26933    
 2079   18.42864    
 2080   18.40077    
 2081   18.40582    
 2082   18.40957    
 2083   18.56846    
 2084   18.63374    
 2085   18.60422    
 2086   18.68094    
 2087   18.81419    
 2088   18.81034    
 2089   18.92226    
 2090   18.90855    
 2091   18.99702    
 2092   19.06916    
 2093   19.19227    
 2094   19.19584    
 2095   19.22427    
 2096   19.22507    
 2097   19.36479    
 2098   19.43754    
 2099   19.49967    
 2100   19.53882    
