# daily2longer    1 mea
# ensemble mea of file global_tas_Amon_HadGEM2-ES_rcp85_%%.dat
# using members   0 to   3
# <a href=http://cmip-pcmdi.llnl.gov/cmip5/>CMIP5</a> global mean temperature computed at <a href=http://www.knmi.nl/selectfield_cmip5.cgi?someone@somewhere>KNMI Climate Explorer</a> tas_Amon_HadGEM2-ES_rcp85_r1i1p1
# cutting out region lon=   -0.938  359.062, lat=  -90.000   90.000
# file :: /data/storage/climexp/data/iglobal_tas_Amon_mod_rcp85_026.dat
# description :: CMIP5 RCP85 models Tglobal
# comment :: ensemble mea of file global_tas_Amon_HadGEM2-ES_rcp85_%%.dat, using members   0 to   3, <a href=http://cmip-pcmdi.llnl.gov/cmip5/>CMIP5</a> global mean temperature computed at <a href=http://www.knmi.nl/selectfield_cmip5.cgi?someone@somewhere>KNMI Climate Explorer</a> tas_Amon_HadGEM2-ES_rcp85_r1i1p1, cutting out region lon=   -0.938  359.062, lat=  -90.000   90.000, via the KNMI Climate Explorer (http://climexp.knmi.nl)
# institution :: KNMI Climate Explorer
# history ::  2018-05-21  9:37:04 bin/selectyear 1850 2100 data/iglobal_tas_Amon_mod_rcp85_026.dat global_tas_Amon_mod_rcp85_+++_1850:2100\n 2018-05-17 23:24:04 dat2nc ./data/iglobal_tas_Amon_mod_rcp85_026.dat i CMIP5_RCP85_models_Tglobal ./data/iglobal_tas_Amon_mod_rcp85_026.nc n
# tas [Celsius] from HadGEM2-ES model output prepared for CMIP5 RCP8.5 r1i1p1
 1860   13.69084    
 1861   13.71949    
 1862   13.72653    
 1863   13.66271    
 1864   13.68093    
 1865   13.57166    
 1866   13.51460    
 1867   13.56192    
 1868   13.55484    
 1869   13.63162    
 1870   13.61554    
 1871   13.63668    
 1872   13.71172    
 1873   13.74028    
 1874   13.73801    
 1875   13.69630    
 1876   13.65531    
 1877   13.69577    
 1878   13.70650    
 1879   13.62876    
 1880   13.56448    
 1881   13.62260    
 1882   13.62839    
 1883   13.57476    
 1884   13.37140    
 1885   13.40483    
 1886   13.42065    
 1887   13.38022    
 1888   13.48375    
 1889   13.47326    
 1890   13.46095    
 1891   13.40017    
 1892   13.46199    
 1893   13.44081    
 1894   13.47437    
 1895   13.57072    
 1896   13.66060    
 1897   13.57969    
 1898   13.57865    
 1899   13.70313    
 1900   13.67763    
 1901   13.73967    
 1902   13.67522    
 1903   13.50933    
 1904   13.44196    
 1905   13.58284    
 1906   13.60192    
 1907   13.62542    
 1908   13.60896    
 1909   13.54211    
 1910   13.63464    
 1911   13.55807    
 1912   13.51484    
 1913   13.55825    
 1914   13.61480    
 1915   13.65875    
 1916   13.74869    
 1917   13.81356    
 1918   13.76550    
 1919   13.78983    
 1920   13.79302    
 1921   13.78839    
 1922   13.78273    
 1923   13.76366    
 1924   13.82568    
 1925   13.80968    
 1926   13.79000    
 1927   13.73569    
 1928   13.77119    
 1929   13.78925    
 1930   13.77896    
 1931   13.74547    
 1932   13.75327    
 1933   13.74888    
 1934   13.75359    
 1935   13.77987    
 1936   13.80687    
 1937   13.86023    
 1938   13.89219    
 1939   13.86407    
 1940   13.75873    
 1941   13.78761    
 1942   13.84418    
 1943   13.86696    
 1944   13.90556    
 1945   13.91541    
 1946   13.89921    
 1947   13.92329    
 1948   13.96469    
 1949   13.95354    
 1950   13.90260    
 1951   13.85159    
 1952   13.81596    
 1953   13.83627    
 1954   13.79091    
 1955   13.75661    
 1956   13.83871    
 1957   13.81671    
 1958   13.75754    
 1959   13.74098    
 1960   13.67115    
 1961   13.69300    
 1962   13.69972    
 1963   13.66993    
 1964   13.52723    
 1965   13.46270    
 1966   13.45375    
 1967   13.54670    
 1968   13.66703    
 1969   13.66085    
 1970   13.62078    
 1971   13.61194    
 1972   13.72855    
 1973   13.72108    
 1974   13.74939    
 1975   13.64288    
 1976   13.63326    
 1977   13.73738    
 1978   13.71064    
 1979   13.76539    
 1980   13.79135    
 1981   13.79657    
 1982   13.76284    
 1983   13.64521    
 1984   13.75109    
 1985   13.85837    
 1986   13.87624    
 1987   13.86000    
 1988   13.86028    
 1989   13.87942    
 1990   13.92118    
 1991   13.91996    
 1992   13.69011    
 1993   13.75000    
 1994   13.85790    
 1995   13.93628    
 1996   13.93012    
 1997   13.97830    
 1998   14.11383    
 1999   14.13525    
 2000   14.19348    
 2001   14.27221    
 2002   14.31821    
 2003   14.30925    
 2004   14.28909    
 2005   14.31518    
 2006   14.37226    
 2007   14.38205    
 2008   14.48846    
 2009   14.52187    
 2010   14.57855    
 2011   14.57866    
 2012   14.55457    
 2013   14.61758    
 2014   14.66804    
 2015   14.72723    
 2016   14.80401    
 2017   14.82240    
 2018   14.83088    
 2019   14.86633    
 2020   14.93856    
 2021   14.97393    
 2022   14.98782    
 2023   15.04807    
 2024   14.96861    
 2025   15.04199    
 2026   15.12917    
 2027   15.17462    
 2028   15.20411    
 2029   15.29769    
 2030   15.33637    
 2031   15.30858    
 2032   15.37914    
 2033   15.41158    
 2034   15.44067    
 2035   15.51027    
 2036   15.57185    
 2037   15.63230    
 2038   15.71295    
 2039   15.74610    
 2040   15.75688    
 2041   15.78416    
 2042   15.76791    
 2043   15.87379    
 2044   15.91041    
 2045   16.01267    
 2046   16.05602    
 2047   16.14619    
 2048   16.21432    
 2049   16.22435    
 2050   16.35256    
 2051   16.37685    
 2052   16.43040    
 2053   16.46283    
 2054   16.56365    
 2055   16.61262    
 2056   16.68233    
 2057   16.79200    
 2058   16.88793    
 2059   17.01229    
 2060   17.03100    
 2061   16.99036    
 2062   16.99188    
 2063   17.01379    
 2064   17.03310    
 2065   17.14556    
 2066   17.25411    
 2067   17.33562    
 2068   17.43778    
 2069   17.46179    
 2070   17.54276    
 2071   17.56407    
 2072   17.59609    
 2073   17.68281    
 2074   17.70080    
 2075   17.73401    
 2076   17.84508    
 2077   17.95015    
 2078   18.06322    
 2079   18.09970    
 2080   18.24433    
 2081   18.23506    
 2082   18.25671    
 2083   18.25174    
 2084   18.27837    
 2085   18.32246    
 2086   18.50202    
 2087   18.54169    
 2088   18.61759    
 2089   18.61701    
 2090   18.71086    
 2091   18.83650    
 2092   18.82328    
 2093   18.89402    
 2094   18.85344    
 2095   18.92603    
 2096   18.91519    
 2097   19.12027    
 2098   19.14616    
 2099   19.19769    
 2100   19.17429    
