# daily2longer    1 mea
# <a href=http://cmip-pcmdi.llnl.gov/cmip5/>CMIP5</a> global mean temperature computed at <a href=http://www.knmi.nl/selectfield_cmip5.cgi?someone@somewhere>KNMI Climate Explorer</a> tas_Amon_ACCESS1-3_rcp85_r1i1p1
# cutting out region lon=   -0.938  359.062, lat=  -90.000   90.000
# file :: /data/storage/climexp/data/iglobal_tas_Amon_mod_rcp85_001.dat
# description :: CMIP5 RCP85 models Tglobal
# comment :: <a href=http://cmip-pcmdi.llnl.gov/cmip5/>CMIP5</a> global mean temperature computed at <a href=http://www.knmi.nl/selectfield_cmip5.cgi?someone@somewhere>KNMI Climate Explorer</a> tas_Amon_ACCESS1-3_rcp85_r1i1p1, cutting out region lon=   -0.938  359.062, lat=  -90.000   90.000, via the KNMI Climate Explorer (http://climexp.knmi.nl)
# institution :: KNMI Climate Explorer
# history ::  2018-05-21  9:37:03 bin/selectyear 1850 2100 data/iglobal_tas_Amon_mod_rcp85_001.dat global_tas_Amon_mod_rcp85_+++_1850:2100\n 2018-05-17 23:24:03 dat2nc ./data/iglobal_tas_Amon_mod_rcp85_001.dat i CMIP5_RCP85_models_Tglobal ./data/iglobal_tas_Amon_mod_rcp85_001.nc n
# tas [Celsius] from ACCESS1-3 model output prepared for CMIP5 RCP8.5 r1i1p1
 1850   13.97351    
 1851   14.12413    
 1852   14.03651    
 1853   14.12900    
 1854   14.25181    
 1855   14.00398    
 1856   14.06767    
 1857   14.08182    
 1858   13.89960    
 1859   13.93576    
 1860   13.92421    
 1861   13.98846    
 1862   13.92000    
 1863   13.95617    
 1864   13.99074    
 1865   14.05719    
 1866   14.07385    
 1867   13.95896    
 1868   13.91288    
 1869   14.02384    
 1870   14.14961    
 1871   14.00892    
 1872   13.98939    
 1873   14.17088    
 1874   14.11387    
 1875   14.18316    
 1876   14.27092    
 1877   14.09653    
 1878   14.02660    
 1879   14.10429    
 1880   14.06237    
 1881   14.04794    
 1882   13.99970    
 1883   13.90455    
 1884   13.81667    
 1885   13.84324    
 1886   13.71571    
 1887   13.76022    
 1888   13.76768    
 1889   13.78428    
 1890   13.76541    
 1891   13.80079    
 1892   13.80615    
 1893   13.85796    
 1894   14.05044    
 1895   14.11355    
 1896   14.09827    
 1897   14.11787    
 1898   14.08319    
 1899   14.10918    
 1900   14.01368    
 1901   14.11786    
 1902   14.03235    
 1903   13.83305    
 1904   13.83374    
 1905   13.92067    
 1906   13.81075    
 1907   13.84726    
 1908   13.96819    
 1909   13.98807    
 1910   14.05397    
 1911   14.08884    
 1912   14.03605    
 1913   13.93057    
 1914   14.08873    
 1915   14.05889    
 1916   14.09093    
 1917   14.10693    
 1918   13.96609    
 1919   14.07067    
 1920   14.34490    
 1921   14.42185    
 1922   14.23466    
 1923   14.24056    
 1924   14.19495    
 1925   14.22042    
 1926   14.10708    
 1927   14.01317    
 1928   14.05735    
 1929   14.14365    
 1930   14.13187    
 1931   13.99376    
 1932   13.99421    
 1933   14.09278    
 1934   14.11304    
 1935   14.07257    
 1936   14.11558    
 1937   14.16728    
 1938   14.15744    
 1939   14.18302    
 1940   14.28949    
 1941   14.12627    
 1942   14.09193    
 1943   14.24324    
 1944   14.01005    
 1945   14.07066    
 1946   14.18187    
 1947   14.34445    
 1948   14.29243    
 1949   14.21598    
 1950   14.21225    
 1951   14.31545    
 1952   14.18218    
 1953   14.14575    
 1954   14.06181    
 1955   14.07736    
 1956   14.11233    
 1957   14.11483    
 1958   14.06588    
 1959   14.18625    
 1960   14.16310    
 1961   14.17921    
 1962   14.27151    
 1963   14.25834    
 1964   13.96121    
 1965   14.00136    
 1966   14.02520    
 1967   13.95310    
 1968   14.02542    
 1969   14.13660    
 1970   14.18713    
 1971   14.14293    
 1972   14.17701    
 1973   14.11471    
 1974   14.05246    
 1975   14.06227    
 1976   13.92709    
 1977   14.13147    
 1978   14.22118    
 1979   14.14796    
 1980   14.13084    
 1981   14.14947    
 1982   14.20011    
 1983   14.28386    
 1984   14.23247    
 1985   14.26833    
 1986   14.26273    
 1987   14.38155    
 1988   14.22784    
 1989   14.31123    
 1990   14.31567    
 1991   14.43038    
 1992   14.19973    
 1993   14.22883    
 1994   14.24418    
 1995   14.26894    
 1996   14.34138    
 1997   14.35370    
 1998   14.49608    
 1999   14.41809    
 2000   14.36127    
 2001   14.48309    
 2002   14.58449    
 2003   14.56145    
 2004   14.64624    
 2005   14.72058    
 2006   14.74581    
 2007   14.69662    
 2008   14.72318    
 2009   14.85227    
 2010   14.89231    
 2011   14.81636    
 2012   14.87735    
 2013   14.94272    
 2014   14.94955    
 2015   14.93335    
 2016   15.02377    
 2017   15.10842    
 2018   15.04806    
 2019   15.00422    
 2020   15.03323    
 2021   15.20670    
 2022   15.27164    
 2023   15.29299    
 2024   15.29931    
 2025   15.49891    
 2026   15.54525    
 2027   15.36891    
 2028   15.53147    
 2029   15.45383    
 2030   15.40105    
 2031   15.44610    
 2032   15.42433    
 2033   15.46865    
 2034   15.64326    
 2035   15.69991    
 2036   15.59782    
 2037   15.69787    
 2038   15.66977    
 2039   15.78969    
 2040   15.90535    
 2041   15.97818    
 2042   16.00924    
 2043   16.08308    
 2044   16.13317    
 2045   16.04881    
 2046   16.24668    
 2047   16.35837    
 2048   16.40540    
 2049   16.35745    
 2050   16.65685    
 2051   16.57995    
 2052   16.50079    
 2053   16.71453    
 2054   16.76280    
 2055   16.80515    
 2056   16.85622    
 2057   16.82771    
 2058   16.87925    
 2059   16.91441    
 2060   17.04355    
 2061   17.08103    
 2062   17.09785    
 2063   17.04040    
 2064   17.08103    
 2065   17.16129    
 2066   17.16579    
 2067   17.20227    
 2068   17.30534    
 2069   17.37269    
 2070   17.54367    
 2071   17.58015    
 2072   17.59340    
 2073   17.77751    
 2074   17.81223    
 2075   17.73943    
 2076   17.90565    
 2077   17.87192    
 2078   17.89354    
 2079   17.82764    
 2080   18.02076    
 2081   17.99544    
 2082   18.03039    
 2083   18.08221    
 2084   17.99465    
 2085   18.19977    
 2086   18.08600    
 2087   18.14276    
 2088   18.38725    
 2089   18.31567    
 2090   18.42861    
 2091   18.47746    
 2092   18.44715    
 2093   18.62489    
 2094   18.60655    
 2095   18.67066    
 2096   18.84050    
 2097   18.67925    
 2098   18.66713    
 2099   18.88848    
 2100   18.88738    
