# daily2longer    1 mea
# <a href=http://cmip-pcmdi.llnl.gov/cmip5/>CMIP5</a> global mean temperature computed at <a href=http://www.knmi.nl/selectfield_cmip5.cgi?someone@somewhere>KNMI Climate Explorer</a> tas_Amon_GFDL-ESM2M_rcp85_r1i1p1
# cutting out region lon=    0.000  360.000, lat=  -90.000   90.000
# file :: /data/storage/climexp/data/iglobal_tas_Amon_mod_rcp85_017.dat
# description :: CMIP5 RCP85 models Tglobal
# comment :: <a href=http://cmip-pcmdi.llnl.gov/cmip5/>CMIP5</a> global mean temperature computed at <a href=http://www.knmi.nl/selectfield_cmip5.cgi?someone@somewhere>KNMI Climate Explorer</a> tas_Amon_GFDL-ESM2M_rcp85_r1i1p1, cutting out region lon=    0.000  360.000, lat=  -90.000   90.000, via the KNMI Climate Explorer (http://climexp.knmi.nl)
# institution :: KNMI Climate Explorer
# history ::  2018-05-21  9:37:04 bin/selectyear 1850 2100 data/iglobal_tas_Amon_mod_rcp85_017.dat global_tas_Amon_mod_rcp85_+++_1850:2100\n 2018-05-17 23:24:04 dat2nc ./data/iglobal_tas_Amon_mod_rcp85_017.dat i CMIP5_RCP85_models_Tglobal ./data/iglobal_tas_Amon_mod_rcp85_017.nc n
# tas [Celsius] from NOAA GFDL GFDL-ESM2M, RCP8.5 (run 1) experiment output for CMIP5 AR5 r1i1p1
 1861   13.65045    
 1862   13.75499    
 1863   13.76654    
 1864   13.65982    
 1865   13.73230    
 1866   13.89073    
 1867   13.85678    
 1868   13.75396    
 1869   13.89228    
 1870   13.93025    
 1871   13.88095    
 1872   13.68090    
 1873   13.83198    
 1874   13.90337    
 1875   13.90312    
 1876   13.61967    
 1877   13.66765    
 1878   13.53915    
 1879   13.71136    
 1880   13.73884    
 1881   13.66208    
 1882   13.73578    
 1883   13.73524    
 1884   13.40384    
 1885   13.31161    
 1886   13.45061    
 1887   13.33371    
 1888   13.47613    
 1889   13.54095    
 1890   13.73948    
 1891   13.70220    
 1892   13.62229    
 1893   13.62163    
 1894   13.79527    
 1895   13.97030    
 1896   14.08185    
 1897   13.69625    
 1898   13.74168    
 1899   13.88783    
 1900   13.96388    
 1901   13.85316    
 1902   13.84447    
 1903   13.59241    
 1904   13.61165    
 1905   13.92070    
 1906   13.95135    
 1907   13.76107    
 1908   13.78468    
 1909   13.86613    
 1910   13.91901    
 1911   14.02670    
 1912   13.78414    
 1913   13.69620    
 1914   13.88087    
 1915   13.94373    
 1916   13.96286    
 1917   13.91012    
 1918   13.97832    
 1919   13.92292    
 1920   13.98777    
 1921   13.98658    
 1922   13.96917    
 1923   13.88794    
 1924   13.86902    
 1925   13.81693    
 1926   14.11269    
 1927   14.22632    
 1928   13.82757    
 1929   13.85483    
 1930   13.94931    
 1931   13.84922    
 1932   14.01277    
 1933   14.05802    
 1934   13.79295    
 1935   13.82037    
 1936   14.13885    
 1937   14.24702    
 1938   13.78460    
 1939   13.75902    
 1940   13.86191    
 1941   13.90214    
 1942   14.05886    
 1943   13.76102    
 1944   13.83203    
 1945   14.12984    
 1946   13.92254    
 1947   13.89645    
 1948   14.06647    
 1949   13.81339    
 1950   13.89771    
 1951   13.97151    
 1952   14.22683    
 1953   14.03946    
 1954   13.94659    
 1955   13.91413    
 1956   13.99279    
 1957   14.23425    
 1958   14.01645    
 1959   13.99822    
 1960   14.24718    
 1961   14.22866    
 1962   13.94002    
 1963   13.79685    
 1964   13.59100    
 1965   13.74899    
 1966   13.95576    
 1967   13.81083    
 1968   13.75559    
 1969   13.78918    
 1970   13.85073    
 1971   13.93477    
 1972   13.96683    
 1973   14.19331    
 1974   13.98852    
 1975   13.84622    
 1976   13.90991    
 1977   14.11562    
 1978   14.11311    
 1979   14.10501    
 1980   14.14494    
 1981   14.05347    
 1982   14.20326    
 1983   14.14626    
 1984   14.14117    
 1985   14.01645    
 1986   14.17337    
 1987   14.41216    
 1988   14.45542    
 1989   14.00820    
 1990   14.13799    
 1991   14.40626    
 1992   14.17792    
 1993   14.00111    
 1994   14.09602    
 1995   14.22056    
 1996   14.58441    
 1997   14.56178    
 1998   14.30322    
 1999   14.35661    
 2000   14.61090    
 2001   14.68819    
 2002   14.69314    
 2003   14.41598    
 2004   14.51546    
 2005   14.60340    
 2006   14.65186    
 2007   14.77237    
 2008   14.39834    
 2009   14.44354    
 2010   14.75896    
 2011   14.66070    
 2012   14.51435    
 2013   14.67847    
 2014   14.72188    
 2015   15.03799    
 2016   14.67517    
 2017   14.87578    
 2018   14.74660    
 2019   14.58457    
 2020   14.73155    
 2021   15.00204    
 2022   15.07506    
 2023   14.89207    
 2024   14.85108    
 2025   15.17600    
 2026   15.10596    
 2027   14.78880    
 2028   14.94271    
 2029   15.05798    
 2030   14.98223    
 2031   15.02014    
 2032   15.10135    
 2033   14.95524    
 2034   15.06756    
 2035   15.18844    
 2036   15.38026    
 2037   15.12672    
 2038   15.21435    
 2039   15.39606    
 2040   15.17708    
 2041   15.39283    
 2042   15.45563    
 2043   15.46866    
 2044   15.58149    
 2045   15.75047    
 2046   15.56789    
 2047   15.50069    
 2048   15.63717    
 2049   15.52574    
 2050   15.65900    
 2051   15.86803    
 2052   15.59091    
 2053   15.79327    
 2054   16.00686    
 2055   15.75574    
 2056   15.73586    
 2057   15.85526    
 2058   16.02017    
 2059   15.80531    
 2060   15.88686    
 2061   16.00176    
 2062   16.02740    
 2063   16.20745    
 2064   16.18791    
 2065   16.08372    
 2066   16.09864    
 2067   16.28573    
 2068   16.19930    
 2069   16.47748    
 2070   16.46780    
 2071   16.25595    
 2072   16.38724    
 2073   16.46621    
 2074   16.40121    
 2075   16.46708    
 2076   16.48054    
 2077   16.51075    
 2078   16.74379    
 2079   16.61512    
 2080   16.74878    
 2081   16.83883    
 2082   16.79781    
 2083   16.69074    
 2084   16.74766    
 2085   16.84490    
 2086   16.91866    
 2087   16.87207    
 2088   16.83523    
 2089   16.96083    
 2090   16.90777    
 2091   16.97025    
 2092   17.08487    
 2093   17.28777    
 2094   17.17535    
 2095   17.27944    
 2096   17.37197    
 2097   17.38704    
 2098   17.37154    
 2099   17.37519    
 2100   17.30914    
