# daily2longer    1 mea
# <a href=http://cmip-pcmdi.llnl.gov/cmip5/>CMIP5</a> global mean temperature computed at <a href=http://www.knmi.nl/selectfield_cmip5.cgi?someone@somewhere>KNMI Climate Explorer</a> tas_Amon_GISS-E2-H_rcp85_r1i1p2
# cutting out region lon=    0.000  360.000, lat=  -90.000   90.000
# file :: /data/storage/climexp/data/iglobal_tas_Amon_mod_rcp85_019.dat
# description :: CMIP5 RCP85 models Tglobal
# comment :: <a href=http://cmip-pcmdi.llnl.gov/cmip5/>CMIP5</a> global mean temperature computed at <a href=http://www.knmi.nl/selectfield_cmip5.cgi?someone@somewhere>KNMI Climate Explorer</a> tas_Amon_GISS-E2-H_rcp85_r1i1p2, cutting out region lon=    0.000  360.000, lat=  -90.000   90.000, via the KNMI Climate Explorer (http://climexp.knmi.nl)
# institution :: KNMI Climate Explorer
# history ::  2018-05-21  9:37:04 bin/selectyear 1850 2100 data/iglobal_tas_Amon_mod_rcp85_019.dat global_tas_Amon_mod_rcp85_+++_1850:2100\n 2018-05-17 23:24:04 dat2nc ./data/iglobal_tas_Amon_mod_rcp85_019.dat i CMIP5_RCP85_models_Tglobal ./data/iglobal_tas_Amon_mod_rcp85_019.nc n
# tas [Celsius] from GISS-E2-H model output prepared for CMIP5 RCP8.5 r1i1p2
 1850   14.90273    
 1851   14.92897    
 1852   14.82598    
 1853   14.94703    
 1854   14.88968    
 1855   14.89798    
 1856   14.79127    
 1857   14.72861    
 1858   14.70677    
 1859   14.74521    
 1860   14.72111    
 1861   14.82681    
 1862   14.78388    
 1863   14.83385    
 1864   14.88981    
 1865   14.80279    
 1866   14.89597    
 1867   14.93736    
 1868   14.96006    
 1869   15.03978    
 1870   15.04986    
 1871   15.09062    
 1872   15.03060    
 1873   15.07867    
 1874   15.06869    
 1875   14.99831    
 1876   14.96019    
 1877   14.95965    
 1878   15.09659    
 1879   15.04620    
 1880   15.10882    
 1881   15.08501    
 1882   15.01031    
 1883   15.01891    
 1884   14.72763    
 1885   14.63445    
 1886   14.83384    
 1887   14.76978    
 1888   14.78846    
 1889   14.87726    
 1890   14.83236    
 1891   14.84337    
 1892   14.92227    
 1893   14.87217    
 1894   15.00732    
 1895   15.00023    
 1896   15.04150    
 1897   15.04520    
 1898   15.02932    
 1899   15.11190    
 1900   15.13540    
 1901   15.15675    
 1902   15.06396    
 1903   14.88748    
 1904   14.99734    
 1905   14.97470    
 1906   14.98143    
 1907   15.07981    
 1908   15.13156    
 1909   15.20732    
 1910   15.08842    
 1911   15.19379    
 1912   15.16637    
 1913   15.12526    
 1914   15.11597    
 1915   15.06437    
 1916   15.12452    
 1917   15.22780    
 1918   15.17609    
 1919   15.12580    
 1920   15.08397    
 1921   15.23535    
 1922   15.22821    
 1923   15.20906    
 1924   15.25512    
 1925   15.40741    
 1926   15.33336    
 1927   15.33222    
 1928   15.38647    
 1929   15.39625    
 1930   15.37074    
 1931   15.23544    
 1932   15.24816    
 1933   15.23916    
 1934   15.20872    
 1935   15.29876    
 1936   15.30437    
 1937   15.34197    
 1938   15.33978    
 1939   15.33143    
 1940   15.29050    
 1941   15.30179    
 1942   15.33566    
 1943   15.28451    
 1944   15.31312    
 1945   15.34390    
 1946   15.37832    
 1947   15.26087    
 1948   15.22401    
 1949   15.37177    
 1950   15.30611    
 1951   15.25113    
 1952   15.24319    
 1953   15.29483    
 1954   15.13539    
 1955   15.22140    
 1956   15.24025    
 1957   15.31489    
 1958   15.30345    
 1959   15.29413    
 1960   15.31851    
 1961   15.24743    
 1962   15.24548    
 1963   15.29467    
 1964   15.00671    
 1965   15.09305    
 1966   15.15840    
 1967   15.22962    
 1968   15.19663    
 1969   15.04908    
 1970   15.13952    
 1971   15.27627    
 1972   15.25816    
 1973   15.25136    
 1974   15.26870    
 1975   15.22923    
 1976   15.24500    
 1977   15.25582    
 1978   15.40155    
 1979   15.51525    
 1980   15.52085    
 1981   15.48168    
 1982   15.51890    
 1983   15.30374    
 1984   15.39682    
 1985   15.52248    
 1986   15.52049    
 1987   15.54042    
 1988   15.63675    
 1989   15.55007    
 1990   15.58770    
 1991   15.64890    
 1992   15.37554    
 1993   15.42952    
 1994   15.49753    
 1995   15.55835    
 1996   15.68099    
 1997   15.76544    
 1998   15.71642    
 1999   15.61322    
 2000   15.78126    
 2001   15.91826    
 2002   15.85899    
 2003   15.77721    
 2004   15.94058    
 2005   15.98830    
 2006   16.00141    
 2007   15.98666    
 2008   15.96857    
 2009   16.03545    
 2010   16.00657    
 2011   16.06492    
 2012   16.09425    
 2013   16.06713    
 2014   16.12071    
 2015   16.10492    
 2016   16.10509    
 2017   16.19031    
 2018   16.22087    
 2019   16.26029    
 2020   16.25044    
 2021   16.24899    
 2022   16.37811    
 2023   16.38766    
 2024   16.40679    
 2025   16.42066    
 2026   16.56893    
 2027   16.53844    
 2028   16.55360    
 2029   16.53704    
 2030   16.50650    
 2031   16.62013    
 2032   16.70593    
 2033   16.68978    
 2034   16.71189    
 2035   16.76130    
 2036   16.72318    
 2037   16.78769    
 2038   16.86881    
 2039   16.85059    
 2040   16.94367    
 2041   16.92672    
 2042   16.96111    
 2043   17.03239    
 2044   17.08261    
 2045   17.12015    
 2046   17.05484    
 2047   17.08900    
 2048   17.16729    
 2049   17.08547    
 2050   17.23060    
 2051   17.26137    
 2052   17.28105    
 2053   17.30777    
 2054   17.34927    
 2055   17.29400    
 2056   17.45795    
 2057   17.41062    
 2058   17.46145    
 2059   17.56295    
 2060   17.59126    
 2061   17.72149    
 2062   17.72004    
 2063   17.74048    
 2064   17.78245    
 2065   17.86986    
 2066   17.87534    
 2067   17.88938    
 2068   17.90870    
 2069   17.98935    
 2070   18.04196    
 2071   18.02210    
 2072   18.06616    
 2073   18.07910    
 2074   18.12311    
 2075   18.17902    
 2076   18.21865    
 2077   18.18662    
 2078   18.22713    
 2079   18.25707    
 2080   18.27024    
 2081   18.31226    
 2082   18.29757    
 2083   18.41515    
 2084   18.41103    
 2085   18.43402    
 2086   18.51933    
 2087   18.49744    
 2088   18.52388    
 2089   18.59602    
 2090   18.59122    
 2091   18.65447    
 2092   18.66812    
 2093   18.69127    
 2094   18.79317    
 2095   18.77232    
 2096   18.76065    
 2097   18.84594    
 2098   18.83318    
 2099   18.86637    
 2100   18.96743    
