# daily2longer    1 mea
# <a href=http://cmip-pcmdi.llnl.gov/cmip5/>CMIP5</a> global mean temperature computed at <a href=http://www.knmi.nl/selectfield_cmip5.cgi?someone@somewhere>KNMI Climate Explorer</a> tas_Amon_MRI-CGCM3_rcp85_r1i1p1
# cutting out region lon=   -0.562  359.438, lat=  -89.698   89.698
# file :: /data/storage/climexp/data/iglobal_tas_Amon_mod_rcp85_036.dat
# description :: CMIP5 RCP85 models Tglobal
# comment :: <a href=http://cmip-pcmdi.llnl.gov/cmip5/>CMIP5</a> global mean temperature computed at <a href=http://www.knmi.nl/selectfield_cmip5.cgi?someone@somewhere>KNMI Climate Explorer</a> tas_Amon_MRI-CGCM3_rcp85_r1i1p1, cutting out region lon=   -0.562  359.438, lat=  -89.698   89.698, via the KNMI Climate Explorer (http://climexp.knmi.nl)
# institution :: KNMI Climate Explorer
# history ::  2018-05-21  9:37:04 bin/selectyear 1850 2100 data/iglobal_tas_Amon_mod_rcp85_036.dat global_tas_Amon_mod_rcp85_+++_1850:2100\n 2018-05-17 23:24:05 dat2nc ./data/iglobal_tas_Amon_mod_rcp85_036.dat i CMIP5_RCP85_models_Tglobal ./data/iglobal_tas_Amon_mod_rcp85_036.nc n
# tas [Celsius] from MRI-CGCM3 model output prepared for CMIP5 RCP8.5 r1i1p1
 1850   13.48613    
 1851   13.56118    
 1852   13.53214    
 1853   13.56844    
 1854   13.53493    
 1855   13.56665    
 1856   13.46328    
 1857   13.52161    
 1858   13.64885    
 1859   13.60972    
 1860   13.60234    
 1861   13.60260    
 1862   13.65910    
 1863   13.62453    
 1864   13.62389    
 1865   13.59359    
 1866   13.56844    
 1867   13.50865    
 1868   13.57645    
 1869   13.55107    
 1870   13.65002    
 1871   13.64388    
 1872   13.67737    
 1873   13.61002    
 1874   13.72489    
 1875   13.69002    
 1876   13.67788    
 1877   13.47553    
 1878   13.57805    
 1879   13.75920    
 1880   13.62478    
 1881   13.70533    
 1882   13.76456    
 1883   13.54237    
 1884   13.23652    
 1885   13.40183    
 1886   13.39021    
 1887   13.39841    
 1888   13.48591    
 1889   13.57080    
 1890   13.49138    
 1891   13.50832    
 1892   13.57200    
 1893   13.66866    
 1894   13.58852    
 1895   13.61358    
 1896   13.62221    
 1897   13.52904    
 1898   13.55339    
 1899   13.62390    
 1900   13.54841    
 1901   13.55041    
 1902   13.61005    
 1903   13.19464    
 1904   13.30301    
 1905   13.43321    
 1906   13.53153    
 1907   13.54449    
 1908   13.75553    
 1909   13.75777    
 1910   13.67003    
 1911   13.59592    
 1912   13.60924    
 1913   13.64426    
 1914   13.69572    
 1915   13.68608    
 1916   13.68420    
 1917   13.70272    
 1918   13.74343    
 1919   13.61664    
 1920   13.77555    
 1921   13.84481    
 1922   13.79188    
 1923   13.62153    
 1924   13.75635    
 1925   13.74583    
 1926   13.63763    
 1927   13.65887    
 1928   13.76810    
 1929   13.69390    
 1930   13.67530    
 1931   13.67485    
 1932   13.71996    
 1933   13.57857    
 1934   13.78319    
 1935   13.95040    
 1936   13.81217    
 1937   13.87750    
 1938   13.85277    
 1939   13.84317    
 1940   13.76570    
 1941   13.66408    
 1942   13.82337    
 1943   13.68167    
 1944   13.65331    
 1945   13.68156    
 1946   13.85872    
 1947   13.70615    
 1948   13.84757    
 1949   13.87209    
 1950   13.70640    
 1951   13.71769    
 1952   13.69876    
 1953   13.78648    
 1954   13.82200    
 1955   13.82479    
 1956   13.77779    
 1957   13.67147    
 1958   13.74791    
 1959   13.79044    
 1960   13.82346    
 1961   13.84593    
 1962   13.75413    
 1963   13.88966    
 1964   13.76975    
 1965   13.66759    
 1966   13.68063    
 1967   13.70303    
 1968   13.76639    
 1969   13.87377    
 1970   13.85745    
 1971   13.92234    
 1972   13.85411    
 1973   13.79768    
 1974   13.73916    
 1975   13.85854    
 1976   13.96062    
 1977   14.02317    
 1978   13.90946    
 1979   13.96200    
 1980   13.90016    
 1981   13.94742    
 1982   13.96055    
 1983   13.96201    
 1984   14.00735    
 1985   14.02260    
 1986   13.79659    
 1987   13.94122    
 1988   13.86494    
 1989   14.01123    
 1990   14.02246    
 1991   14.04493    
 1992   13.75625    
 1993   13.87197    
 1994   13.77156    
 1995   13.95871    
 1996   14.01037    
 1997   13.99394    
 1998   14.00638    
 1999   13.96674    
 2000   14.05457    
 2001   14.05656    
 2002   14.10165    
 2003   14.17148    
 2004   14.16378    
 2005   14.20088    
 2006   14.12044    
 2007   14.18485    
 2008   14.31164    
 2009   14.15574    
 2010   14.01022    
 2011   14.04623    
 2012   14.10603    
 2013   14.32161    
 2014   14.32307    
 2015   14.23571    
 2016   14.33815    
 2017   14.49625    
 2018   14.32316    
 2019   14.45704    
 2020   14.41851    
 2021   14.43831    
 2022   14.49666    
 2023   14.51688    
 2024   14.48396    
 2025   14.47691    
 2026   14.63049    
 2027   14.69765    
 2028   14.62832    
 2029   14.78390    
 2030   14.80325    
 2031   14.70735    
 2032   14.78708    
 2033   14.73312    
 2034   14.71080    
 2035   14.71382    
 2036   14.85625    
 2037   14.82153    
 2038   14.94307    
 2039   15.01619    
 2040   14.96953    
 2041   15.11932    
 2042   15.11887    
 2043   15.20998    
 2044   15.19971    
 2045   15.33991    
 2046   15.32841    
 2047   15.29512    
 2048   15.47759    
 2049   15.42574    
 2050   15.41254    
 2051   15.52875    
 2052   15.49963    
 2053   15.53745    
 2054   15.58754    
 2055   15.71142    
 2056   15.75105    
 2057   15.94266    
 2058   15.80726    
 2059   15.81295    
 2060   15.92490    
 2061   16.08837    
 2062   16.01857    
 2063   16.14877    
 2064   16.16712    
 2065   16.11674    
 2066   16.31260    
 2067   16.37935    
 2068   16.25715    
 2069   16.27956    
 2070   16.29474    
 2071   16.43610    
 2072   16.45043    
 2073   16.48840    
 2074   16.59292    
 2075   16.51927    
 2076   16.51287    
 2077   16.59022    
 2078   16.49226    
 2079   16.70592    
 2080   16.70071    
 2081   16.66393    
 2082   16.78159    
 2083   16.86067    
 2084   17.02089    
 2085   16.93659    
 2086   17.02306    
 2087   17.07476    
 2088   17.12766    
 2089   17.22189    
 2090   17.29503    
 2091   17.35806    
 2092   17.34715    
 2093   17.35088    
 2094   17.37846    
 2095   17.44206    
 2096   17.45689    
 2097   17.63767    
 2098   17.53952    
 2099   17.61779    
 2100   17.84368    
