# daily2longer    1 mea
# <a href=http://cmip-pcmdi.llnl.gov/cmip5/>CMIP5</a> global mean temperature computed at <a href=http://www.knmi.nl/selectfield_cmip5.cgi?someone@somewhere>KNMI Climate Explorer</a> tas_Amon_MIROC-ESM_rcp85_r1i1p1
# cutting out region lon=   -1.406  358.594, lat=  -89.247   89.247
# file :: /data/storage/climexp/data/iglobal_tas_Amon_mod_rcp85_033.dat
# description :: CMIP5 RCP85 models Tglobal
# comment :: <a href=http://cmip-pcmdi.llnl.gov/cmip5/>CMIP5</a> global mean temperature computed at <a href=http://www.knmi.nl/selectfield_cmip5.cgi?someone@somewhere>KNMI Climate Explorer</a> tas_Amon_MIROC-ESM_rcp85_r1i1p1, cutting out region lon=   -1.406  358.594, lat=  -89.247   89.247, via the KNMI Climate Explorer (http://climexp.knmi.nl)
# institution :: KNMI Climate Explorer
# history ::  2018-05-21  9:37:04 bin/selectyear 1850 2100 data/iglobal_tas_Amon_mod_rcp85_033.dat global_tas_Amon_mod_rcp85_+++_1850:2100\n 2018-05-17 23:24:05 dat2nc ./data/iglobal_tas_Amon_mod_rcp85_033.dat i CMIP5_RCP85_models_Tglobal ./data/iglobal_tas_Amon_mod_rcp85_033.nc n
# tas [Celsius] from MIROC-ESM model output prepared for CMIP5 RCP8.5 r1i1p1
 1850   13.30227    
 1851   13.41332    
 1852   13.30194    
 1853   13.38115    
 1854   13.41665    
 1855   13.44137    
 1856   13.23494    
 1857   13.28146    
 1858   13.23009    
 1859   13.28849    
 1860   13.33173    
 1861   13.25052    
 1862   13.37770    
 1863   13.26326    
 1864   13.15876    
 1865   13.35647    
 1866   13.29200    
 1867   13.37861    
 1868   13.41066    
 1869   13.63644    
 1870   13.48283    
 1871   13.40561    
 1872   13.42671    
 1873   13.48187    
 1874   13.50417    
 1875   13.44426    
 1876   13.38957    
 1877   13.33127    
 1878   13.31573    
 1879   13.57854    
 1880   13.33922    
 1881   13.29257    
 1882   13.33064    
 1883   13.31111    
 1884   13.02898    
 1885   13.07908    
 1886   13.11646    
 1887   13.35023    
 1888   13.32408    
 1889   13.34829    
 1890   13.39476    
 1891   13.26814    
 1892   13.17004    
 1893   13.27198    
 1894   13.33642    
 1895   13.37328    
 1896   13.40284    
 1897   13.32057    
 1898   13.34546    
 1899   13.52479    
 1900   13.43992    
 1901   13.49237    
 1902   13.41691    
 1903   13.28386    
 1904   13.20952    
 1905   13.27939    
 1906   13.31353    
 1907   13.30976    
 1908   13.24890    
 1909   13.37753    
 1910   13.36741    
 1911   13.39355    
 1912   13.43349    
 1913   13.20700    
 1914   13.28456    
 1915   13.32746    
 1916   13.40685    
 1917   13.33925    
 1918   13.32300    
 1919   13.47688    
 1920   13.40198    
 1921   13.46573    
 1922   13.58600    
 1923   13.77789    
 1924   13.73839    
 1925   13.60937    
 1926   13.69720    
 1927   13.72195    
 1928   13.66735    
 1929   13.57904    
 1930   13.61234    
 1931   13.64536    
 1932   13.49173    
 1933   13.52958    
 1934   13.44110    
 1935   13.52682    
 1936   13.64640    
 1937   13.79967    
 1938   13.66413    
 1939   13.58520    
 1940   13.69234    
 1941   13.63392    
 1942   13.57045    
 1943   13.75737    
 1944   13.79429    
 1945   13.73335    
 1946   13.78611    
 1947   13.75174    
 1948   13.84890    
 1949   13.82189    
 1950   14.00122    
 1951   13.89434    
 1952   13.78703    
 1953   13.71114    
 1954   13.72607    
 1955   13.73201    
 1956   13.66285    
 1957   13.67202    
 1958   13.83707    
 1959   13.75022    
 1960   13.73502    
 1961   13.85202    
 1962   13.85663    
 1963   13.79239    
 1964   13.47926    
 1965   13.37004    
 1966   13.50962    
 1967   13.68050    
 1968   13.51568    
 1969   13.50701    
 1970   13.52444    
 1971   13.54793    
 1972   13.55685    
 1973   13.53686    
 1974   13.69333    
 1975   13.62691    
 1976   13.74670    
 1977   13.92210    
 1978   13.96092    
 1979   13.87492    
 1980   13.81313    
 1981   13.86236    
 1982   13.75778    
 1983   13.68696    
 1984   13.74499    
 1985   13.81322    
 1986   13.91928    
 1987   13.94841    
 1988   13.99302    
 1989   13.99010    
 1990   14.17918    
 1991   14.03803    
 1992   13.73254    
 1993   13.79352    
 1994   13.91464    
 1995   13.95699    
 1996   14.10337    
 1997   14.24012    
 1998   14.14902    
 1999   14.19849    
 2000   14.29124    
 2001   14.41584    
 2002   14.28545    
 2003   14.20101    
 2004   14.05713    
 2005   14.16310    
 2006   14.20172    
 2007   14.39297    
 2008   14.46507    
 2009   14.32875    
 2010   14.24990    
 2011   14.28614    
 2012   14.47462    
 2013   14.42334    
 2014   14.33985    
 2015   14.56029    
 2016   14.68869    
 2017   14.58723    
 2018   14.72368    
 2019   14.83009    
 2020   14.83371    
 2021   14.98552    
 2022   14.94376    
 2023   14.95484    
 2024   14.98065    
 2025   15.16325    
 2026   15.30244    
 2027   15.35597    
 2028   15.31279    
 2029   15.24696    
 2030   15.26547    
 2031   15.35143    
 2032   15.40251    
 2033   15.63735    
 2034   15.64431    
 2035   15.59422    
 2036   15.57937    
 2037   15.61248    
 2038   15.73006    
 2039   15.85005    
 2040   15.82965    
 2041   15.80972    
 2042   15.91187    
 2043   15.93022    
 2044   15.90837    
 2045   15.89997    
 2046   16.04418    
 2047   16.13267    
 2048   15.99246    
 2049   16.12919    
 2050   16.29380    
 2051   16.23546    
 2052   16.34052    
 2053   16.48260    
 2054   16.51626    
 2055   16.52874    
 2056   16.57415    
 2057   16.57518    
 2058   16.71687    
 2059   16.62750    
 2060   16.78055    
 2061   16.84865    
 2062   16.78895    
 2063   16.84551    
 2064   16.97334    
 2065   17.16702    
 2066   17.18114    
 2067   17.15031    
 2068   17.24942    
 2069   17.25729    
 2070   17.31088    
 2071   17.32359    
 2072   17.55139    
 2073   17.69241    
 2074   17.68103    
 2075   17.70606    
 2076   17.85195    
 2077   17.85695    
 2078   17.94683    
 2079   17.91718    
 2080   18.02767    
 2081   18.19836    
 2082   18.29039    
 2083   18.31844    
 2084   18.41749    
 2085   18.43457    
 2086   18.39889    
 2087   18.55164    
 2088   18.65644    
 2089   18.69323    
 2090   18.72884    
 2091   18.74195    
 2092   18.75693    
 2093   18.84467    
 2094   18.83200    
 2095   19.00492    
 2096   19.12592    
 2097   19.33041    
 2098   19.22916    
 2099   19.23819    
 2100   19.52636    
