# daily2longer    1 mea
# ensemble mea of file global_tas_Amon_MIROC5_rcp85_%%.dat
# using members   0 to   2
# <a href=http://cmip-pcmdi.llnl.gov/cmip5/>CMIP5</a> global mean temperature computed at <a href=http://www.knmi.nl/selectfield_cmip5.cgi?someone@somewhere>KNMI Climate Explorer</a> tas_Amon_MIROC5_rcp85_r1i1p1
# cutting out region lon=   -0.703  359.297, lat=  -89.622   89.622
# file :: /data/storage/climexp/data/iglobal_tas_Amon_mod_rcp85_031.dat
# description :: CMIP5 RCP85 models Tglobal
# comment :: ensemble mea of file global_tas_Amon_MIROC5_rcp85_%%.dat, using members   0 to   2, <a href=http://cmip-pcmdi.llnl.gov/cmip5/>CMIP5</a> global mean temperature computed at <a href=http://www.knmi.nl/selectfield_cmip5.cgi?someone@somewhere>KNMI Climate Explorer</a> tas_Amon_MIROC5_rcp85_r1i1p1, cutting out region lon=   -0.703  359.297, lat=  -89.622   89.622, via the KNMI Climate Explorer (http://climexp.knmi.nl)
# institution :: KNMI Climate Explorer
# history ::  2018-05-21  9:37:04 bin/selectyear 1850 2100 data/iglobal_tas_Amon_mod_rcp85_031.dat global_tas_Amon_mod_rcp85_+++_1850:2100\n 2018-05-17 23:24:05 dat2nc ./data/iglobal_tas_Amon_mod_rcp85_031.dat i CMIP5_RCP85_models_Tglobal ./data/iglobal_tas_Amon_mod_rcp85_031.nc n
# tas [Celsius] from MIROC5 model output prepared for CMIP5 RCP8.5 r1i1p1
 1850   14.42794    
 1851   14.44802    
 1852   14.42306    
 1853   14.52984    
 1854   14.47207    
 1855   14.45984    
 1856   14.46460    
 1857   14.39417    
 1858   14.40183    
 1859   14.35257    
 1860   14.37640    
 1861   14.43218    
 1862   14.49273    
 1863   14.54875    
 1864   14.48668    
 1865   14.40725    
 1866   14.43234    
 1867   14.45740    
 1868   14.51694    
 1869   14.47110    
 1870   14.43683    
 1871   14.50271    
 1872   14.55416    
 1873   14.55069    
 1874   14.47849    
 1875   14.57081    
 1876   14.65087    
 1877   14.56072    
 1878   14.51492    
 1879   14.40530    
 1880   14.47728    
 1881   14.54242    
 1882   14.52528    
 1883   14.46711    
 1884   14.27975    
 1885   14.24007    
 1886   14.25463    
 1887   14.26278    
 1888   14.30322    
 1889   14.34803    
 1890   14.40118    
 1891   14.36941    
 1892   14.23892    
 1893   14.29907    
 1894   14.39410    
 1895   14.46631    
 1896   14.46783    
 1897   14.43346    
 1898   14.40714    
 1899   14.45099    
 1900   14.51858    
 1901   14.43870    
 1902   14.40978    
 1903   14.34527    
 1904   14.28245    
 1905   14.30724    
 1906   14.41511    
 1907   14.53117    
 1908   14.42965    
 1909   14.48602    
 1910   14.50729    
 1911   14.49726    
 1912   14.48930    
 1913   14.40445    
 1914   14.35639    
 1915   14.39029    
 1916   14.47100    
 1917   14.50031    
 1918   14.55531    
 1919   14.50277    
 1920   14.48094    
 1921   14.55108    
 1922   14.68450    
 1923   14.77812    
 1924   14.73043    
 1925   14.59716    
 1926   14.52343    
 1927   14.54180    
 1928   14.56319    
 1929   14.63133    
 1930   14.66452    
 1931   14.75360    
 1932   14.90813    
 1933   14.65022    
 1934   14.51559    
 1935   14.53917    
 1936   14.54951    
 1937   14.64409    
 1938   14.65759    
 1939   14.66033    
 1940   14.67416    
 1941   14.68156    
 1942   14.78128    
 1943   14.83379    
 1944   14.66638    
 1945   14.64514    
 1946   14.74242    
 1947   14.81719    
 1948   14.78862    
 1949   14.74572    
 1950   14.84883    
 1951   15.05817    
 1952   14.94208    
 1953   14.59280    
 1954   14.53453    
 1955   14.63303    
 1956   14.75316    
 1957   14.76552    
 1958   14.72420    
 1959   14.77201    
 1960   14.85661    
 1961   14.79310    
 1962   14.54461    
 1963   14.53909    
 1964   14.49791    
 1965   14.55636    
 1966   14.61925    
 1967   14.52026    
 1968   14.50130    
 1969   14.50444    
 1970   14.56836    
 1971   14.58795    
 1972   14.55534    
 1973   14.53609    
 1974   14.67850    
 1975   14.71681    
 1976   14.79823    
 1977   14.70852    
 1978   14.75851    
 1979   14.67993    
 1980   14.69484    
 1981   14.80834    
 1982   14.81181    
 1983   14.63333    
 1984   14.52160    
 1985   14.55790    
 1986   14.70224    
 1987   14.86450    
 1988   14.91983    
 1989   14.89460    
 1990   14.86708    
 1991   14.84930    
 1992   14.65294    
 1993   14.83181    
 1994   14.86618    
 1995   14.79790    
 1996   14.78292    
 1997   14.97236    
 1998   15.05264    
 1999   15.05854    
 2000   15.09901    
 2001   15.16472    
 2002   15.25565    
 2003   15.25215    
 2004   15.30496    
 2005   15.27103    
 2006   15.21537    
 2007   15.38181    
 2008   15.47532    
 2009   15.44921    
 2010   15.24974    
 2011   15.16034    
 2012   15.30517    
 2013   15.47643    
 2014   15.61680    
 2015   15.43297    
 2016   15.36694    
 2017   15.42987    
 2018   15.58562    
 2019   15.68287    
 2020   15.62689    
 2021   15.58308    
 2022   15.63894    
 2023   15.61347    
 2024   15.62564    
 2025   15.73421    
 2026   15.78760    
 2027   15.68578    
 2028   15.90701    
 2029   15.87619    
 2030   15.74712    
 2031   15.75816    
 2032   15.77263    
 2033   15.96339    
 2034   16.15837    
 2035   15.93121    
 2036   15.88023    
 2037   15.96533    
 2038   16.13525    
 2039   16.31602    
 2040   16.12415    
 2041   16.06892    
 2042   16.25748    
 2043   16.44065    
 2044   16.27015    
 2045   16.25661    
 2046   16.36085    
 2047   16.46850    
 2048   16.52223    
 2049   16.56316    
 2050   16.54921    
 2051   16.48295    
 2052   16.60975    
 2053   16.71684    
 2054   16.76726    
 2055   16.83588    
 2056   16.87116    
 2057   16.81237    
 2058   16.83319    
 2059   16.94524    
 2060   17.06352    
 2061   16.97290    
 2062   16.89859    
 2063   17.00171    
 2064   17.16067    
 2065   17.29862    
 2066   17.32823    
 2067   17.21499    
 2068   17.17809    
 2069   17.19160    
 2070   17.26889    
 2071   17.45623    
 2072   17.61807    
 2073   17.49408    
 2074   17.46642    
 2075   17.61422    
 2076   17.92340    
 2077   17.92749    
 2078   17.72993    
 2079   17.67464    
 2080   17.81977    
 2081   18.08777    
 2082   18.10627    
 2083   17.90537    
 2084   17.85151    
 2085   17.94471    
 2086   18.14848    
 2087   18.23572    
 2088   18.15908    
 2089   18.12338    
 2090   18.22472    
 2091   18.43444    
 2092   18.54251    
 2093   18.28018    
 2094   18.22284    
 2095   18.43210    
 2096   18.62848    
 2097   18.81370    
 2098   18.78721    
 2099   18.54322    
 2100   18.59031    
