# daily2longer    1 mea
# <a href=http://cmip-pcmdi.llnl.gov/cmip5/>CMIP5</a> global mean temperature computed at <a href=http://www.knmi.nl/selectfield_cmip5.cgi?someone@somewhere>KNMI Climate Explorer</a> tas_Amon_GFDL-ESM2G_rcp85_r1i1p1
# cutting out region lon=    0.000  360.000, lat=  -90.000   90.000
# file :: /data/storage/climexp/data/iglobal_tas_Amon_mod_rcp85_016.dat
# description :: CMIP5 RCP85 models Tglobal
# comment :: <a href=http://cmip-pcmdi.llnl.gov/cmip5/>CMIP5</a> global mean temperature computed at <a href=http://www.knmi.nl/selectfield_cmip5.cgi?someone@somewhere>KNMI Climate Explorer</a> tas_Amon_GFDL-ESM2G_rcp85_r1i1p1, cutting out region lon=    0.000  360.000, lat=  -90.000   90.000, via the KNMI Climate Explorer (http://climexp.knmi.nl)
# institution :: KNMI Climate Explorer
# history ::  2018-05-21  9:37:04 bin/selectyear 1850 2100 data/iglobal_tas_Amon_mod_rcp85_016.dat global_tas_Amon_mod_rcp85_+++_1850:2100\n 2018-05-17 23:24:04 dat2nc ./data/iglobal_tas_Amon_mod_rcp85_016.dat i CMIP5_RCP85_models_Tglobal ./data/iglobal_tas_Amon_mod_rcp85_016.nc n
# tas [Celsius] from NOAA GFDL GFDL-ESM2G, RCP8.5 (run 1) experiment output for CMIP5 AR5 r1i1p1
 1861   13.26630    
 1862   13.22210    
 1863   13.25049    
 1864   13.09366    
 1865   13.00752    
 1866   13.19607    
 1867   13.34762    
 1868   13.32836    
 1869   13.32932    
 1870   13.21254    
 1871   13.24240    
 1872   13.25701    
 1873   13.36029    
 1874   13.26669    
 1875   13.29772    
 1876   13.37081    
 1877   13.49817    
 1878   13.34319    
 1879   13.44237    
 1880   13.42937    
 1881   13.38151    
 1882   13.62249    
 1883   13.46467    
 1884   12.87680    
 1885   12.78110    
 1886   13.01698    
 1887   12.97777    
 1888   12.93073    
 1889   13.07477    
 1890   13.15666    
 1891   13.15572    
 1892   13.07437    
 1893   13.18099    
 1894   13.24994    
 1895   13.26368    
 1896   13.22684    
 1897   13.20079    
 1898   13.17404    
 1899   13.16326    
 1900   13.17692    
 1901   13.27373    
 1902   13.35702    
 1903   13.19800    
 1904   13.21067    
 1905   13.27662    
 1906   13.29887    
 1907   13.28981    
 1908   13.20452    
 1909   13.27127    
 1910   13.30363    
 1911   13.46334    
 1912   13.40936    
 1913   13.12508    
 1914   13.19965    
 1915   13.52606    
 1916   13.48473    
 1917   13.56096    
 1918   13.56565    
 1919   13.46286    
 1920   13.39952    
 1921   13.57350    
 1922   13.33976    
 1923   13.47464    
 1924   13.69224    
 1925   13.77355    
 1926   13.80693    
 1927   13.57430    
 1928   13.58092    
 1929   13.50371    
 1930   13.54803    
 1931   13.39757    
 1932   13.37417    
 1933   13.38467    
 1934   13.28821    
 1935   13.48834    
 1936   13.49168    
 1937   13.59031    
 1938   13.43141    
 1939   13.27178    
 1940   13.54431    
 1941   13.64342    
 1942   13.49445    
 1943   13.41634    
 1944   13.27370    
 1945   13.36445    
 1946   13.27302    
 1947   13.53182    
 1948   13.45932    
 1949   13.37429    
 1950   13.38893    
 1951   13.24954    
 1952   13.23895    
 1953   13.34701    
 1954   13.37518    
 1955   13.38422    
 1956   13.42730    
 1957   13.41474    
 1958   13.40475    
 1959   13.36251    
 1960   13.38737    
 1961   13.45581    
 1962   13.43920    
 1963   13.32956    
 1964   13.07210    
 1965   13.24692    
 1966   13.28778    
 1967   13.18578    
 1968   13.15372    
 1969   13.11174    
 1970   13.36636    
 1971   13.35124    
 1972   13.41936    
 1973   13.48862    
 1974   13.33905    
 1975   13.52318    
 1976   13.53755    
 1977   13.27865    
 1978   13.31717    
 1979   13.38545    
 1980   13.42808    
 1981   13.66335    
 1982   13.50625    
 1983   13.23761    
 1984   13.47105    
 1985   13.80062    
 1986   13.75278    
 1987   13.59125    
 1988   13.70007    
 1989   13.63523    
 1990   13.85095    
 1991   13.86935    
 1992   13.41739    
 1993   13.47837    
 1994   13.65606    
 1995   13.80341    
 1996   13.87336    
 1997   13.97897    
 1998   13.99165    
 1999   13.96477    
 2000   14.01722    
 2001   14.26979    
 2002   14.36958    
 2003   14.21312    
 2004   14.18320    
 2005   14.26255    
 2006   14.06397    
 2007   13.98161    
 2008   14.09989    
 2009   14.11423    
 2010   14.15294    
 2011   14.09356    
 2012   14.12327    
 2013   14.21924    
 2014   14.18222    
 2015   14.36855    
 2016   14.28016    
 2017   14.11966    
 2018   14.13886    
 2019   14.18859    
 2020   14.10196    
 2021   14.25661    
 2022   14.38657    
 2023   14.25767    
 2024   14.33630    
 2025   14.53491    
 2026   14.37561    
 2027   14.53986    
 2028   14.73819    
 2029   14.49473    
 2030   14.30879    
 2031   14.61130    
 2032   14.65907    
 2033   14.62263    
 2034   14.64508    
 2035   14.59553    
 2036   14.77435    
 2037   14.81674    
 2038   14.72560    
 2039   14.73754    
 2040   14.86840    
 2041   14.66822    
 2042   14.71953    
 2043   14.89022    
 2044   15.00467    
 2045   14.98470    
 2046   14.93813    
 2047   14.94550    
 2048   14.99568    
 2049   15.09817    
 2050   15.18322    
 2051   15.08777    
 2052   15.19000    
 2053   15.20813    
 2054   15.07055    
 2055   15.21999    
 2056   15.40002    
 2057   15.37061    
 2058   15.23940    
 2059   15.30305    
 2060   15.46813    
 2061   15.64547    
 2062   15.29532    
 2063   15.49004    
 2064   15.58475    
 2065   15.54243    
 2066   15.62153    
 2067   15.72877    
 2068   15.86839    
 2069   15.91313    
 2070   15.60395    
 2071   15.80572    
 2072   15.94882    
 2073   16.03245    
 2074   15.99283    
 2075   15.97371    
 2076   16.09393    
 2077   16.03528    
 2078   16.13072    
 2079   16.35905    
 2080   16.36461    
 2081   16.21415    
 2082   16.20654    
 2083   16.31413    
 2084   16.26487    
 2085   16.36008    
 2086   16.53518    
 2087   16.61121    
 2088   16.65430    
 2089   16.63726    
 2090   16.71927    
 2091   16.69610    
 2092   16.74517    
 2093   16.76391    
 2094   16.87109    
 2095   16.92564    
 2096   17.05952    
 2097   16.90308    
 2098   16.88623    
 2099   17.04378    
 2100   16.92898    
