# daily2longer    1 mea
# <a href=http://cmip-pcmdi.llnl.gov/cmip5/>CMIP5</a> global mean temperature computed at <a href=http://www.knmi.nl/selectfield_cmip5.cgi?someone@somewhere>KNMI Climate Explorer</a> tas_Amon_GISS-E2-R_rcp85_r1i1p3
# cutting out region lon=    0.000  360.000, lat=  -90.000   90.000
# file :: /data/storage/climexp/data/iglobal_tas_Amon_mod_rcp85_023.dat
# description :: CMIP5 RCP85 models Tglobal
# comment :: <a href=http://cmip-pcmdi.llnl.gov/cmip5/>CMIP5</a> global mean temperature computed at <a href=http://www.knmi.nl/selectfield_cmip5.cgi?someone@somewhere>KNMI Climate Explorer</a> tas_Amon_GISS-E2-R_rcp85_r1i1p3, cutting out region lon=    0.000  360.000, lat=  -90.000   90.000, via the KNMI Climate Explorer (http://climexp.knmi.nl)
# institution :: KNMI Climate Explorer
# history ::  2018-05-21  9:37:04 bin/selectyear 1850 2100 data/iglobal_tas_Amon_mod_rcp85_023.dat global_tas_Amon_mod_rcp85_+++_1850:2100\n 2018-05-17 23:24:04 dat2nc ./data/iglobal_tas_Amon_mod_rcp85_023.dat i CMIP5_RCP85_models_Tglobal ./data/iglobal_tas_Amon_mod_rcp85_023.nc n
# tas [Celsius] from GISS-E2-R model output prepared for CMIP5 RCP8.5 r1i1p3
 1850   14.46085    
 1851   14.49058    
 1852   14.44997    
 1853   14.44858    
 1854   14.60577    
 1855   14.56969    
 1856   14.45745    
 1857   14.37507    
 1858   14.35419    
 1859   14.36641    
 1860   14.44982    
 1861   14.56986    
 1862   14.48771    
 1863   14.36533    
 1864   14.30799    
 1865   14.48422    
 1866   14.53608    
 1867   14.56690    
 1868   14.51162    
 1869   14.59486    
 1870   14.68450    
 1871   14.59680    
 1872   14.53886    
 1873   14.52919    
 1874   14.59905    
 1875   14.54995    
 1876   14.46712    
 1877   14.56666    
 1878   14.57322    
 1879   14.56709    
 1880   14.60259    
 1881   14.58702    
 1882   14.58393    
 1883   14.56527    
 1884   14.29653    
 1885   14.21413    
 1886   14.31413    
 1887   14.31634    
 1888   14.32194    
 1889   14.28961    
 1890   14.36842    
 1891   14.40862    
 1892   14.53893    
 1893   14.52022    
 1894   14.43044    
 1895   14.55284    
 1896   14.61037    
 1897   14.53353    
 1898   14.55209    
 1899   14.62708    
 1900   14.71336    
 1901   14.65933    
 1902   14.70839    
 1903   14.31528    
 1904   14.45279    
 1905   14.60164    
 1906   14.48361    
 1907   14.56616    
 1908   14.60660    
 1909   14.68764    
 1910   14.64288    
 1911   14.64506    
 1912   14.59196    
 1913   14.50856    
 1914   14.67932    
 1915   14.69674    
 1916   14.67094    
 1917   14.58476    
 1918   14.79041    
 1919   14.74161    
 1920   14.74222    
 1921   14.70762    
 1922   14.56606    
 1923   14.61482    
 1924   14.59172    
 1925   14.78890    
 1926   14.69437    
 1927   14.74904    
 1928   14.70817    
 1929   14.63788    
 1930   14.68073    
 1931   14.78982    
 1932   14.81355    
 1933   14.70614    
 1934   14.69002    
 1935   14.81135    
 1936   14.74801    
 1937   14.75846    
 1938   14.79641    
 1939   14.80645    
 1940   14.80246    
 1941   14.72286    
 1942   14.70843    
 1943   14.84240    
 1944   14.75844    
 1945   14.64937    
 1946   14.92739    
 1947   14.93484    
 1948   14.84643    
 1949   14.80547    
 1950   14.70102    
 1951   14.78095    
 1952   14.75140    
 1953   14.64680    
 1954   14.79417    
 1955   14.78458    
 1956   14.73655    
 1957   14.70478    
 1958   14.75414    
 1959   14.74920    
 1960   14.86993    
 1961   14.81649    
 1962   14.79559    
 1963   14.83545    
 1964   14.63368    
 1965   14.80294    
 1966   14.82885    
 1967   14.79259    
 1968   14.71177    
 1969   14.75914    
 1970   14.79682    
 1971   14.92237    
 1972   14.84879    
 1973   14.81127    
 1974   14.72853    
 1975   14.79740    
 1976   14.80499    
 1977   14.85771    
 1978   14.89123    
 1979   14.89389    
 1980   14.99226    
 1981   14.97574    
 1982   14.90090    
 1983   14.66444    
 1984   14.74918    
 1985   14.86860    
 1986   14.90614    
 1987   14.95583    
 1988   14.97616    
 1989   15.07436    
 1990   15.13333    
 1991   14.96401    
 1992   14.59304    
 1993   14.69435    
 1994   15.02815    
 1995   14.97418    
 1996   14.99015    
 1997   15.12924    
 1998   15.14476    
 1999   15.22175    
 2000   15.33016    
 2001   15.42253    
 2002   15.45004    
 2003   15.47097    
 2004   15.43184    
 2005   15.41942    
 2006   15.49510    
 2007   15.49653    
 2008   15.47594    
 2009   15.47146    
 2010   15.56860    
 2011   15.52439    
 2012   15.57908    
 2013   15.69661    
 2014   15.73976    
 2015   15.78055    
 2016   15.72707    
 2017   15.63792    
 2018   15.79920    
 2019   15.73990    
 2020   15.83776    
 2021   15.80275    
 2022   15.81232    
 2023   15.81982    
 2024   15.81866    
 2025   15.93500    
 2026   15.98285    
 2027   15.90113    
 2028   15.94049    
 2029   16.00076    
 2030   16.00721    
 2031   16.10833    
 2032   16.08971    
 2033   16.07985    
 2034   16.09861    
 2035   16.17448    
 2036   16.19712    
 2037   16.08173    
 2038   16.33785    
 2039   16.43136    
 2040   16.38567    
 2041   16.44827    
 2042   16.42096    
 2043   16.49422    
 2044   16.50724    
 2045   16.47980    
 2046   16.55958    
 2047   16.67529    
 2048   16.70683    
 2049   16.79743    
 2050   16.81458    
 2051   16.86856    
 2052   16.78603    
 2053   16.83977    
 2054   16.92674    
 2055   16.93752    
 2056   16.90766    
 2057   16.99289    
 2058   17.02469    
 2059   17.10739    
 2060   17.10433    
 2061   17.11304    
 2062   17.17270    
 2063   17.27715    
 2064   17.32162    
 2065   17.35561    
 2066   17.39276    
 2067   17.40636    
 2068   17.46606    
 2069   17.53386    
 2070   17.68301    
 2071   17.56556    
 2072   17.62820    
 2073   17.63069    
 2074   17.67651    
 2075   17.66294    
 2076   17.74289    
 2077   17.86320    
 2078   17.88986    
 2079   17.87440    
 2080   17.89852    
 2081   17.92322    
 2082   17.87774    
 2083   17.95645    
 2084   17.91716    
 2085   17.96307    
 2086   17.95030    
 2087   18.01760    
 2088   18.16252    
 2089   18.16615    
 2090   18.20568    
 2091   18.23029    
 2092   18.27367    
 2093   18.27463    
 2094   18.38659    
 2095   18.42266    
 2096   18.46250    
 2097   18.54393    
 2098   18.53608    
 2099   18.55704    
 2100   18.56462    
