# daily2longer    1 mea
# <a href=http://cmip-pcmdi.llnl.gov/cmip5/>CMIP5</a> global mean temperature computed at <a href=http://www.knmi.nl/selectfield_cmip5.cgi?someone@somewhere>KNMI Climate Explorer</a> tas_Amon_GISS-E2-R_rcp85_r1i1p1
# cutting out region lon=    0.000  360.000, lat=  -90.000   90.000
# file :: /data/storage/climexp/data/iglobal_tas_Amon_mod_rcp85_021.dat
# description :: CMIP5 RCP85 models Tglobal
# comment :: <a href=http://cmip-pcmdi.llnl.gov/cmip5/>CMIP5</a> global mean temperature computed at <a href=http://www.knmi.nl/selectfield_cmip5.cgi?someone@somewhere>KNMI Climate Explorer</a> tas_Amon_GISS-E2-R_rcp85_r1i1p1, cutting out region lon=    0.000  360.000, lat=  -90.000   90.000, via the KNMI Climate Explorer (http://climexp.knmi.nl)
# institution :: KNMI Climate Explorer
# history ::  2018-05-21  9:37:04 bin/selectyear 1850 2100 data/iglobal_tas_Amon_mod_rcp85_021.dat global_tas_Amon_mod_rcp85_+++_1850:2100\n 2018-05-17 23:24:04 dat2nc ./data/iglobal_tas_Amon_mod_rcp85_021.dat i CMIP5_RCP85_models_Tglobal ./data/iglobal_tas_Amon_mod_rcp85_021.nc n
# tas [Celsius] from GISS-E2-R model output prepared for CMIP5 RCP8.5 r1i1p1
 1850   14.40434    
 1851   14.40198    
 1852   14.39612    
 1853   14.39258    
 1854   14.38403    
 1855   14.45078    
 1856   14.29066    
 1857   14.09728    
 1858   14.20467    
 1859   14.34518    
 1860   14.37842    
 1861   14.37968    
 1862   14.37030    
 1863   14.36665    
 1864   14.37228    
 1865   14.41815    
 1866   14.43204    
 1867   14.50764    
 1868   14.29736    
 1869   14.48687    
 1870   14.52372    
 1871   14.37886    
 1872   14.39536    
 1873   14.49382    
 1874   14.45435    
 1875   14.39489    
 1876   14.36127    
 1877   14.42420    
 1878   14.32115    
 1879   14.33992    
 1880   14.35462    
 1881   14.36111    
 1882   14.37588    
 1883   14.34404    
 1884   14.03029    
 1885   14.00784    
 1886   14.16844    
 1887   14.20630    
 1888   14.33860    
 1889   14.30148    
 1890   14.26656    
 1891   14.22480    
 1892   14.25253    
 1893   14.40082    
 1894   14.42833    
 1895   14.48844    
 1896   14.36456    
 1897   14.43580    
 1898   14.41299    
 1899   14.39426    
 1900   14.39222    
 1901   14.52651    
 1902   14.45104    
 1903   14.20531    
 1904   14.27893    
 1905   14.31405    
 1906   14.30515    
 1907   14.38756    
 1908   14.40812    
 1909   14.42042    
 1910   14.47566    
 1911   14.50170    
 1912   14.42546    
 1913   14.39604    
 1914   14.38332    
 1915   14.40395    
 1916   14.43204    
 1917   14.44180    
 1918   14.48429    
 1919   14.54134    
 1920   14.49471    
 1921   14.47900    
 1922   14.36713    
 1923   14.46350    
 1924   14.47054    
 1925   14.56653    
 1926   14.46705    
 1927   14.51179    
 1928   14.59931    
 1929   14.51850    
 1930   14.60181    
 1931   14.54336    
 1932   14.52921    
 1933   14.54476    
 1934   14.64239    
 1935   14.64428    
 1936   14.52141    
 1937   14.66307    
 1938   14.64193    
 1939   14.50968    
 1940   14.52654    
 1941   14.56404    
 1942   14.57543    
 1943   14.49333    
 1944   14.49018    
 1945   14.57547    
 1946   14.53940    
 1947   14.51164    
 1948   14.65168    
 1949   14.68315    
 1950   14.55303    
 1951   14.59282    
 1952   14.61562    
 1953   14.65571    
 1954   14.71269    
 1955   14.70745    
 1956   14.62404    
 1957   14.63079    
 1958   14.62935    
 1959   14.67011    
 1960   14.66235    
 1961   14.61617    
 1962   14.63912    
 1963   14.57171    
 1964   14.44370    
 1965   14.47864    
 1966   14.56081    
 1967   14.57557    
 1968   14.59669    
 1969   14.60092    
 1970   14.60056    
 1971   14.68988    
 1972   14.62437    
 1973   14.80441    
 1974   14.80702    
 1975   14.79789    
 1976   14.85086    
 1977   14.83355    
 1978   14.76064    
 1979   14.83582    
 1980   14.89145    
 1981   14.90121    
 1982   14.76533    
 1983   14.57088    
 1984   14.69820    
 1985   14.75031    
 1986   14.75298    
 1987   14.79505    
 1988   14.88365    
 1989   14.88123    
 1990   14.94265    
 1991   14.78681    
 1992   14.53894    
 1993   14.67253    
 1994   14.71131    
 1995   14.89078    
 1996   14.87084    
 1997   14.88286    
 1998   15.05493    
 1999   15.09601    
 2000   15.07091    
 2001   15.19490    
 2002   15.14219    
 2003   15.18756    
 2004   15.23828    
 2005   15.20307    
 2006   15.26032    
 2007   15.27348    
 2008   15.22263    
 2009   15.19760    
 2010   15.23893    
 2011   15.32273    
 2012   15.30182    
 2013   15.37481    
 2014   15.42995    
 2015   15.40597    
 2016   15.41321    
 2017   15.46095    
 2018   15.38828    
 2019   15.44671    
 2020   15.47127    
 2021   15.48176    
 2022   15.52847    
 2023   15.56455    
 2024   15.52940    
 2025   15.63766    
 2026   15.72915    
 2027   15.71317    
 2028   15.82064    
 2029   15.66927    
 2030   15.73330    
 2031   15.85343    
 2032   15.82602    
 2033   15.87863    
 2034   15.98605    
 2035   15.97472    
 2036   15.99434    
 2037   16.05594    
 2038   16.03873    
 2039   16.10001    
 2040   16.08137    
 2041   16.15242    
 2042   16.02283    
 2043   16.06012    
 2044   16.09180    
 2045   16.15266    
 2046   16.12403    
 2047   16.19235    
 2048   16.30948    
 2049   16.25262    
 2050   16.35896    
 2051   16.25639    
 2052   16.31183    
 2053   16.37633    
 2054   16.42386    
 2055   16.49505    
 2056   16.46690    
 2057   16.56049    
 2058   16.55619    
 2059   16.55684    
 2060   16.63294    
 2061   16.66582    
 2062   16.73849    
 2063   16.75198    
 2064   16.79786    
 2065   16.83997    
 2066   16.77070    
 2067   16.80618    
 2068   16.76223    
 2069   16.82805    
 2070   16.82390    
 2071   16.81901    
 2072   16.84196    
 2073   16.91223    
 2074   17.07274    
 2075   17.05722    
 2076   17.02729    
 2077   17.16380    
 2078   17.10546    
 2079   17.11358    
 2080   17.14300    
 2081   17.18039    
 2082   17.19254    
 2083   17.24410    
 2084   17.23736    
 2085   17.33410    
 2086   17.34762    
 2087   17.43866    
 2088   17.51701    
 2089   17.49967    
 2090   17.49152    
 2091   17.50475    
 2092   17.57004    
 2093   17.56205    
 2094   17.61780    
 2095   17.59130    
 2096   17.54560    
 2097   17.59632    
 2098   17.69617    
 2099   17.72636    
 2100   17.78966    
