# daily2longer    1 mea
# ensemble mea of file global_tas_Amon_MPI-ESM-LR_rcp85_%%.dat
# using members   0 to   2
# <a href=http://cmip-pcmdi.llnl.gov/cmip5/>CMIP5</a> global mean temperature computed at <a href=http://www.knmi.nl/selectfield_cmip5.cgi?someone@somewhere>KNMI Climate Explorer</a> tas_Amon_MPI-ESM-LR_rcp85_r1i1p1
# cutting out region lon=   -0.938  359.062, lat=  -89.497   89.497
# file :: /data/storage/climexp/data/iglobal_tas_Amon_mod_rcp85_034.dat
# description :: CMIP5 RCP85 models Tglobal
# comment :: ensemble mea of file global_tas_Amon_MPI-ESM-LR_rcp85_%%.dat, using members   0 to   2, <a href=http://cmip-pcmdi.llnl.gov/cmip5/>CMIP5</a> global mean temperature computed at <a href=http://www.knmi.nl/selectfield_cmip5.cgi?someone@somewhere>KNMI Climate Explorer</a> tas_Amon_MPI-ESM-LR_rcp85_r1i1p1, cutting out region lon=   -0.938  359.062, lat=  -89.497   89.497, via the KNMI Climate Explorer (http://climexp.knmi.nl)
# institution :: KNMI Climate Explorer
# history ::  2018-05-21  9:37:04 bin/selectyear 1850 2100 data/iglobal_tas_Amon_mod_rcp85_034.dat global_tas_Amon_mod_rcp85_+++_1850:2100\n 2018-05-17 23:24:05 dat2nc ./data/iglobal_tas_Amon_mod_rcp85_034.dat i CMIP5_RCP85_models_Tglobal ./data/iglobal_tas_Amon_mod_rcp85_034.nc n
# tas [Celsius] from MPI-ESM-LR model output prepared for CMIP5 RCP8.5 r1i1p1
 1850   13.47646    
 1851   13.47480    
 1852   13.43476    
 1853   13.43287    
 1854   13.44706    
 1855   13.34939    
 1856   13.34222    
 1857   13.38871    
 1858   13.38950    
 1859   13.38323    
 1860   13.36768    
 1861   13.42155    
 1862   13.36389    
 1863   13.43072    
 1864   13.36553    
 1865   13.42821    
 1866   13.41390    
 1867   13.56252    
 1868   13.54158    
 1869   13.46915    
 1870   13.48467    
 1871   13.46459    
 1872   13.43951    
 1873   13.45319    
 1874   13.53364    
 1875   13.62811    
 1876   13.53616    
 1877   13.50319    
 1878   13.44470    
 1879   13.37324    
 1880   13.38343    
 1881   13.46181    
 1882   13.39487    
 1883   13.23633    
 1884   12.99132    
 1885   12.96997    
 1886   13.12461    
 1887   13.14164    
 1888   13.20812    
 1889   13.22367    
 1890   13.24373    
 1891   13.26260    
 1892   13.28329    
 1893   13.36336    
 1894   13.47363    
 1895   13.49012    
 1896   13.47374    
 1897   13.41085    
 1898   13.46329    
 1899   13.48744    
 1900   13.44016    
 1901   13.43246    
 1902   13.44518    
 1903   13.35925    
 1904   13.36417    
 1905   13.35598    
 1906   13.40127    
 1907   13.36756    
 1908   13.44350    
 1909   13.53377    
 1910   13.55144    
 1911   13.50385    
 1912   13.52232    
 1913   13.41674    
 1914   13.47923    
 1915   13.54872    
 1916   13.57317    
 1917   13.50370    
 1918   13.55564    
 1919   13.62401    
 1920   13.64840    
 1921   13.49281    
 1922   13.47260    
 1923   13.57050    
 1924   13.59065    
 1925   13.57991    
 1926   13.51252    
 1927   13.48932    
 1928   13.51328    
 1929   13.52871    
 1930   13.58399    
 1931   13.64718    
 1932   13.56304    
 1933   13.46427    
 1934   13.58046    
 1935   13.67347    
 1936   13.64689    
 1937   13.59975    
 1938   13.63973    
 1939   13.61840    
 1940   13.65120    
 1941   13.73739    
 1942   13.68905    
 1943   13.58278    
 1944   13.59385    
 1945   13.66344    
 1946   13.67148    
 1947   13.73345    
 1948   13.75286    
 1949   13.59569    
 1950   13.65055    
 1951   13.58403    
 1952   13.63514    
 1953   13.70036    
 1954   13.62780    
 1955   13.63576    
 1956   13.64930    
 1957   13.74175    
 1958   13.71627    
 1959   13.71232    
 1960   13.66795    
 1961   13.75931    
 1962   13.76600    
 1963   13.84224    
 1964   13.68748    
 1965   13.55577    
 1966   13.62635    
 1967   13.68403    
 1968   13.83890    
 1969   13.79322    
 1970   13.75085    
 1971   13.76502    
 1972   13.87962    
 1973   13.88194    
 1974   13.85344    
 1975   13.91303    
 1976   13.91349    
 1977   13.95071    
 1978   13.98083    
 1979   14.07889    
 1980   14.10607    
 1981   14.07323    
 1982   14.06625    
 1983   13.92218    
 1984   14.02695    
 1985   14.00093    
 1986   14.02870    
 1987   14.08034    
 1988   14.05601    
 1989   14.29668    
 1990   14.40247    
 1991   14.25060    
 1992   13.89807    
 1993   13.95247    
 1994   14.10149    
 1995   14.20818    
 1996   14.26534    
 1997   14.28913    
 1998   14.35432    
 1999   14.30452    
 2000   14.33388    
 2001   14.36932    
 2002   14.38024    
 2003   14.53064    
 2004   14.60615    
 2005   14.53608    
 2006   14.49537    
 2007   14.52600    
 2008   14.64247    
 2009   14.64049    
 2010   14.63744    
 2011   14.64577    
 2012   14.71385    
 2013   14.79832    
 2014   14.83583    
 2015   14.91840    
 2016   14.96092    
 2017   14.84906    
 2018   14.76359    
 2019   14.74407    
 2020   14.87596    
 2021   15.05725    
 2022   15.08047    
 2023   15.12090    
 2024   15.01713    
 2025   15.07209    
 2026   15.25406    
 2027   15.14120    
 2028   15.04403    
 2029   15.09215    
 2030   15.10164    
 2031   15.18957    
 2032   15.34577    
 2033   15.31058    
 2034   15.33509    
 2035   15.33663    
 2036   15.53586    
 2037   15.58338    
 2038   15.54815    
 2039   15.54144    
 2040   15.64626    
 2041   15.69057    
 2042   15.73686    
 2043   15.77696    
 2044   15.62805    
 2045   15.73230    
 2046   15.88190    
 2047   15.95587    
 2048   15.84033    
 2049   15.85151    
 2050   15.98023    
 2051   16.14541    
 2052   16.01853    
 2053   16.03638    
 2054   16.13008    
 2055   16.26242    
 2056   16.31212    
 2057   16.14155    
 2058   16.18163    
 2059   16.40724    
 2060   16.43905    
 2061   16.52088    
 2062   16.48016    
 2063   16.48082    
 2064   16.51484    
 2065   16.55424    
 2066   16.61312    
 2067   16.67584    
 2068   16.87587    
 2069   17.04941    
 2070   16.91506    
 2071   16.81296    
 2072   16.92159    
 2073   17.06644    
 2074   17.15801    
 2075   17.19921    
 2076   17.12996    
 2077   17.21133    
 2078   17.34051    
 2079   17.22094    
 2080   17.16964    
 2081   17.33362    
 2082   17.45094    
 2083   17.53619    
 2084   17.66426    
 2085   17.61327    
 2086   17.55277    
 2087   17.65565    
 2088   17.82875    
 2089   17.92511    
 2090   18.03209    
 2091   17.90884    
 2092   17.88247    
 2093   18.08735    
 2094   18.15767    
 2095   18.08049    
 2096   18.14603    
 2097   18.40380    
 2098   18.32731    
 2099   18.34346    
 2100   18.39949    
