# daily2longer    1 mea
# <a href=http://cmip-pcmdi.llnl.gov/cmip5/>CMIP5</a> global mean temperature computed at <a href=http://www.knmi.nl/selectfield_cmip5.cgi?someone@somewhere>KNMI Climate Explorer</a> tas_Amon_HadGEM2-CC_rcp85_r1i1p1
# cutting out region lon=   -0.938  359.062, lat=  -90.000   90.000
# file :: /data/storage/climexp/data/iglobal_tas_Amon_mod_rcp85_025.dat
# description :: CMIP5 RCP85 models Tglobal
# comment :: <a href=http://cmip-pcmdi.llnl.gov/cmip5/>CMIP5</a> global mean temperature computed at <a href=http://www.knmi.nl/selectfield_cmip5.cgi?someone@somewhere>KNMI Climate Explorer</a> tas_Amon_HadGEM2-CC_rcp85_r1i1p1, cutting out region lon=   -0.938  359.062, lat=  -90.000   90.000, via the KNMI Climate Explorer (http://climexp.knmi.nl)
# institution :: KNMI Climate Explorer
# history ::  2018-05-21  9:37:04 bin/selectyear 1850 2100 data/iglobal_tas_Amon_mod_rcp85_025.dat global_tas_Amon_mod_rcp85_+++_1850:2100\n 2018-05-17 23:24:04 dat2nc ./data/iglobal_tas_Amon_mod_rcp85_025.dat i CMIP5_RCP85_models_Tglobal ./data/iglobal_tas_Amon_mod_rcp85_025.nc n
# tas [Celsius] from HadGEM2-CC model output prepared for CMIP5 RCP8.5 r1i1p1
 1860   13.54280    
 1861   13.62746    
 1862   13.57216    
 1863   13.46331    
 1864   13.44491    
 1865   13.54287    
 1866   13.30753    
 1867   13.36729    
 1868   13.50630    
 1869   13.45344    
 1870   13.59682    
 1871   13.62651    
 1872   13.44868    
 1873   13.60753    
 1874   13.61399    
 1875   13.35958    
 1876   13.33032    
 1877   13.25788    
 1878   13.36902    
 1879   13.48526    
 1880   13.30125    
 1881   13.38004    
 1882   13.41918    
 1883   13.27232    
 1884   13.17105    
 1885   13.16805    
 1886   13.17102    
 1887   13.06669    
 1888   13.23469    
 1889   13.08885    
 1890   13.09948    
 1891   13.04164    
 1892   13.29230    
 1893   13.39970    
 1894   13.42662    
 1895   13.44467    
 1896   13.32415    
 1897   13.32657    
 1898   13.30422    
 1899   13.28313    
 1900   13.35797    
 1901   13.51180    
 1902   13.39007    
 1903   13.17975    
 1904   13.32729    
 1905   13.48337    
 1906   13.41826    
 1907   13.46674    
 1908   13.23148    
 1909   13.22648    
 1910   13.30246    
 1911   13.24479    
 1912   13.18934    
 1913   13.02388    
 1914   13.18030    
 1915   13.20861    
 1916   12.99012    
 1917   12.98579    
 1918   13.14109    
 1919   13.20493    
 1920   13.29574    
 1921   13.33273    
 1922   13.31584    
 1923   13.24435    
 1924   13.17489    
 1925   13.33930    
 1926   13.37440    
 1927   13.50856    
 1928   13.51433    
 1929   13.39496    
 1930   13.18290    
 1931   13.17023    
 1932   13.26025    
 1933   13.21800    
 1934   13.19571    
 1935   13.34605    
 1936   13.48986    
 1937   13.23399    
 1938   13.29615    
 1939   13.42911    
 1940   13.49113    
 1941   13.44308    
 1942   13.53578    
 1943   13.39856    
 1944   13.42608    
 1945   13.47374    
 1946   13.33634    
 1947   13.24393    
 1948   13.25485    
 1949   13.40422    
 1950   13.45179    
 1951   13.46923    
 1952   13.39499    
 1953   13.51996    
 1954   13.59317    
 1955   13.31480    
 1956   13.15835    
 1957   13.23368    
 1958   13.34255    
 1959   13.36508    
 1960   13.45322    
 1961   13.25744    
 1962   13.38921    
 1963   13.46625    
 1964   13.18208    
 1965   13.12876    
 1966   13.19286    
 1967   13.19182    
 1968   13.08957    
 1969   13.14554    
 1970   13.29003    
 1971   13.36026    
 1972   13.25663    
 1973   13.14564    
 1974   13.14450    
 1975   13.19880    
 1976   13.16128    
 1977   13.07348    
 1978   13.29905    
 1979   13.31789    
 1980   13.32964    
 1981   13.48642    
 1982   13.40619    
 1983   13.21047    
 1984   13.27771    
 1985   13.40860    
 1986   13.55780    
 1987   13.45457    
 1988   13.37930    
 1989   13.60123    
 1990   13.71154    
 1991   13.62402    
 1992   13.50552    
 1993   13.49184    
 1994   13.58884    
 1995   13.56058    
 1996   13.61933    
 1997   13.63230    
 1998   13.69702    
 1999   13.74388    
 2000   13.83037    
 2001   13.83792    
 2002   13.77844    
 2003   13.78703    
 2004   13.73340    
 2005   13.65119    
 2006   13.75711    
 2007   13.62677    
 2008   13.70213    
 2009   13.89215    
 2010   14.01421    
 2011   13.96909    
 2012   14.09541    
 2013   14.26103    
 2014   14.45155    
 2015   14.50423    
 2016   14.54764    
 2017   14.40702    
 2018   14.33317    
 2019   14.43092    
 2020   14.48926    
 2021   14.56794    
 2022   14.72255    
 2023   14.97665    
 2024   14.92002    
 2025   14.85645    
 2026   14.86823    
 2027   14.83369    
 2028   14.82100    
 2029   14.89378    
 2030   14.86791    
 2031   15.04175    
 2032   15.03499    
 2033   15.03839    
 2034   14.99133    
 2035   15.06715    
 2036   15.11785    
 2037   15.22668    
 2038   15.24984    
 2039   15.37156    
 2040   15.42265    
 2041   15.33729    
 2042   15.50081    
 2043   15.49911    
 2044   15.46259    
 2045   15.55481    
 2046   15.55594    
 2047   15.61194    
 2048   15.75626    
 2049   15.79216    
 2050   15.91680    
 2051   15.91027    
 2052   16.07474    
 2053   16.12753    
 2054   16.00421    
 2055   15.95955    
 2056   16.13697    
 2057   16.23391    
 2058   16.42049    
 2059   16.53607    
 2060   16.65195    
 2061   16.79851    
 2062   16.91065    
 2063   17.04611    
 2064   17.00082    
 2065   17.02083    
 2066   17.22658    
 2067   17.07987    
 2068   16.93988    
 2069   16.92702    
 2070   17.01982    
 2071   17.27265    
 2072   17.54463    
 2073   17.52214    
 2074   17.45685    
 2075   17.50801    
 2076   17.50215    
 2077   17.57041    
 2078   17.44439    
 2079   17.61792    
 2080   17.70176    
 2081   17.79754    
 2082   17.68427    
 2083   17.81938    
 2084   17.91445    
 2085   17.85903    
 2086   17.78798    
 2087   17.98790    
 2088   18.19396    
 2089   18.05033    
 2090   18.24579    
 2091   18.36416    
 2092   18.32846    
 2093   18.49736    
 2094   18.66659    
 2095   18.64798    
 2096   18.60957    
 2097   18.57811    
 2098   18.61076    
 2099   18.68237    
 2100   18.89109    
