# daily2longer    1 mea
# ensemble mea of file global_tas_Amon_CCSM4_rcp85_%%.dat
# using members   0 to   5
# <a href=http://cmip-pcmdi.llnl.gov/cmip5/>CMIP5</a> global mean temperature computed at <a href=http://www.knmi.nl/selectfield_cmip5.cgi?someone@somewhere>KNMI Climate Explorer</a> tas_Amon_CCSM4_rcp85_r1i1p1
# cutting out region lon=   -0.625  359.375, lat=  -90.000   90.000
# file :: /data/storage/climexp/data/iglobal_tas_Amon_mod_rcp85_005.dat
# description :: CMIP5 RCP85 models Tglobal
# comment :: ensemble mea of file global_tas_Amon_CCSM4_rcp85_%%.dat, using members   0 to   5, <a href=http://cmip-pcmdi.llnl.gov/cmip5/>CMIP5</a> global mean temperature computed at <a href=http://www.knmi.nl/selectfield_cmip5.cgi?someone@somewhere>KNMI Climate Explorer</a> tas_Amon_CCSM4_rcp85_r1i1p1, cutting out region lon=   -0.625  359.375, lat=  -90.000   90.000, via the KNMI Climate Explorer (http://climexp.knmi.nl)
# institution :: KNMI Climate Explorer
# history ::  2018-05-21  9:37:03 bin/selectyear 1850 2100 data/iglobal_tas_Amon_mod_rcp85_005.dat global_tas_Amon_mod_rcp85_+++_1850:2100\n 2018-05-17 23:24:03 dat2nc ./data/iglobal_tas_Amon_mod_rcp85_005.dat i CMIP5_RCP85_models_Tglobal ./data/iglobal_tas_Amon_mod_rcp85_005.nc n
# tas [Celsius] from CCSM4 model output prepared for CMIP5 RCP8.5 r1i1p1
 1850   13.35111    
 1851   13.43441    
 1852   13.33605    
 1853   13.37011    
 1854   13.21479    
 1855   13.32964    
 1856   13.38379    
 1857   13.35169    
 1858   13.27916    
 1859   13.29043    
 1860   13.30205    
 1861   13.31277    
 1862   13.31447    
 1863   13.34791    
 1864   13.32195    
 1865   13.31566    
 1866   13.31368    
 1867   13.34737    
 1868   13.40580    
 1869   13.41151    
 1870   13.27953    
 1871   13.34874    
 1872   13.38644    
 1873   13.44690    
 1874   13.40914    
 1875   13.42838    
 1876   13.45114    
 1877   13.39671    
 1878   13.29277    
 1879   13.35502    
 1880   13.42982    
 1881   13.46726    
 1882   13.45432    
 1883   13.33490    
 1884   12.82575    
 1885   13.06949    
 1886   13.14234    
 1887   13.13414    
 1888   13.27206    
 1889   13.29527    
 1890   13.17314    
 1891   13.13081    
 1892   13.18165    
 1893   13.22521    
 1894   13.32619    
 1895   13.37001    
 1896   13.40410    
 1897   13.36599    
 1898   13.37139    
 1899   13.41878    
 1900   13.33842    
 1901   13.40425    
 1902   13.38329    
 1903   12.96122    
 1904   13.01236    
 1905   13.21807    
 1906   13.26214    
 1907   13.25737    
 1908   13.31299    
 1909   13.44708    
 1910   13.46682    
 1911   13.33671    
 1912   13.28823    
 1913   13.35627    
 1914   13.43139    
 1915   13.40138    
 1916   13.39868    
 1917   13.48263    
 1918   13.50077    
 1919   13.50430    
 1920   13.47505    
 1921   13.45811    
 1922   13.55784    
 1923   13.48149    
 1924   13.50278    
 1925   13.53537    
 1926   13.55676    
 1927   13.63020    
 1928   13.57317    
 1929   13.46221    
 1930   13.53673    
 1931   13.61037    
 1932   13.50664    
 1933   13.47396    
 1934   13.57997    
 1935   13.56292    
 1936   13.56026    
 1937   13.57882    
 1938   13.58161    
 1939   13.57137    
 1940   13.59314    
 1941   13.62133    
 1942   13.69520    
 1943   13.65644    
 1944   13.55981    
 1945   13.63018    
 1946   13.69888    
 1947   13.63631    
 1948   13.63779    
 1949   13.59728    
 1950   13.65888    
 1951   13.67445    
 1952   13.68286    
 1953   13.62224    
 1954   13.61471    
 1955   13.68240    
 1956   13.69738    
 1957   13.74978    
 1958   13.70893    
 1959   13.63989    
 1960   13.70179    
 1961   13.74122    
 1962   13.70968    
 1963   13.55749    
 1964   13.45736    
 1965   13.50719    
 1966   13.59690    
 1967   13.62097    
 1968   13.68901    
 1969   13.75609    
 1970   13.69939    
 1971   13.68428    
 1972   13.75900    
 1973   13.80743    
 1974   13.88214    
 1975   13.84402    
 1976   13.84669    
 1977   13.94756    
 1978   14.02656    
 1979   13.98142    
 1980   14.03323    
 1981   14.05762    
 1982   13.97368    
 1983   13.86274    
 1984   13.94776    
 1985   13.99428    
 1986   14.06492    
 1987   14.16543    
 1988   14.21414    
 1989   14.19018    
 1990   14.26488    
 1991   14.18013    
 1992   13.88976    
 1993   14.04125    
 1994   14.10660    
 1995   14.16907    
 1996   14.24979    
 1997   14.28934    
 1998   14.39907    
 1999   14.45331    
 2000   14.47551    
 2001   14.55150    
 2002   14.56832    
 2003   14.54260    
 2004   14.58537    
 2005   14.60163    
 2006   14.59871    
 2007   14.66634    
 2008   14.65029    
 2009   14.66969    
 2010   14.69617    
 2011   14.70279    
 2012   14.75608    
 2013   14.75902    
 2014   14.83922    
 2015   14.82482    
 2016   14.83962    
 2017   14.85648    
 2018   14.90355    
 2019   14.94458    
 2020   14.93539    
 2021   14.96150    
 2022   14.96372    
 2023   15.03253    
 2024   15.05407    
 2025   15.13754    
 2026   15.19942    
 2027   15.13110    
 2028   15.13999    
 2029   15.23292    
 2030   15.22951    
 2031   15.22821    
 2032   15.23483    
 2033   15.31041    
 2034   15.33944    
 2035   15.38927    
 2036   15.43896    
 2037   15.44328    
 2038   15.43960    
 2039   15.56632    
 2040   15.59571    
 2041   15.60331    
 2042   15.62658    
 2043   15.71444    
 2044   15.77660    
 2045   15.76377    
 2046   15.84616    
 2047   15.85644    
 2048   15.88292    
 2049   15.96612    
 2050   15.98986    
 2051   15.99940    
 2052   16.04647    
 2053   16.03498    
 2054   16.08312    
 2055   16.15450    
 2056   16.21132    
 2057   16.25130    
 2058   16.40056    
 2059   16.43499    
 2060   16.39405    
 2061   16.39992    
 2062   16.54701    
 2063   16.59081    
 2064   16.57617    
 2065   16.64107    
 2066   16.71114    
 2067   16.71747    
 2068   16.78588    
 2069   16.88380    
 2070   16.96646    
 2071   16.99004    
 2072   17.00553    
 2073   17.07723    
 2074   17.11107    
 2075   17.13504    
 2076   17.13809    
 2077   17.22993    
 2078   17.33616    
 2079   17.36312    
 2080   17.31810    
 2081   17.40277    
 2082   17.43530    
 2083   17.49854    
 2084   17.50342    
 2085   17.55299    
 2086   17.56945    
 2087   17.67067    
 2088   17.75063    
 2089   17.79076    
 2090   17.87107    
 2091   17.87694    
 2092   17.94302    
 2093   17.95747    
 2094   17.93579    
 2095   18.00179    
 2096   18.10452    
 2097   18.10835    
 2098   18.13348    
 2099   18.19052    
 2100   18.26061    
