# daily2longer    1 mea
# <a href=http://cmip-pcmdi.llnl.gov/cmip5/>CMIP5</a> global mean temperature computed at <a href=http://www.knmi.nl/selectfield_cmip5.cgi?someone@somewhere>KNMI Climate Explorer</a> tas_Amon_NorESM1-ME_rcp85_r1i1p1
# cutting out region lon=   -1.250  358.750, lat=  -90.000   90.000
# file :: /data/storage/climexp/data/iglobal_tas_Amon_mod_rcp85_037.dat
# description :: CMIP5 RCP85 models Tglobal
# comment :: <a href=http://cmip-pcmdi.llnl.gov/cmip5/>CMIP5</a> global mean temperature computed at <a href=http://www.knmi.nl/selectfield_cmip5.cgi?someone@somewhere>KNMI Climate Explorer</a> tas_Amon_NorESM1-ME_rcp85_r1i1p1, cutting out region lon=   -1.250  358.750, lat=  -90.000   90.000, via the KNMI Climate Explorer (http://climexp.knmi.nl)
# institution :: KNMI Climate Explorer
# history ::  2018-05-21  9:37:04 bin/selectyear 1850 2100 data/iglobal_tas_Amon_mod_rcp85_037.dat global_tas_Amon_mod_rcp85_+++_1850:2100\n 2018-05-17 23:24:05 dat2nc ./data/iglobal_tas_Amon_mod_rcp85_037.dat i CMIP5_RCP85_models_Tglobal ./data/iglobal_tas_Amon_mod_rcp85_037.nc n
# tas [Celsius] from NorESM1-ME model output prepared for CMIP5 RCP8.5 r1i1p1
 1850   12.96413    
 1851   13.01395    
 1852   12.78989    
 1853   12.66546    
 1854   12.76666    
 1855   12.87158    
 1856   12.73736    
 1857   12.74060    
 1858   12.86589    
 1859   13.00236    
 1860   12.84415    
 1861   12.78887    
 1862   12.84890    
 1863   12.81712    
 1864   12.73276    
 1865   12.72510    
 1866   12.70594    
 1867   12.73416    
 1868   12.76781    
 1869   12.87699    
 1870   12.85469    
 1871   12.90116    
 1872   12.87757    
 1873   12.59333    
 1874   12.71091    
 1875   12.83499    
 1876   12.72758    
 1877   12.82206    
 1878   12.82864    
 1879   12.63993    
 1880   12.80834    
 1881   12.80144    
 1882   12.77713    
 1883   12.78647    
 1884   12.40225    
 1885   12.57016    
 1886   12.58686    
 1887   12.68048    
 1888   12.61175    
 1889   12.73856    
 1890   12.62903    
 1891   12.61563    
 1892   12.63922    
 1893   12.72205    
 1894   12.70548    
 1895   12.88623    
 1896   12.85856    
 1897   12.79079    
 1898   12.68682    
 1899   12.79655    
 1900   12.76855    
 1901   12.70339    
 1902   12.74752    
 1903   12.60644    
 1904   12.52916    
 1905   12.56783    
 1906   12.75489    
 1907   12.83532    
 1908   12.75436    
 1909   12.64627    
 1910   12.85370    
 1911   12.77654    
 1912   12.77711    
 1913   12.75224    
 1914   12.92187    
 1915   13.02223    
 1916   12.74951    
 1917   12.73480    
 1918   12.93346    
 1919   12.76765    
 1920   12.77411    
 1921   12.87036    
 1922   12.75732    
 1923   12.72841    
 1924   12.87380    
 1925   13.00897    
 1926   12.92767    
 1927   12.96350    
 1928   12.87691    
 1929   12.79769    
 1930   12.91104    
 1931   12.95721    
 1932   13.07334    
 1933   12.89670    
 1934   12.96861    
 1935   12.91575    
 1936   12.93896    
 1937   13.00497    
 1938   13.12309    
 1939   13.15063    
 1940   13.02518    
 1941   12.96379    
 1942   12.91497    
 1943   12.92742    
 1944   12.94135    
 1945   13.02970    
 1946   13.04529    
 1947   12.90154    
 1948   12.77724    
 1949   12.74088    
 1950   12.98133    
 1951   12.77022    
 1952   12.79144    
 1953   12.85509    
 1954   12.93297    
 1955   12.99967    
 1956   12.85655    
 1957   12.94321    
 1958   13.05137    
 1959   13.04186    
 1960   13.15967    
 1961   13.06795    
 1962   12.84058    
 1963   12.78073    
 1964   12.75866    
 1965   12.84155    
 1966   12.88067    
 1967   12.97305    
 1968   12.91304    
 1969   12.75961    
 1970   12.83271    
 1971   12.92124    
 1972   12.98238    
 1973   12.97843    
 1974   12.90338    
 1975   12.80988    
 1976   12.91878    
 1977   12.94833    
 1978   13.10900    
 1979   13.22698    
 1980   13.16477    
 1981   13.24274    
 1982   13.27228    
 1983   13.03959    
 1984   13.17548    
 1985   13.08982    
 1986   13.04274    
 1987   13.16544    
 1988   13.25610    
 1989   13.20538    
 1990   13.43497    
 1991   13.23650    
 1992   12.94775    
 1993   12.93385    
 1994   13.03915    
 1995   13.08976    
 1996   13.07825    
 1997   13.12737    
 1998   13.21062    
 1999   13.34892    
 2000   13.52721    
 2001   13.47556    
 2002   13.52253    
 2003   13.73603    
 2004   13.72724    
 2005   13.73625    
 2006   13.59014    
 2007   13.60365    
 2008   13.76222    
 2009   13.52773    
 2010   13.63899    
 2011   13.72560    
 2012   13.53775    
 2013   13.67442    
 2014   13.69611    
 2015   13.78922    
 2016   14.05008    
 2017   14.02177    
 2018   13.86230    
 2019   13.78337    
 2020   13.80363    
 2021   13.99805    
 2022   14.03058    
 2023   13.93809    
 2024   13.95972    
 2025   14.07843    
 2026   14.00021    
 2027   13.95563    
 2028   14.11304    
 2029   14.21243    
 2030   14.18756    
 2031   14.11183    
 2032   14.10577    
 2033   14.37478    
 2034   14.37447    
 2035   14.41615    
 2036   14.31444    
 2037   14.35438    
 2038   14.38689    
 2039   14.35297    
 2040   14.46545    
 2041   14.44503    
 2042   14.54912    
 2043   14.64746    
 2044   14.70067    
 2045   14.67890    
 2046   14.66402    
 2047   14.74189    
 2048   14.84448    
 2049   14.85580    
 2050   14.88471    
 2051   14.93745    
 2052   14.94291    
 2053   15.05492    
 2054   15.01308    
 2055   15.01044    
 2056   15.04553    
 2057   15.20126    
 2058   15.39558    
 2059   15.38539    
 2060   15.28408    
 2061   15.41625    
 2062   15.57737    
 2063   15.52422    
 2064   15.55861    
 2065   15.54201    
 2066   15.57940    
 2067   15.64158    
 2068   15.70699    
 2069   15.85087    
 2070   15.76637    
 2071   15.80472    
 2072   15.86489    
 2073   16.00497    
 2074   16.18564    
 2075   16.08243    
 2076   15.99406    
 2077   16.11550    
 2078   16.10140    
 2079   16.16848    
 2080   16.22588    
 2081   16.27242    
 2082   16.26922    
 2083   16.47606    
 2084   16.56821    
 2085   16.64118    
 2086   16.47567    
 2087   16.34122    
 2088   16.48442    
 2089   16.62045    
 2090   16.62205    
 2091   16.74582    
 2092   16.76356    
 2093   16.85537    
 2094   16.90166    
 2095   16.83755    
 2096   16.83494    
 2097   16.89799    
 2098   17.00045    
 2099   17.05512    
 2100   17.08282    
