# daily2longer    1 mea
# <a href=http://cmip-pcmdi.llnl.gov/cmip5/>CMIP5</a> global mean temperature computed at <a href=http://www.knmi.nl/selectfield_cmip5.cgi?someone@somewhere>KNMI Climate Explorer</a> tas_Amon_FGOALS-g2_rcp85_r1i1p1
# cutting out region lon=   -1.406  358.594, lat=  -90.000   90.000
# file :: /data/storage/climexp/data/iglobal_tas_Amon_mod_rcp85_013.dat
# description :: CMIP5 RCP85 models Tglobal
# comment :: <a href=http://cmip-pcmdi.llnl.gov/cmip5/>CMIP5</a> global mean temperature computed at <a href=http://www.knmi.nl/selectfield_cmip5.cgi?someone@somewhere>KNMI Climate Explorer</a> tas_Amon_FGOALS-g2_rcp85_r1i1p1, cutting out region lon=   -1.406  358.594, lat=  -90.000   90.000, via the KNMI Climate Explorer (http://climexp.knmi.nl)
# institution :: KNMI Climate Explorer
# history ::  2018-05-21  9:37:03 bin/selectyear 1850 2100 data/iglobal_tas_Amon_mod_rcp85_013.dat global_tas_Amon_mod_rcp85_+++_1850:2100\n 2018-05-17 23:24:04 dat2nc ./data/iglobal_tas_Amon_mod_rcp85_013.dat i CMIP5_RCP85_models_Tglobal ./data/iglobal_tas_Amon_mod_rcp85_013.nc n
# tas [Celsius] from FGOALS_g2 model output prepared for CMIP5 RCP8.5 r1i1p1
 1850   12.30374    
 1851   12.33052    
 1852   12.29425    
 1853   12.25385    
 1854   12.15405    
 1855   12.27164    
 1856   12.27297    
 1857   12.14604    
 1858   12.18375    
 1859   12.23963    
 1860   12.22191    
 1861   12.22744    
 1862   12.28516    
 1863   12.28020    
 1864   12.21948    
 1865   12.27979    
 1866   12.15424    
 1867   12.19708    
 1868   12.11938    
 1869   12.25283    
 1870   12.26018    
 1871   12.19350    
 1872   12.31438    
 1873   12.26512    
 1874   12.19025    
 1875   12.20204    
 1876   12.21597    
 1877   12.32388    
 1878   12.21303    
 1879   12.22829    
 1880   12.22072    
 1881   12.17667    
 1882   12.18505    
 1883   12.17999    
 1884   12.22669    
 1885   12.16570    
 1886   12.22332    
 1887   12.26249    
 1888   12.22989    
 1889   12.06954    
 1890   12.14193    
 1891   12.14516    
 1892   12.09258    
 1893   12.25810    
 1894   12.27039    
 1895   12.16711    
 1896   12.21275    
 1897   12.19906    
 1898   12.26245    
 1899   12.18618    
 1900   12.14585    
 1901   12.21667    
 1902   12.15634    
 1903   12.27103    
 1904   12.27890    
 1905   12.09766    
 1906   12.15671    
 1907   12.18329    
 1908   12.22606    
 1909   12.23336    
 1910   12.14893    
 1911   12.05001    
 1912   12.21016    
 1913   12.27110    
 1914   12.14930    
 1915   12.25019    
 1916   12.23854    
 1917   12.21866    
 1918   12.16434    
 1919   12.27499    
 1920   12.18869    
 1921   12.10251    
 1922   12.07466    
 1923   12.18796    
 1924   12.29391    
 1925   12.17462    
 1926   12.15587    
 1927   12.21315    
 1928   12.31861    
 1929   12.30184    
 1930   12.21084    
 1931   12.31311    
 1932   12.34338    
 1933   12.28556    
 1934   12.18162    
 1935   12.17390    
 1936   12.27821    
 1937   12.36837    
 1938   12.26097    
 1939   12.16279    
 1940   12.28786    
 1941   12.32201    
 1942   12.19718    
 1943   12.15093    
 1944   12.34470    
 1945   12.30625    
 1946   12.20881    
 1947   12.24639    
 1948   12.39957    
 1949   12.30957    
 1950   12.33878    
 1951   12.26913    
 1952   12.20451    
 1953   12.30493    
 1954   12.39383    
 1955   12.29975    
 1956   12.37341    
 1957   12.34766    
 1958   12.33917    
 1959   12.37461    
 1960   12.36752    
 1961   12.34745    
 1962   12.40083    
 1963   12.28930    
 1964   12.31048    
 1965   12.41498    
 1966   12.45901    
 1967   12.40146    
 1968   12.44072    
 1969   12.49030    
 1970   12.37399    
 1971   12.48609    
 1972   12.49720    
 1973   12.47609    
 1974   12.45101    
 1975   12.48189    
 1976   12.57043    
 1977   12.47177    
 1978   12.57058    
 1979   12.58374    
 1980   12.70787    
 1981   12.56025    
 1982   12.54144    
 1983   12.61584    
 1984   12.68138    
 1985   12.59143    
 1986   12.61745    
 1987   12.56930    
 1988   12.68948    
 1989   12.72250    
 1990   12.79425    
 1991   12.71346    
 1992   12.74395    
 1993   12.74485    
 1994   12.63574    
 1995   12.65819    
 1996   12.85780    
 1997   12.92997    
 1998   12.80124    
 1999   12.78514    
 2000   12.87731    
 2001   13.01330    
 2002   13.04126    
 2003   13.02194    
 2004   13.06771    
 2005   13.03203    
 2006   13.06952    
 2007   13.02978    
 2008   12.94059    
 2009   12.96608    
 2010   13.19314    
 2011   13.06051    
 2012   13.07786    
 2013   13.12061    
 2014   13.18980    
 2015   13.34589    
 2016   13.23684    
 2017   13.29165    
 2018   13.37799    
 2019   13.39197    
 2020   13.34102    
 2021   13.43149    
 2022   13.50936    
 2023   13.51031    
 2024   13.53916    
 2025   13.44893    
 2026   13.55804    
 2027   13.75747    
 2028   13.76115    
 2029   13.66326    
 2030   13.70071    
 2031   13.63996    
 2032   13.79382    
 2033   13.87583    
 2034   13.71612    
 2035   13.81864    
 2036   13.98425    
 2037   13.92613    
 2038   14.04337    
 2039   14.01976    
 2040   14.09460    
 2041   14.09364    
 2042   14.14975    
 2043   14.14312    
 2044   14.21392    
 2045   14.16721    
 2046   14.32433    
 2047   14.30134    
 2048   14.24878    
 2049   14.21080    
 2050   14.34389    
 2051   14.25689    
 2052   14.47999    
 2053   14.44651    
 2054   14.50612    
 2055   14.50709    
 2056   14.42916    
 2057   14.48824    
 2058   14.56644    
 2059   14.60672    
 2060   14.77259    
 2061   14.80737    
 2062   14.84344    
 2063   14.87014    
 2064   14.88737    
 2065   14.90617    
 2066   14.97364    
 2067   14.98731    
 2068   14.92039    
 2069   14.87541    
 2070   14.97023    
 2071   15.11659    
 2072   15.13893    
 2073   15.13612    
 2074   15.24334    
 2075   15.28386    
 2076   15.31886    
 2077   15.34408    
 2078   15.39489    
 2079   15.41343    
 2080   15.46135    
 2081   15.50652    
 2082   15.51310    
 2083   15.58255    
 2084   15.54651    
 2085   15.56714    
 2086   15.72526    
 2087   15.69510    
 2088   15.60431    
 2089   15.67027    
 2090   15.84726    
 2091   15.94018    
 2092   15.97457    
 2093   16.04164    
 2094   15.99259    
 2095   16.09985    
 2096   16.11519    
 2097   16.21109    
 2098   16.20353    
 2099   16.31477    
 2100   16.36998    
