# daily2longer    1 mea
# <a href=http://cmip-pcmdi.llnl.gov/cmip5/>CMIP5</a> global mean temperature computed at <a href=http://www.knmi.nl/selectfield_cmip5.cgi?someone@somewhere>KNMI Climate Explorer</a> tas_Amon_bcc-csm1-1_rcp85_r1i1p1
# cutting out region lon=   -1.406  358.594, lat=  -89.247   89.247
# file :: /data/storage/climexp/data/iglobal_tas_Amon_mod_rcp85_002.dat
# description :: CMIP5 RCP85 models Tglobal
# comment :: <a href=http://cmip-pcmdi.llnl.gov/cmip5/>CMIP5</a> global mean temperature computed at <a href=http://www.knmi.nl/selectfield_cmip5.cgi?someone@somewhere>KNMI Climate Explorer</a> tas_Amon_bcc-csm1-1_rcp85_r1i1p1, cutting out region lon=   -1.406  358.594, lat=  -89.247   89.247, via the KNMI Climate Explorer (http://climexp.knmi.nl)
# institution :: KNMI Climate Explorer
# history ::  2018-05-21  9:37:03 bin/selectyear 1850 2100 data/iglobal_tas_Amon_mod_rcp85_002.dat global_tas_Amon_mod_rcp85_+++_1850:2100\n 2018-05-17 23:24:03 dat2nc ./data/iglobal_tas_Amon_mod_rcp85_002.dat i CMIP5_RCP85_models_Tglobal ./data/iglobal_tas_Amon_mod_rcp85_002.nc n
# tas [Celsius] from bcc-csm1-1 model output prepared for CMIP5 RCP8.5 r1i1p1
 1850   13.71600    
 1851   13.62313    
 1852   13.63478    
 1853   13.78622    
 1854   13.70954    
 1855   13.70641    
 1856   13.66435    
 1857   13.38758    
 1858   13.54818    
 1859   13.68816    
 1860   13.82525    
 1861   13.73817    
 1862   13.82071    
 1863   13.56159    
 1864   13.74371    
 1865   13.73235    
 1866   13.66918    
 1867   13.80059    
 1868   13.76603    
 1869   13.83179    
 1870   13.89012    
 1871   13.97111    
 1872   13.90464    
 1873   13.94482    
 1874   13.94639    
 1875   13.98653    
 1876   13.93233    
 1877   13.96920    
 1878   13.81213    
 1879   13.97443    
 1880   14.02981    
 1881   14.00690    
 1882   14.01182    
 1883   13.91729    
 1884   13.42117    
 1885   13.64683    
 1886   13.61016    
 1887   13.75012    
 1888   13.67203    
 1889   13.63405    
 1890   13.77299    
 1891   13.50944    
 1892   13.63467    
 1893   13.72258    
 1894   13.83237    
 1895   13.89950    
 1896   13.81479    
 1897   13.87977    
 1898   13.92844    
 1899   13.97973    
 1900   13.91721    
 1901   13.92838    
 1902   13.93648    
 1903   13.51359    
 1904   13.50818    
 1905   13.61153    
 1906   13.71468    
 1907   13.73966    
 1908   13.66522    
 1909   13.74169    
 1910   13.64149    
 1911   13.65918    
 1912   13.67892    
 1913   13.63486    
 1914   13.70805    
 1915   13.81239    
 1916   13.85497    
 1917   13.85346    
 1918   13.85109    
 1919   13.86096    
 1920   14.05649    
 1921   13.88787    
 1922   13.95679    
 1923   13.89805    
 1924   13.95020    
 1925   14.05402    
 1926   13.97817    
 1927   14.21631    
 1928   14.07485    
 1929   13.98055    
 1930   13.92876    
 1931   14.15316    
 1932   14.04933    
 1933   14.11800    
 1934   14.06081    
 1935   14.06145    
 1936   13.96488    
 1937   14.08050    
 1938   14.11090    
 1939   14.02739    
 1940   14.01901    
 1941   14.02793    
 1942   14.03401    
 1943   14.04509    
 1944   14.06307    
 1945   14.07507    
 1946   14.07710    
 1947   14.08015    
 1948   14.03806    
 1949   14.11671    
 1950   13.97173    
 1951   13.98324    
 1952   14.05270    
 1953   14.09796    
 1954   14.00833    
 1955   14.04500    
 1956   14.03187    
 1957   14.08505    
 1958   14.14132    
 1959   14.06418    
 1960   14.10436    
 1961   14.00597    
 1962   14.17052    
 1963   13.94223    
 1964   13.76366    
 1965   13.85604    
 1966   13.93687    
 1967   14.02488    
 1968   14.01011    
 1969   13.99836    
 1970   13.98779    
 1971   14.07203    
 1972   14.06046    
 1973   14.11656    
 1974   14.31081    
 1975   14.12682    
 1976   14.22973    
 1977   14.19791    
 1978   14.12592    
 1979   14.30863    
 1980   14.21054    
 1981   14.37263    
 1982   14.31433    
 1983   14.25740    
 1984   14.36915    
 1985   14.36948    
 1986   14.56891    
 1987   14.56299    
 1988   14.63715    
 1989   14.71061    
 1990   14.80200    
 1991   14.77435    
 1992   14.41380    
 1993   14.53063    
 1994   14.61987    
 1995   14.59754    
 1996   14.77781    
 1997   14.83861    
 1998   14.80547    
 1999   14.84477    
 2000   14.87702    
 2001   14.89898    
 2002   14.97503    
 2003   14.88601    
 2004   14.93769    
 2005   14.93407    
 2006   15.02019    
 2007   15.12897    
 2008   15.21016    
 2009   15.16766    
 2010   15.17827    
 2011   15.18235    
 2012   15.06276    
 2013   15.12970    
 2014   15.06937    
 2015   15.14140    
 2016   15.12960    
 2017   15.23347    
 2018   15.29956    
 2019   15.40886    
 2020   15.40217    
 2021   15.22239    
 2022   15.19771    
 2023   15.45817    
 2024   15.40331    
 2025   15.31635    
 2026   15.42540    
 2027   15.50446    
 2028   15.54262    
 2029   15.49678    
 2030   15.55135    
 2031   15.46204    
 2032   15.57628    
 2033   15.62151    
 2034   15.79962    
 2035   15.83067    
 2036   15.74709    
 2037   15.83030    
 2038   15.93661    
 2039   16.02152    
 2040   16.00038    
 2041   15.97428    
 2042   16.03497    
 2043   15.96447    
 2044   16.00176    
 2045   16.08463    
 2046   16.17653    
 2047   16.12864    
 2048   16.21325    
 2049   16.25697    
 2050   16.33163    
 2051   16.29485    
 2052   16.30753    
 2053   16.48141    
 2054   16.52620    
 2055   16.59270    
 2056   16.49174    
 2057   16.54749    
 2058   16.67776    
 2059   16.77517    
 2060   16.84453    
 2061   16.80831    
 2062   16.93807    
 2063   17.11783    
 2064   17.14231    
 2065   17.15757    
 2066   17.31411    
 2067   17.34175    
 2068   17.19508    
 2069   17.22926    
 2070   17.28278    
 2071   17.31296    
 2072   17.41770    
 2073   17.39532    
 2074   17.27599    
 2075   17.35714    
 2076   17.53773    
 2077   17.52560    
 2078   17.50525    
 2079   17.62164    
 2080   17.62920    
 2081   17.71842    
 2082   17.69098    
 2083   17.71099    
 2084   17.81503    
 2085   17.82771    
 2086   17.79145    
 2087   17.93126    
 2088   18.01333    
 2089   18.16484    
 2090   18.13385    
 2091   18.27540    
 2092   18.27014    
 2093   18.25649    
 2094   18.30870    
 2095   18.34900    
 2096   18.26917    
 2097   18.38277    
 2098   18.51835    
 2099   18.53156    
 2100   18.58852    
