# daily2longer    1 mea
# <a href=http://cmip-pcmdi.llnl.gov/cmip5/>CMIP5</a> global mean temperature computed at <a href=http://www.knmi.nl/selectfield_cmip5.cgi?someone@somewhere>KNMI Climate Explorer</a> tas_Amon_MIROC-ESM-CHEM_rcp85_r1i1p1
# cutting out region lon=   -1.406  358.594, lat=  -89.247   89.247
# file :: /data/storage/climexp/data/iglobal_tas_Amon_mod_rcp85_032.dat
# description :: CMIP5 RCP85 models Tglobal
# comment :: <a href=http://cmip-pcmdi.llnl.gov/cmip5/>CMIP5</a> global mean temperature computed at <a href=http://www.knmi.nl/selectfield_cmip5.cgi?someone@somewhere>KNMI Climate Explorer</a> tas_Amon_MIROC-ESM-CHEM_rcp85_r1i1p1, cutting out region lon=   -1.406  358.594, lat=  -89.247   89.247, via the KNMI Climate Explorer (http://climexp.knmi.nl)
# institution :: KNMI Climate Explorer
# history ::  2018-05-21  9:37:04 bin/selectyear 1850 2100 data/iglobal_tas_Amon_mod_rcp85_032.dat global_tas_Amon_mod_rcp85_+++_1850:2100\n 2018-05-17 23:24:05 dat2nc ./data/iglobal_tas_Amon_mod_rcp85_032.dat i CMIP5_RCP85_models_Tglobal ./data/iglobal_tas_Amon_mod_rcp85_032.nc n
# tas [Celsius] from MIROC-ESM-CHEM model output prepared for CMIP5 RCP8.5 r1i1p1
 1850   13.28309    
 1851   13.41698    
 1852   13.35406    
 1853   13.43967    
 1854   13.40398    
 1855   13.28159    
 1856   13.29063    
 1857   13.20928    
 1858   13.26481    
 1859   13.30907    
 1860   13.27562    
 1861   13.25527    
 1862   13.26173    
 1863   13.33249    
 1864   13.23350    
 1865   13.12002    
 1866   13.35733    
 1867   13.46221    
 1868   13.42292    
 1869   13.20149    
 1870   13.24594    
 1871   13.38362    
 1872   13.27607    
 1873   13.36445    
 1874   13.35710    
 1875   13.28953    
 1876   13.18524    
 1877   13.30246    
 1878   13.42481    
 1879   13.33845    
 1880   13.36647    
 1881   13.45392    
 1882   13.64189    
 1883   13.40791    
 1884   13.01629    
 1885   12.99449    
 1886   13.04452    
 1887   13.12939    
 1888   13.18402    
 1889   13.25997    
 1890   13.32195    
 1891   13.20980    
 1892   13.14891    
 1893   13.27072    
 1894   13.37468    
 1895   13.38801    
 1896   13.38792    
 1897   13.53442    
 1898   13.55017    
 1899   13.40913    
 1900   13.38244    
 1901   13.42625    
 1902   13.31738    
 1903   13.26716    
 1904   13.18974    
 1905   13.23282    
 1906   13.26491    
 1907   13.23106    
 1908   13.20676    
 1909   13.15408    
 1910   13.40009    
 1911   13.36250    
 1912   13.38531    
 1913   13.33961    
 1914   13.33068    
 1915   13.26056    
 1916   13.40470    
 1917   13.44287    
 1918   13.52515    
 1919   13.47243    
 1920   13.53063    
 1921   13.54336    
 1922   13.55006    
 1923   13.65730    
 1924   13.68027    
 1925   13.61989    
 1926   13.55331    
 1927   13.52083    
 1928   13.52944    
 1929   13.40846    
 1930   13.41018    
 1931   13.49488    
 1932   13.56198    
 1933   13.57606    
 1934   13.62331    
 1935   13.68377    
 1936   13.65754    
 1937   13.65009    
 1938   13.59507    
 1939   13.77068    
 1940   13.70070    
 1941   13.72581    
 1942   13.60424    
 1943   13.74744    
 1944   13.70563    
 1945   13.61560    
 1946   13.62410    
 1947   13.59048    
 1948   13.71159    
 1949   13.50392    
 1950   13.50318    
 1951   13.46601    
 1952   13.48860    
 1953   13.62126    
 1954   13.66496    
 1955   13.53918    
 1956   13.67177    
 1957   13.60348    
 1958   13.77056    
 1959   13.59159    
 1960   13.47046    
 1961   13.60743    
 1962   13.65639    
 1963   13.57278    
 1964   13.55226    
 1965   13.54747    
 1966   13.46691    
 1967   13.62064    
 1968   13.53494    
 1969   13.54842    
 1970   13.61292    
 1971   13.60916    
 1972   13.58831    
 1973   13.56979    
 1974   13.62771    
 1975   13.66825    
 1976   13.71224    
 1977   13.73377    
 1978   13.86111    
 1979   13.97912    
 1980   13.91539    
 1981   13.83829    
 1982   13.69997    
 1983   13.63240    
 1984   13.68849    
 1985   13.92768    
 1986   13.81797    
 1987   13.77822    
 1988   13.93400    
 1989   14.02001    
 1990   14.00180    
 1991   13.97855    
 1992   13.61882    
 1993   13.67670    
 1994   13.64407    
 1995   13.92000    
 1996   14.03004    
 1997   13.95361    
 1998   14.03031    
 1999   14.03520    
 2000   13.97134    
 2001   14.17116    
 2002   14.07442    
 2003   14.03290    
 2004   14.10842    
 2005   14.22988    
 2006   14.30983    
 2007   14.18674    
 2008   14.27169    
 2009   14.33030    
 2010   14.36604    
 2011   14.64226    
 2012   14.59111    
 2013   14.54749    
 2014   14.70652    
 2015   14.57140    
 2016   14.55739    
 2017   14.62356    
 2018   14.70288    
 2019   14.88225    
 2020   14.92257    
 2021   14.95845    
 2022   15.00407    
 2023   15.03919    
 2024   14.95975    
 2025   15.07912    
 2026   15.18554    
 2027   15.28480    
 2028   15.32938    
 2029   15.28112    
 2030   15.36583    
 2031   15.31443    
 2032   15.37977    
 2033   15.46481    
 2034   15.49323    
 2035   15.35520    
 2036   15.41498    
 2037   15.60075    
 2038   15.64275    
 2039   15.56489    
 2040   15.52811    
 2041   15.75841    
 2042   15.83741    
 2043   15.95085    
 2044   15.89173    
 2045   15.92761    
 2046   16.04164    
 2047   16.19948    
 2048   16.32081    
 2049   16.42217    
 2050   16.46130    
 2051   16.44544    
 2052   16.48718    
 2053   16.57867    
 2054   16.62125    
 2055   16.55060    
 2056   16.57161    
 2057   16.64987    
 2058   16.91776    
 2059   16.94832    
 2060   16.91968    
 2061   16.86761    
 2062   16.92189    
 2063   17.01760    
 2064   17.08735    
 2065   17.19758    
 2066   17.26682    
 2067   17.29887    
 2068   17.26925    
 2069   17.41927    
 2070   17.48842    
 2071   17.58607    
 2072   17.65348    
 2073   17.73294    
 2074   17.68060    
 2075   17.80626    
 2076   17.92631    
 2077   18.05474    
 2078   18.03357    
 2079   17.98602    
 2080   18.04521    
 2081   18.13900    
 2082   18.32138    
 2083   18.33162    
 2084   18.46297    
 2085   18.65227    
 2086   18.67467    
 2087   18.75944    
 2088   18.72738    
 2089   18.88879    
 2090   18.90339    
 2091   19.05447    
 2092   19.01185    
 2093   18.97818    
 2094   19.13927    
 2095   19.32763    
 2096   19.31985    
 2097   19.38741    
 2098   19.48594    
 2099   19.60957    
 2100   19.70962    
