# daily2longer    1 mea
# ensemble mea of file global_tas_Amon_FIO-ESM_rcp85_%%.dat
# using members   0 to   2
# <a href=http://cmip-pcmdi.llnl.gov/cmip5/>CMIP5</a> global mean temperature computed at <a href=http://www.knmi.nl/selectfield_cmip5.cgi?someone@somewhere>KNMI Climate Explorer</a> tas_Amon_FIO-ESM_rcp85_r1i1p1
# cutting out region lon=   -1.406  358.594, lat=  -89.247   89.247
# file :: /data/storage/climexp/data/iglobal_tas_Amon_mod_rcp85_014.dat
# description :: CMIP5 RCP85 models Tglobal
# comment :: ensemble mea of file global_tas_Amon_FIO-ESM_rcp85_%%.dat, using members   0 to   2, <a href=http://cmip-pcmdi.llnl.gov/cmip5/>CMIP5</a> global mean temperature computed at <a href=http://www.knmi.nl/selectfield_cmip5.cgi?someone@somewhere>KNMI Climate Explorer</a> tas_Amon_FIO-ESM_rcp85_r1i1p1, cutting out region lon=   -1.406  358.594, lat=  -89.247   89.247, via the KNMI Climate Explorer (http://climexp.knmi.nl)
# institution :: KNMI Climate Explorer
# history ::  2018-05-21  9:37:03 bin/selectyear 1850 2100 data/iglobal_tas_Amon_mod_rcp85_014.dat global_tas_Amon_mod_rcp85_+++_1850:2100\n 2018-05-17 23:24:04 dat2nc ./data/iglobal_tas_Amon_mod_rcp85_014.dat i CMIP5_RCP85_models_Tglobal ./data/iglobal_tas_Amon_mod_rcp85_014.nc n
# tas [Celsius] from FIO-ESM model output prepared for CMIP5 RCP8.5 r1i1p1
 1850   13.22266    
 1851   13.19670    
 1852   13.35263    
 1853   13.30543    
 1854   13.24310    
 1855   13.26664    
 1856   13.23948    
 1857   13.29655    
 1858   13.29858    
 1859   13.30489    
 1860   13.26651    
 1861   13.33835    
 1862   13.30823    
 1863   13.32203    
 1864   13.22338    
 1865   13.24102    
 1866   13.41359    
 1867   13.28000    
 1868   13.20879    
 1869   13.27915    
 1870   13.37746    
 1871   13.13320    
 1872   13.27266    
 1873   13.39978    
 1874   13.34346    
 1875   13.24194    
 1876   13.24527    
 1877   13.31582    
 1878   13.28518    
 1879   13.26523    
 1880   13.33547    
 1881   13.23287    
 1882   13.25748    
 1883   13.29188    
 1884   13.36119    
 1885   13.23277    
 1886   13.36659    
 1887   13.27694    
 1888   13.28546    
 1889   13.31859    
 1890   13.34524    
 1891   13.31670    
 1892   13.38304    
 1893   13.36537    
 1894   13.36178    
 1895   13.39645    
 1896   13.33867    
 1897   13.31707    
 1898   13.36094    
 1899   13.32328    
 1900   13.34735    
 1901   13.42468    
 1902   13.30141    
 1903   13.27386    
 1904   13.36808    
 1905   13.35625    
 1906   13.37912    
 1907   13.41785    
 1908   13.29291    
 1909   13.45280    
 1910   13.49900    
 1911   13.27853    
 1912   13.22154    
 1913   13.41573    
 1914   13.46436    
 1915   13.33147    
 1916   13.30354    
 1917   13.51116    
 1918   13.51353    
 1919   13.40181    
 1920   13.48127    
 1921   13.53874    
 1922   13.43789    
 1923   13.47195    
 1924   13.46994    
 1925   13.43624    
 1926   13.39056    
 1927   13.50017    
 1928   13.44198    
 1929   13.47100    
 1930   13.47096    
 1931   13.45710    
 1932   13.46940    
 1933   13.49786    
 1934   13.47998    
 1935   13.46160    
 1936   13.62005    
 1937   13.58592    
 1938   13.45949    
 1939   13.47122    
 1940   13.49462    
 1941   13.56012    
 1942   13.50230    
 1943   13.53046    
 1944   13.58093    
 1945   13.55169    
 1946   13.45013    
 1947   13.46865    
 1948   13.51800    
 1949   13.56703    
 1950   13.56343    
 1951   13.45272    
 1952   13.59044    
 1953   13.51942    
 1954   13.43975    
 1955   13.57323    
 1956   13.50300    
 1957   13.47185    
 1958   13.64658    
 1959   13.60117    
 1960   13.52964    
 1961   13.71930    
 1962   13.64149    
 1963   13.60485    
 1964   13.63584    
 1965   13.50075    
 1966   13.60365    
 1967   13.66215    
 1968   13.61916    
 1969   13.62494    
 1970   13.69469    
 1971   13.69948    
 1972   13.68619    
 1973   13.73880    
 1974   13.73179    
 1975   13.76375    
 1976   13.71201    
 1977   13.82737    
 1978   13.82849    
 1979   13.79485    
 1980   13.79931    
 1981   13.94019    
 1982   13.84942    
 1983   13.86207    
 1984   13.94274    
 1985   13.82215    
 1986   13.90849    
 1987   13.98009    
 1988   14.05960    
 1989   14.01340    
 1990   14.09725    
 1991   14.09663    
 1992   14.10924    
 1993   14.08197    
 1994   14.04910    
 1995   14.21791    
 1996   14.12350    
 1997   14.13717    
 1998   14.30818    
 1999   14.23305    
 2000   14.13114    
 2001   14.20635    
 2002   14.31516    
 2003   14.36550    
 2004   14.35176    
 2005   14.29208    
 2006   14.33273    
 2007   14.33306    
 2008   14.34187    
 2009   14.36350    
 2010   14.39335    
 2011   14.56883    
 2012   14.50325    
 2013   14.43047    
 2014   14.34050    
 2015   14.56834    
 2016   14.53237    
 2017   14.50613    
 2018   14.66634    
 2019   14.54816    
 2020   14.63726    
 2021   14.66455    
 2022   14.57291    
 2023   14.77395    
 2024   14.80356    
 2025   14.76455    
 2026   14.73664    
 2027   14.77885    
 2028   14.86661    
 2029   14.92503    
 2030   14.93450    
 2031   15.00689    
 2032   14.89984    
 2033   15.00113    
 2034   15.11603    
 2035   15.00374    
 2036   15.02104    
 2037   15.08623    
 2038   15.07187    
 2039   15.15306    
 2040   15.22631    
 2041   15.26706    
 2042   15.23794    
 2043   15.34507    
 2044   15.13656    
 2045   15.36112    
 2046   15.39196    
 2047   15.38616    
 2048   15.49707    
 2049   15.49250    
 2050   15.56760    
 2051   15.63226    
 2052   15.68271    
 2053   15.70144    
 2054   15.70437    
 2055   15.69600    
 2056   15.90558    
 2057   15.83812    
 2058   15.73644    
 2059   15.84057    
 2060   15.97147    
 2061   16.02559    
 2062   15.97055    
 2063   15.89171    
 2064   16.06177    
 2065   16.11849    
 2066   16.21709    
 2067   16.24421    
 2068   16.36394    
 2069   16.34918    
 2070   16.44492    
 2071   16.52014    
 2072   16.53500    
 2073   16.53248    
 2074   16.47117    
 2075   16.53735    
 2076   16.76122    
 2077   16.77175    
 2078   16.88677    
 2079   16.96849    
 2080   17.01288    
 2081   17.07682    
 2082   17.19914    
 2083   17.13950    
 2084   17.14833    
 2085   17.31355    
 2086   17.36014    
 2087   17.50959    
 2088   17.56029    
 2089   17.58026    
 2090   17.64941    
 2091   17.65524    
 2092   17.65986    
 2093   17.77493    
 2094   17.83514    
 2095   17.91161    
 2096   17.87391    
 2097   17.99286    
 2098   18.11508    
 2099   18.17039    
 2100   18.14270    
