# daily2longer    1 mea
# ensemble mea of file global_tas_Amon_CESM1-CAM5_rcp85_%%.dat
# using members   0 to   1
# <a href=http://cmip-pcmdi.llnl.gov/cmip5/>CMIP5</a> global mean temperature computed at <a href=http://www.knmi.nl/selectfield_cmip5.cgi?someone@somewhere>KNMI Climate Explorer</a> tas_Amon_CESM1-CAM5_rcp85_r1i1p1
# cutting out region lon=   -0.625  359.375, lat=  -90.000   90.000
# file :: /data/storage/climexp/data/iglobal_tas_Amon_mod_rcp85_007.dat
# description :: CMIP5 RCP85 models Tglobal
# comment :: ensemble mea of file global_tas_Amon_CESM1-CAM5_rcp85_%%.dat, using members   0 to   1, <a href=http://cmip-pcmdi.llnl.gov/cmip5/>CMIP5</a> global mean temperature computed at <a href=http://www.knmi.nl/selectfield_cmip5.cgi?someone@somewhere>KNMI Climate Explorer</a> tas_Amon_CESM1-CAM5_rcp85_r1i1p1, cutting out region lon=   -0.625  359.375, lat=  -90.000   90.000, via the KNMI Climate Explorer (http://climexp.knmi.nl)
# institution :: KNMI Climate Explorer
# history ::  2018-05-21  9:37:03 bin/selectyear 1850 2100 data/iglobal_tas_Amon_mod_rcp85_007.dat global_tas_Amon_mod_rcp85_+++_1850:2100\n 2018-05-17 23:24:04 dat2nc ./data/iglobal_tas_Amon_mod_rcp85_007.dat i CMIP5_RCP85_models_Tglobal ./data/iglobal_tas_Amon_mod_rcp85_007.nc n
# tas [Celsius] from CESM1-CAM5 model output prepared for CMIP5 RCP8.5 r1i1p1
 1850   13.19769    
 1851   13.20146    
 1852   13.17666    
 1853   13.22224    
 1854   13.14711    
 1855   13.00961    
 1856   13.07998    
 1857   13.14219    
 1858   13.13053    
 1859   13.09616    
 1860   13.04124    
 1861   13.00839    
 1862   13.14522    
 1863   13.36572    
 1864   13.19593    
 1865   13.11685    
 1866   13.18713    
 1867   13.13926    
 1868   13.16432    
 1869   13.25240    
 1870   13.25504    
 1871   13.13322    
 1872   13.18616    
 1873   13.17694    
 1874   13.14705    
 1875   13.16121    
 1876   13.09280    
 1877   13.11791    
 1878   13.20020    
 1879   13.27981    
 1880   13.16772    
 1881   13.18128    
 1882   13.22732    
 1883   13.20854    
 1884   12.85159    
 1885   12.87522    
 1886   12.99999    
 1887   12.93368    
 1888   13.00840    
 1889   13.07449    
 1890   13.08881    
 1891   13.01102    
 1892   13.01110    
 1893   12.90423    
 1894   13.00762    
 1895   13.04476    
 1896   13.10486    
 1897   13.05547    
 1898   13.07608    
 1899   13.10940    
 1900   13.12798    
 1901   13.07552    
 1902   13.03579    
 1903   12.72196    
 1904   12.86004    
 1905   13.07196    
 1906   12.97404    
 1907   12.89668    
 1908   12.97476    
 1909   13.01497    
 1910   13.02148    
 1911   12.98282    
 1912   13.01579    
 1913   12.89949    
 1914   12.97476    
 1915   13.13115    
 1916   13.16932    
 1917   13.25708    
 1918   13.17976    
 1919   13.05801    
 1920   13.13603    
 1921   13.20522    
 1922   13.19636    
 1923   13.19946    
 1924   13.16929    
 1925   13.28150    
 1926   13.37124    
 1927   13.31981    
 1928   13.33991    
 1929   13.21101    
 1930   13.17424    
 1931   13.23569    
 1932   13.15955    
 1933   13.16279    
 1934   13.24351    
 1935   13.28492    
 1936   13.14729    
 1937   13.14167    
 1938   13.21669    
 1939   13.25712    
 1940   13.21323    
 1941   13.20843    
 1942   13.15408    
 1943   13.22924    
 1944   13.31670    
 1945   13.34149    
 1946   13.18155    
 1947   13.16208    
 1948   13.28492    
 1949   13.31911    
 1950   13.28570    
 1951   13.18685    
 1952   13.23632    
 1953   13.27386    
 1954   13.20438    
 1955   13.17585    
 1956   13.09172    
 1957   13.25169    
 1958   13.29501    
 1959   13.33859    
 1960   13.31173    
 1961   13.18926    
 1962   13.32921    
 1963   13.21883    
 1964   13.10738    
 1965   13.17906    
 1966   13.18006    
 1967   13.19166    
 1968   13.21800    
 1969   13.27761    
 1970   13.30724    
 1971   13.23823    
 1972   13.28459    
 1973   13.38632    
 1974   13.37837    
 1975   13.30995    
 1976   13.34252    
 1977   13.35886    
 1978   13.40996    
 1979   13.47605    
 1980   13.49742    
 1981   13.59048    
 1982   13.47634    
 1983   13.28576    
 1984   13.36473    
 1985   13.41691    
 1986   13.42684    
 1987   13.50612    
 1988   13.49287    
 1989   13.52083    
 1990   13.49080    
 1991   13.44940    
 1992   13.38424    
 1993   13.44695    
 1994   13.44538    
 1995   13.55626    
 1996   13.64106    
 1997   13.60335    
 1998   13.71026    
 1999   13.74927    
 2000   13.68387    
 2001   13.72122    
 2002   13.87644    
 2003   13.90751    
 2004   13.85685    
 2005   13.87612    
 2006   13.93025    
 2007   13.97558    
 2008   13.89166    
 2009   13.93410    
 2010   13.98494    
 2011   14.16281    
 2012   14.24149    
 2013   14.12803    
 2014   14.19031    
 2015   14.26841    
 2016   14.22561    
 2017   14.25420    
 2018   14.27984    
 2019   14.24580    
 2020   14.39100    
 2021   14.34557    
 2022   14.39443    
 2023   14.39487    
 2024   14.45487    
 2025   14.56417    
 2026   14.59661    
 2027   14.42007    
 2028   14.54221    
 2029   14.71895    
 2030   14.66990    
 2031   14.64259    
 2032   14.75234    
 2033   14.89910    
 2034   14.86723    
 2035   14.88014    
 2036   14.94552    
 2037   14.98277    
 2038   15.00023    
 2039   14.99284    
 2040   15.07622    
 2041   15.03194    
 2042   15.15806    
 2043   15.32574    
 2044   15.38255    
 2045   15.27115    
 2046   15.48592    
 2047   15.57726    
 2048   15.68754    
 2049   15.59861    
 2050   15.72155    
 2051   15.74324    
 2052   15.58630    
 2053   15.64029    
 2054   15.85654    
 2055   16.02359    
 2056   16.04698    
 2057   16.10604    
 2058   16.11993    
 2059   16.27198    
 2060   16.24516    
 2061   16.15851    
 2062   16.18573    
 2063   16.35837    
 2064   16.35173    
 2065   16.39071    
 2066   16.60100    
 2067   16.61123    
 2068   16.63725    
 2069   16.79623    
 2070   16.83239    
 2071   16.84750    
 2072   16.86905    
 2073   16.84142    
 2074   16.88388    
 2075   16.94801    
 2076   16.94653    
 2077   17.06827    
 2078   17.20728    
 2079   17.25897    
 2080   17.26331    
 2081   17.28299    
 2082   17.29425    
 2083   17.39872    
 2084   17.50287    
 2085   17.51834    
 2086   17.49734    
 2087   17.57543    
 2088   17.59761    
 2089   17.75877    
 2090   17.79123    
 2091   17.77855    
 2092   17.85230    
 2093   17.96229    
 2094   17.91349    
 2095   17.96217    
 2096   18.00814    
 2097   18.15652    
 2098   18.19489    
 2099   18.02367    
 2100   18.10346    
