# daily2longer    1 mea
# ensemble mea of file global_tas_Amon_IPSL-CM5A-LR_rcp85_%%.dat
# using members   0 to   3
# <a href=http://cmip-pcmdi.llnl.gov/cmip5/>CMIP5</a> global mean temperature computed at <a href=http://www.knmi.nl/selectfield_cmip5.cgi?someone@somewhere>KNMI Climate Explorer</a> tas_Amon_IPSL-CM5A-LR_rcp85_r1i1p1
# cutting out region lon=   -1.875  358.125, lat=  -90.000   90.000
# file :: /data/storage/climexp/data/iglobal_tas_Amon_mod_rcp85_028.dat
# description :: CMIP5 RCP85 models Tglobal
# comment :: ensemble mea of file global_tas_Amon_IPSL-CM5A-LR_rcp85_%%.dat, using members   0 to   3, <a href=http://cmip-pcmdi.llnl.gov/cmip5/>CMIP5</a> global mean temperature computed at <a href=http://www.knmi.nl/selectfield_cmip5.cgi?someone@somewhere>KNMI Climate Explorer</a> tas_Amon_IPSL-CM5A-LR_rcp85_r1i1p1, cutting out region lon=   -1.875  358.125, lat=  -90.000   90.000, via the KNMI Climate Explorer (http://climexp.knmi.nl)
# institution :: KNMI Climate Explorer
# history ::  2018-05-21  9:37:04 bin/selectyear 1850 2100 data/iglobal_tas_Amon_mod_rcp85_028.dat global_tas_Amon_mod_rcp85_+++_1850:2100\n 2018-05-17 23:24:04 dat2nc ./data/iglobal_tas_Amon_mod_rcp85_028.dat i CMIP5_RCP85_models_Tglobal ./data/iglobal_tas_Amon_mod_rcp85_028.nc n
# tas [Celsius] from IPSL-CM5A-LR model output prepared for CMIP5 RCP8.5 r1i1p1
 1850   12.04717    
 1851   12.04874    
 1852   12.14108    
 1853   12.12443    
 1854   12.11812    
 1855   12.05855    
 1856   11.90137    
 1857   11.89153    
 1858   11.96522    
 1859   11.96566    
 1860   11.98842    
 1861   11.99115    
 1862   12.06931    
 1863   12.10887    
 1864   12.13703    
 1865   12.16689    
 1866   12.15005    
 1867   12.04661    
 1868   12.10413    
 1869   12.19754    
 1870   12.15955    
 1871   12.14682    
 1872   12.09990    
 1873   12.16707    
 1874   12.16087    
 1875   12.29869    
 1876   12.24269    
 1877   12.15654    
 1878   12.27096    
 1879   12.21063    
 1880   12.18474    
 1881   12.38078    
 1882   12.33783    
 1883   12.14522    
 1884   11.85576    
 1885   11.82063    
 1886   11.90086    
 1887   11.93675    
 1888   11.99328    
 1889   11.95062    
 1890   11.95756    
 1891   11.97546    
 1892   12.00636    
 1893   12.05169    
 1894   12.07065    
 1895   12.10472    
 1896   12.10657    
 1897   12.05656    
 1898   12.07008    
 1899   12.10275    
 1900   12.10952    
 1901   12.16930    
 1902   12.14745    
 1903   12.00488    
 1904   12.13092    
 1905   12.15522    
 1906   12.15239    
 1907   12.17618    
 1908   12.20911    
 1909   12.23202    
 1910   12.20308    
 1911   12.27438    
 1912   12.22276    
 1913   12.16732    
 1914   12.30316    
 1915   12.32063    
 1916   12.20862    
 1917   12.27712    
 1918   12.26884    
 1919   12.17310    
 1920   12.26072    
 1921   12.37014    
 1922   12.37986    
 1923   12.36719    
 1924   12.29854    
 1925   12.29689    
 1926   12.40710    
 1927   12.44341    
 1928   12.37657    
 1929   12.38967    
 1930   12.43612    
 1931   12.38331    
 1932   12.39932    
 1933   12.37348    
 1934   12.34108    
 1935   12.25518    
 1936   12.49286    
 1937   12.56599    
 1938   12.48046    
 1939   12.43701    
 1940   12.46045    
 1941   12.52562    
 1942   12.49411    
 1943   12.52414    
 1944   12.54592    
 1945   12.56286    
 1946   12.58368    
 1947   12.55101    
 1948   12.52541    
 1949   12.61330    
 1950   12.60003    
 1951   12.56111    
 1952   12.50238    
 1953   12.55165    
 1954   12.54980    
 1955   12.47231    
 1956   12.52551    
 1957   12.59543    
 1958   12.51964    
 1959   12.51466    
 1960   12.65573    
 1961   12.63287    
 1962   12.51125    
 1963   12.36670    
 1964   12.22348    
 1965   12.30932    
 1966   12.38323    
 1967   12.46339    
 1968   12.40891    
 1969   12.33525    
 1970   12.44675    
 1971   12.52597    
 1972   12.57296    
 1973   12.59161    
 1974   12.57188    
 1975   12.56422    
 1976   12.66148    
 1977   12.63701    
 1978   12.62031    
 1979   12.71956    
 1980   12.73186    
 1981   12.86497    
 1982   12.75356    
 1983   12.71459    
 1984   12.80522    
 1985   12.81544    
 1986   12.83851    
 1987   12.90743    
 1988   12.98867    
 1989   13.04415    
 1990   13.09415    
 1991   13.00313    
 1992   12.85064    
 1993   12.95396    
 1994   12.94471    
 1995   13.02614    
 1996   13.08935    
 1997   13.14145    
 1998   13.24844    
 1999   13.29770    
 2000   13.29343    
 2001   13.36093    
 2002   13.41514    
 2003   13.43573    
 2004   13.45167    
 2005   13.51671    
 2006   13.41820    
 2007   13.45673    
 2008   13.56469    
 2009   13.63034    
 2010   13.61926    
 2011   13.61612    
 2012   13.64092    
 2013   13.63433    
 2014   13.67212    
 2015   13.73038    
 2016   13.76742    
 2017   13.82929    
 2018   13.72759    
 2019   13.81763    
 2020   13.85842    
 2021   13.88614    
 2022   13.94478    
 2023   13.98733    
 2024   14.01701    
 2025   13.97959    
 2026   14.10967    
 2027   14.17273    
 2028   14.18051    
 2029   14.22614    
 2030   14.26069    
 2031   14.28822    
 2032   14.39932    
 2033   14.31745    
 2034   14.42814    
 2035   14.50940    
 2036   14.58703    
 2037   14.54686    
 2038   14.62428    
 2039   14.63702    
 2040   14.69063    
 2041   14.62665    
 2042   14.78232    
 2043   14.89231    
 2044   14.93903    
 2045   14.96151    
 2046   14.95523    
 2047   15.07826    
 2048   15.14452    
 2049   15.20698    
 2050   15.22873    
 2051   15.30792    
 2052   15.38124    
 2053   15.44808    
 2054   15.50180    
 2055   15.46738    
 2056   15.60239    
 2057   15.56631    
 2058   15.70624    
 2059   15.81581    
 2060   15.79495    
 2061   15.81159    
 2062   15.93427    
 2063   15.97404    
 2064   16.10118    
 2065   16.14985    
 2066   16.17595    
 2067   16.12388    
 2068   16.23274    
 2069   16.43485    
 2070   16.52854    
 2071   16.42627    
 2072   16.41174    
 2073   16.56133    
 2074   16.59139    
 2075   16.62390    
 2076   16.69780    
 2077   16.74611    
 2078   16.80007    
 2079   16.91125    
 2080   16.94604    
 2081   17.01746    
 2082   17.05558    
 2083   17.12508    
 2084   17.20771    
 2085   17.26856    
 2086   17.16918    
 2087   17.32298    
 2088   17.39289    
 2089   17.42264    
 2090   17.60437    
 2091   17.65205    
 2092   17.62817    
 2093   17.65394    
 2094   17.72192    
 2095   17.80540    
 2096   17.92429    
 2097   18.01138    
 2098   17.97670    
 2099   18.03790    
 2100   18.08187    
