# daily2longer    1 mea
# <a href=http://cmip-pcmdi.llnl.gov/cmip5/>CMIP5</a> global mean temperature computed at <a href=http://www.knmi.nl/selectfield_cmip5.cgi?someone@somewhere>KNMI Climate Explorer</a> tas_Amon_IPSL-CM5A-MR_rcp85_r1i1p1
# cutting out region lon=   -1.250  358.750, lat=  -90.000   90.000
# file :: /data/storage/climexp/data/iglobal_tas_Amon_mod_rcp85_029.dat
# description :: CMIP5 RCP85 models Tglobal
# comment :: <a href=http://cmip-pcmdi.llnl.gov/cmip5/>CMIP5</a> global mean temperature computed at <a href=http://www.knmi.nl/selectfield_cmip5.cgi?someone@somewhere>KNMI Climate Explorer</a> tas_Amon_IPSL-CM5A-MR_rcp85_r1i1p1, cutting out region lon=   -1.250  358.750, lat=  -90.000   90.000, via the KNMI Climate Explorer (http://climexp.knmi.nl)
# institution :: KNMI Climate Explorer
# history ::  2018-05-21  9:37:04 bin/selectyear 1850 2100 data/iglobal_tas_Amon_mod_rcp85_029.dat global_tas_Amon_mod_rcp85_+++_1850:2100\n 2018-05-17 23:24:04 dat2nc ./data/iglobal_tas_Amon_mod_rcp85_029.dat i CMIP5_RCP85_models_Tglobal ./data/iglobal_tas_Amon_mod_rcp85_029.nc n
# tas [Celsius] from IPSL-CM5A-MR model output prepared for CMIP5 RCP8.5 r1i1p1
 1850   12.94467    
 1851   12.94198    
 1852   12.96913    
 1853   13.18001    
 1854   13.17087    
 1855   13.05178    
 1856   12.92912    
 1857   12.86172    
 1858   12.96235    
 1859   12.91795    
 1860   12.99427    
 1861   13.15597    
 1862   13.01276    
 1863   12.98966    
 1864   12.95005    
 1865   13.07289    
 1866   13.15490    
 1867   13.05889    
 1868   13.18002    
 1869   13.08506    
 1870   13.18235    
 1871   13.14420    
 1872   13.11407    
 1873   13.27021    
 1874   13.14431    
 1875   13.09401    
 1876   13.11164    
 1877   13.14741    
 1878   13.21298    
 1879   13.13787    
 1880   13.21724    
 1881   13.25102    
 1882   13.13820    
 1883   13.05423    
 1884   12.83548    
 1885   12.70943    
 1886   12.77350    
 1887   12.91553    
 1888   12.90855    
 1889   12.92201    
 1890   12.87299    
 1891   12.97068    
 1892   12.99247    
 1893   13.10808    
 1894   13.10050    
 1895   13.07480    
 1896   13.15442    
 1897   13.13120    
 1898   13.04260    
 1899   13.06985    
 1900   13.14040    
 1901   13.17304    
 1902   13.28357    
 1903   13.06376    
 1904   13.00251    
 1905   12.97386    
 1906   13.19176    
 1907   13.18714    
 1908   13.23343    
 1909   13.06170    
 1910   13.17720    
 1911   13.16732    
 1912   13.12864    
 1913   13.13040    
 1914   13.17140    
 1915   13.23206    
 1916   13.26139    
 1917   13.30260    
 1918   13.30116    
 1919   13.30383    
 1920   13.33432    
 1921   13.34622    
 1922   13.25733    
 1923   13.14513    
 1924   13.18935    
 1925   13.27140    
 1926   13.24881    
 1927   13.34494    
 1928   13.40434    
 1929   13.62711    
 1930   13.35156    
 1931   13.28411    
 1932   13.25021    
 1933   13.27427    
 1934   13.39512    
 1935   13.52298    
 1936   13.52351    
 1937   13.44021    
 1938   13.42997    
 1939   13.41618    
 1940   13.48269    
 1941   13.54439    
 1942   13.48307    
 1943   13.38510    
 1944   13.44027    
 1945   13.35668    
 1946   13.33141    
 1947   13.31624    
 1948   13.29441    
 1949   13.51272    
 1950   13.55583    
 1951   13.32109    
 1952   13.24945    
 1953   13.25139    
 1954   13.43130    
 1955   13.32128    
 1956   13.38708    
 1957   13.41676    
 1958   13.50254    
 1959   13.55551    
 1960   13.54041    
 1961   13.44443    
 1962   13.30391    
 1963   13.19811    
 1964   13.26272    
 1965   13.46901    
 1966   13.26167    
 1967   13.41609    
 1968   13.37161    
 1969   13.38454    
 1970   13.37761    
 1971   13.57515    
 1972   13.67014    
 1973   13.45647    
 1974   13.43258    
 1975   13.33928    
 1976   13.39134    
 1977   13.59083    
 1978   13.55121    
 1979   13.56133    
 1980   13.77487    
 1981   13.67026    
 1982   13.69178    
 1983   13.72028    
 1984   13.67976    
 1985   13.48591    
 1986   13.62068    
 1987   13.77651    
 1988   13.86126    
 1989   13.84333    
 1990   13.83009    
 1991   13.58950    
 1992   13.44203    
 1993   13.66551    
 1994   13.62900    
 1995   13.86021    
 1996   14.08649    
 1997   14.01119    
 1998   13.94781    
 1999   14.01414    
 2000   14.12301    
 2001   14.05710    
 2002   14.12370    
 2003   14.15456    
 2004   14.15735    
 2005   14.30424    
 2006   14.24569    
 2007   14.31306    
 2008   14.48190    
 2009   14.41739    
 2010   14.27080    
 2011   14.30528    
 2012   14.32654    
 2013   14.49460    
 2014   14.49860    
 2015   14.55936    
 2016   14.71305    
 2017   14.67159    
 2018   14.75782    
 2019   14.68353    
 2020   14.62337    
 2021   14.66021    
 2022   14.86217    
 2023   14.72038    
 2024   14.79278    
 2025   14.90266    
 2026   14.86048    
 2027   14.78514    
 2028   14.82141    
 2029   14.87790    
 2030   15.03011    
 2031   15.16193    
 2032   15.19862    
 2033   15.15767    
 2034   15.18393    
 2035   15.20474    
 2036   15.36843    
 2037   15.36927    
 2038   15.35878    
 2039   15.37756    
 2040   15.38384    
 2041   15.49750    
 2042   15.57353    
 2043   15.58170    
 2044   15.64733    
 2045   15.64283    
 2046   15.97186    
 2047   16.03263    
 2048   15.90224    
 2049   15.94191    
 2050   15.94580    
 2051   16.15066    
 2052   16.15825    
 2053   16.06646    
 2054   16.20242    
 2055   16.34357    
 2056   16.62433    
 2057   16.57475    
 2058   16.48685    
 2059   16.52841    
 2060   16.71676    
 2061   16.71525    
 2062   16.81568    
 2063   16.84645    
 2064   16.88967    
 2065   16.84636    
 2066   16.88622    
 2067   17.02176    
 2068   17.14130    
 2069   17.18122    
 2070   17.34054    
 2071   17.31978    
 2072   17.39631    
 2073   17.51270    
 2074   17.54869    
 2075   17.75433    
 2076   17.69734    
 2077   17.71999    
 2078   17.82036    
 2079   17.91444    
 2080   17.75406    
 2081   17.79518    
 2082   17.73069    
 2083   17.90762    
 2084   17.91053    
 2085   17.95806    
 2086   18.09613    
 2087   18.23341    
 2088   18.05609    
 2089   18.27208    
 2090   18.28797    
 2091   18.37350    
 2092   18.41062    
 2093   18.38502    
 2094   18.47645    
 2095   18.50882    
 2096   18.52844    
 2097   18.68762    
 2098   18.92087    
 2099   18.92844    
 2100   18.92101    
