# daily2longer    1 mea
# ensemble mea of file global_tas_Amon_CSIRO-Mk3-6-0_rcp85_%%.dat
# using members   0 to   9
# <a href=http://cmip-pcmdi.llnl.gov/cmip5/>CMIP5</a> global mean temperature computed at <a href=http://www.knmi.nl/selectfield_cmip5.cgi?someone@somewhere>KNMI Climate Explorer</a> tas_Amon_CSIRO-Mk3-6-0_rcp85_r10i1p1
# cutting out region lon=   -0.938  359.062, lat=  -89.497   89.497
# file :: /data/storage/climexp/data/iglobal_tas_Amon_mod_rcp85_011.dat
# description :: CMIP5 RCP85 models Tglobal
# comment :: ensemble mea of file global_tas_Amon_CSIRO-Mk3-6-0_rcp85_%%.dat, using members   0 to   9, <a href=http://cmip-pcmdi.llnl.gov/cmip5/>CMIP5</a> global mean temperature computed at <a href=http://www.knmi.nl/selectfield_cmip5.cgi?someone@somewhere>KNMI Climate Explorer</a> tas_Amon_CSIRO-Mk3-6-0_rcp85_r10i1p1, cutting out region lon=   -0.938  359.062, lat=  -89.497   89.497, via the KNMI Climate Explorer (http://climexp.knmi.nl)
# institution :: KNMI Climate Explorer
# history ::  2018-05-21  9:37:03 bin/selectyear 1850 2100 data/iglobal_tas_Amon_mod_rcp85_011.dat global_tas_Amon_mod_rcp85_+++_1850:2100\n 2018-05-17 23:24:04 dat2nc ./data/iglobal_tas_Amon_mod_rcp85_011.dat i CMIP5_RCP85_models_Tglobal ./data/iglobal_tas_Amon_mod_rcp85_011.nc n
# tas [Celsius] from CSIRO-Mk3-6-0 model output prepared for CMIP5 RCP8.5 r10i1p1
 1850   12.65344    
 1851   12.72182    
 1852   12.78407    
 1853   12.76354    
 1854   12.77237    
 1855   12.79131    
 1856   12.74526    
 1857   12.59162    
 1858   12.62247    
 1859   12.66347    
 1860   12.71648    
 1861   12.73123    
 1862   12.65277    
 1863   12.66060    
 1864   12.66288    
 1865   12.72052    
 1866   12.76920    
 1867   12.78513    
 1868   12.79358    
 1869   12.77711    
 1870   12.74994    
 1871   12.75705    
 1872   12.83747    
 1873   12.87133    
 1874   12.87211    
 1875   12.85938    
 1876   12.83904    
 1877   12.87327    
 1878   12.87864    
 1879   12.79949    
 1880   12.81731    
 1881   12.90487    
 1882   12.85723    
 1883   12.77108    
 1884   12.48195    
 1885   12.44484    
 1886   12.53863    
 1887   12.56960    
 1888   12.61913    
 1889   12.60045    
 1890   12.61107    
 1891   12.63449    
 1892   12.61658    
 1893   12.68326    
 1894   12.75510    
 1895   12.78221    
 1896   12.77471    
 1897   12.79904    
 1898   12.74339    
 1899   12.72056    
 1900   12.73688    
 1901   12.78976    
 1902   12.80460    
 1903   12.64760    
 1904   12.71356    
 1905   12.73637    
 1906   12.70684    
 1907   12.76713    
 1908   12.84106    
 1909   12.83009    
 1910   12.82067    
 1911   12.82223    
 1912   12.78749    
 1913   12.77486    
 1914   12.81015    
 1915   12.86521    
 1916   12.87188    
 1917   12.84930    
 1918   12.87327    
 1919   12.91355    
 1920   12.92966    
 1921   12.96405    
 1922   12.94428    
 1923   12.92093    
 1924   12.92717    
 1925   12.97454    
 1926   12.97838    
 1927   12.99083    
 1928   13.03489    
 1929   12.98869    
 1930   12.96163    
 1931   12.99105    
 1932   13.02011    
 1933   13.00546    
 1934   13.00740    
 1935   13.02696    
 1936   13.06470    
 1937   13.05072    
 1938   13.06787    
 1939   13.07619    
 1940   13.06001    
 1941   13.07054    
 1942   13.07969    
 1943   13.07966    
 1944   13.04796    
 1945   13.07417    
 1946   13.08966    
 1947   13.08894    
 1948   13.05345    
 1949   13.05648    
 1950   13.04370    
 1951   13.04800    
 1952   13.04887    
 1953   13.07649    
 1954   13.06838    
 1955   13.04299    
 1956   13.05952    
 1957   13.05851    
 1958   13.08157    
 1959   13.11288    
 1960   13.09126    
 1961   12.98732    
 1962   12.94969    
 1963   12.94453    
 1964   12.84950    
 1965   12.79363    
 1966   12.78450    
 1967   12.87565    
 1968   12.84796    
 1969   12.79417    
 1970   12.81803    
 1971   12.87690    
 1972   12.92572    
 1973   12.91509    
 1974   12.90451    
 1975   12.89253    
 1976   12.93917    
 1977   12.90982    
 1978   12.93656    
 1979   12.97539    
 1980   13.05596    
 1981   13.03687    
 1982   13.01332    
 1983   12.88097    
 1984   12.96769    
 1985   13.01883    
 1986   13.01149    
 1987   13.07252    
 1988   13.14067    
 1989   13.15894    
 1990   13.21431    
 1991   13.20586    
 1992   12.93099    
 1993   12.97459    
 1994   13.00364    
 1995   13.11281    
 1996   13.19511    
 1997   13.21414    
 1998   13.20264    
 1999   13.31547    
 2000   13.40830    
 2001   13.42074    
 2002   13.41086    
 2003   13.40184    
 2004   13.46128    
 2005   13.51485    
 2006   13.48844    
 2007   13.52129    
 2008   13.48719    
 2009   13.47785    
 2010   13.52034    
 2011   13.55118    
 2012   13.60120    
 2013   13.66548    
 2014   13.69543    
 2015   13.71657    
 2016   13.71556    
 2017   13.71815    
 2018   13.73614    
 2019   13.73699    
 2020   13.83557    
 2021   13.89241    
 2022   13.95284    
 2023   13.96250    
 2024   13.98553    
 2025   13.98525    
 2026   13.95699    
 2027   14.04144    
 2028   14.10913    
 2029   14.08818    
 2030   14.05467    
 2031   14.11649    
 2032   14.18465    
 2033   14.26988    
 2034   14.26202    
 2035   14.31867    
 2036   14.43372    
 2037   14.44590    
 2038   14.43714    
 2039   14.53832    
 2040   14.56031    
 2041   14.62800    
 2042   14.62854    
 2043   14.65242    
 2044   14.75433    
 2045   14.77868    
 2046   14.80386    
 2047   14.83729    
 2048   14.90506    
 2049   14.94225    
 2050   15.01261    
 2051   15.01765    
 2052   15.06973    
 2053   15.12388    
 2054   15.17434    
 2055   15.22274    
 2056   15.25836    
 2057   15.32096    
 2058   15.40421    
 2059   15.42424    
 2060   15.47026    
 2061   15.54015    
 2062   15.56458    
 2063   15.63457    
 2064   15.70354    
 2065   15.75222    
 2066   15.81980    
 2067   15.91653    
 2068   15.90957    
 2069   15.99987    
 2070   16.07962    
 2071   16.13978    
 2072   16.16627    
 2073   16.19872    
 2074   16.31294    
 2075   16.35372    
 2076   16.39104    
 2077   16.50663    
 2078   16.55101    
 2079   16.63238    
 2080   16.69885    
 2081   16.70975    
 2082   16.72953    
 2083   16.80053    
 2084   16.89327    
 2085   16.87811    
 2086   16.98845    
 2087   17.02649    
 2088   17.06738    
 2089   17.17151    
 2090   17.22184    
 2091   17.27302    
 2092   17.34416    
 2093   17.44221    
 2094   17.51251    
 2095   17.52675    
 2096   17.57700    
 2097   17.64443    
 2098   17.69334    
 2099   17.78977    
 2100   17.85143    
