# daily2longer    1 mea
# <a href=http://cmip-pcmdi.llnl.gov/cmip5/>CMIP5</a> global mean temperature computed at <a href=http://www.knmi.nl/selectfield_cmip5.cgi?someone@somewhere>KNMI Climate Explorer</a> tas_Amon_IPSL-CM5B-LR_rcp85_r1i1p1
# cutting out region lon=   -1.875  358.125, lat=  -90.000   90.000
# file :: /data/storage/climexp/data/iglobal_tas_Amon_mod_rcp85_030.dat
# description :: CMIP5 RCP85 models Tglobal
# comment :: <a href=http://cmip-pcmdi.llnl.gov/cmip5/>CMIP5</a> global mean temperature computed at <a href=http://www.knmi.nl/selectfield_cmip5.cgi?someone@somewhere>KNMI Climate Explorer</a> tas_Amon_IPSL-CM5B-LR_rcp85_r1i1p1, cutting out region lon=   -1.875  358.125, lat=  -90.000   90.000, via the KNMI Climate Explorer (http://climexp.knmi.nl)
# institution :: KNMI Climate Explorer
# history ::  2018-05-21  9:37:04 bin/selectyear 1850 2100 data/iglobal_tas_Amon_mod_rcp85_030.dat global_tas_Amon_mod_rcp85_+++_1850:2100\n 2018-05-17 23:24:05 dat2nc ./data/iglobal_tas_Amon_mod_rcp85_030.dat i CMIP5_RCP85_models_Tglobal ./data/iglobal_tas_Amon_mod_rcp85_030.nc n
# tas [Celsius] from IPSL-CM5B-LR model output prepared for CMIP5 RCP8.5 r1i1p1
 1850   12.84631    
 1851   12.91489    
 1852   12.84483    
 1853   12.79726    
 1854   12.84300    
 1855   12.71780    
 1856   12.55021    
 1857   12.58350    
 1858   12.58786    
 1859   12.64836    
 1860   12.77972    
 1861   12.91574    
 1862   12.89252    
 1863   12.83060    
 1864   12.89447    
 1865   12.78236    
 1866   12.87196    
 1867   12.81611    
 1868   12.89732    
 1869   12.91537    
 1870   12.93346    
 1871   13.03442    
 1872   12.81482    
 1873   12.88520    
 1874   12.74821    
 1875   12.78225    
 1876   12.74770    
 1877   12.80824    
 1878   12.96311    
 1879   12.94673    
 1880   12.74130    
 1881   12.86127    
 1882   12.96950    
 1883   12.96503    
 1884   12.43590    
 1885   12.62300    
 1886   12.69383    
 1887   12.57148    
 1888   12.66924    
 1889   12.58118    
 1890   12.84007    
 1891   12.87360    
 1892   12.75654    
 1893   12.80575    
 1894   12.71999    
 1895   12.75312    
 1896   12.74475    
 1897   12.73425    
 1898   12.69800    
 1899   12.87596    
 1900   12.94975    
 1901   12.86364    
 1902   12.81001    
 1903   12.58934    
 1904   12.81817    
 1905   13.05555    
 1906   12.94973    
 1907   12.90311    
 1908   12.97568    
 1909   13.15254    
 1910   13.24009    
 1911   13.11628    
 1912   13.00876    
 1913   12.91105    
 1914   13.00654    
 1915   12.96329    
 1916   13.05011    
 1917   13.20532    
 1918   13.14762    
 1919   13.17797    
 1920   13.15655    
 1921   13.17776    
 1922   13.24181    
 1923   13.20022    
 1924   13.04984    
 1925   13.10658    
 1926   13.10870    
 1927   13.13035    
 1928   13.04946    
 1929   13.17705    
 1930   13.29497    
 1931   13.17490    
 1932   13.06087    
 1933   13.05858    
 1934   13.07432    
 1935   13.00686    
 1936   13.10033    
 1937   13.35476    
 1938   13.26760    
 1939   13.26831    
 1940   13.22019    
 1941   13.33140    
 1942   13.10452    
 1943   13.20311    
 1944   13.14753    
 1945   13.21845    
 1946   13.28581    
 1947   13.21859    
 1948   13.29007    
 1949   13.27727    
 1950   13.35350    
 1951   13.20331    
 1952   13.30016    
 1953   13.38660    
 1954   13.38970    
 1955   13.25622    
 1956   13.29990    
 1957   13.43385    
 1958   13.36148    
 1959   13.27946    
 1960   13.28770    
 1961   13.27836    
 1962   13.19245    
 1963   13.09685    
 1964   12.93579    
 1965   13.01218    
 1966   13.08889    
 1967   13.09905    
 1968   13.21624    
 1969   13.29058    
 1970   13.27357    
 1971   13.49816    
 1972   13.40339    
 1973   13.50419    
 1974   13.58587    
 1975   13.49490    
 1976   13.30038    
 1977   13.38739    
 1978   13.45735    
 1979   13.59109    
 1980   13.61218    
 1981   13.58292    
 1982   13.38261    
 1983   13.43900    
 1984   13.67801    
 1985   13.46248    
 1986   13.48745    
 1987   13.69920    
 1988   13.53360    
 1989   13.67848    
 1990   13.87694    
 1991   13.64097    
 1992   13.37491    
 1993   13.28356    
 1994   13.60697    
 1995   13.57872    
 1996   13.63603    
 1997   13.83225    
 1998   13.71865    
 1999   13.65969    
 2000   13.82525    
 2001   13.94139    
 2002   13.73899    
 2003   13.87817    
 2004   13.92667    
 2005   13.88741    
 2006   13.83591    
 2007   13.88071    
 2008   13.93069    
 2009   14.00872    
 2010   13.97609    
 2011   13.92542    
 2012   13.96225    
 2013   14.17341    
 2014   14.06693    
 2015   14.13997    
 2016   14.22227    
 2017   14.04009    
 2018   14.14807    
 2019   14.13460    
 2020   14.16928    
 2021   14.12421    
 2022   14.39397    
 2023   14.33703    
 2024   14.25415    
 2025   14.37267    
 2026   14.48906    
 2027   14.52814    
 2028   14.34389    
 2029   14.54028    
 2030   14.77234    
 2031   14.34348    
 2032   14.52592    
 2033   14.56178    
 2034   14.56621    
 2035   14.71075    
 2036   14.85684    
 2037   14.85285    
 2038   14.81014    
 2039   14.92742    
 2040   14.90625    
 2041   15.00800    
 2042   14.96023    
 2043   15.05815    
 2044   15.11100    
 2045   14.98482    
 2046   15.01631    
 2047   15.36091    
 2048   15.26592    
 2049   15.16430    
 2050   15.34185    
 2051   15.37748    
 2052   15.55662    
 2053   15.49475    
 2054   15.35003    
 2055   15.45315    
 2056   15.36949    
 2057   15.57965    
 2058   15.81458    
 2059   15.80406    
 2060   15.84748    
 2061   15.90474    
 2062   15.95804    
 2063   15.79193    
 2064   15.91447    
 2065   15.95004    
 2066   16.00538    
 2067   16.20792    
 2068   16.10279    
 2069   15.92980    
 2070   16.05510    
 2071   16.26590    
 2072   16.14917    
 2073   16.05328    
 2074   16.35182    
 2075   16.33517    
 2076   16.30753    
 2077   16.50863    
 2078   16.51139    
 2079   16.71146    
 2080   16.58730    
 2081   16.72431    
 2082   16.61066    
 2083   16.61954    
 2084   16.67109    
 2085   16.85088    
 2086   16.73873    
 2087   17.03179    
 2088   17.00449    
 2089   16.76416    
 2090   17.10342    
 2091   17.20473    
 2092   17.09333    
 2093   17.19149    
 2094   17.37705    
 2095   16.99644    
 2096   17.40874    
 2097   17.56893    
 2098   17.29834    
 2099   17.42356    
 2100   17.65261    
