# daily2longer    1 mea
# <a href=http://cmip-pcmdi.llnl.gov/cmip5/>CMIP5</a> global mean temperature computed at <a href=http://www.knmi.nl/selectfield_cmip5.cgi?someone@somewhere>KNMI Climate Explorer</a> tas_Amon_CMCC-CM_rcp85_r1i1p1
# cutting out region lon=   -0.375  359.625, lat=  -89.798   89.798
# file :: /data/storage/climexp/data/iglobal_tas_Amon_mod_rcp85_008.dat
# description :: CMIP5 RCP85 models Tglobal
# comment :: <a href=http://cmip-pcmdi.llnl.gov/cmip5/>CMIP5</a> global mean temperature computed at <a href=http://www.knmi.nl/selectfield_cmip5.cgi?someone@somewhere>KNMI Climate Explorer</a> tas_Amon_CMCC-CM_rcp85_r1i1p1, cutting out region lon=   -0.375  359.625, lat=  -89.798   89.798, via the KNMI Climate Explorer (http://climexp.knmi.nl)
# institution :: KNMI Climate Explorer
# history ::  2018-05-21  9:37:03 bin/selectyear 1850 2100 data/iglobal_tas_Amon_mod_rcp85_008.dat global_tas_Amon_mod_rcp85_+++_1850:2100\n 2018-05-17 23:24:04 dat2nc ./data/iglobal_tas_Amon_mod_rcp85_008.dat i CMIP5_RCP85_models_Tglobal ./data/iglobal_tas_Amon_mod_rcp85_008.nc n
# tas [Celsius] from CMCC-CM model output prepared for CMIP5 RCP8.5 r1i1p1
 1850   13.35620    
 1851   13.36248    
 1852   13.53775    
 1853   13.36582    
 1854   13.23786    
 1855   13.29512    
 1856   13.35471    
 1857   13.49850    
 1858   13.28697    
 1859   13.35719    
 1860   13.39952    
 1861   13.38935    
 1862   13.30403    
 1863   13.26628    
 1864   13.35808    
 1865   13.29137    
 1866   13.27381    
 1867   13.38312    
 1868   13.48383    
 1869   13.31152    
 1870   13.27443    
 1871   13.42252    
 1872   13.38791    
 1873   13.49385    
 1874   13.46611    
 1875   13.45629    
 1876   13.49403    
 1877   13.30719    
 1878   13.09725    
 1879   13.27529    
 1880   13.41759    
 1881   13.31314    
 1882   13.33838    
 1883   13.17439    
 1884   13.30597    
 1885   13.38121    
 1886   13.43329    
 1887   13.46772    
 1888   13.47234    
 1889   13.58277    
 1890   13.53807    
 1891   13.65570    
 1892   13.59669    
 1893   13.25598    
 1894   13.23281    
 1895   13.47823    
 1896   13.38800    
 1897   13.56164    
 1898   13.57367    
 1899   13.45346    
 1900   13.51694    
 1901   13.44986    
 1902   13.47883    
 1903   13.45363    
 1904   13.43106    
 1905   13.51732    
 1906   13.64864    
 1907   13.49811    
 1908   13.44445    
 1909   13.48271    
 1910   13.51794    
 1911   13.51027    
 1912   13.36019    
 1913   13.40310    
 1914   13.30236    
 1915   13.37578    
 1916   13.52345    
 1917   13.24255    
 1918   13.20465    
 1919   13.34716    
 1920   13.40049    
 1921   13.45357    
 1922   13.36662    
 1923   13.24643    
 1924   13.38184    
 1925   13.39498    
 1926   13.45265    
 1927   13.31918    
 1928   13.33683    
 1929   13.46769    
 1930   13.52073    
 1931   13.44282    
 1932   13.38051    
 1933   13.47312    
 1934   13.53177    
 1935   13.41425    
 1936   13.45999    
 1937   13.61333    
 1938   13.60160    
 1939   13.53082    
 1940   13.54018    
 1941   13.51754    
 1942   13.39102    
 1943   13.50605    
 1944   13.56594    
 1945   13.44361    
 1946   13.49489    
 1947   13.59193    
 1948   13.55905    
 1949   13.59713    
 1950   13.65469    
 1951   13.64515    
 1952   13.66283    
 1953   13.57687    
 1954   13.55356    
 1955   13.59191    
 1956   13.63640    
 1957   13.58492    
 1958   13.52623    
 1959   13.50432    
 1960   13.29560    
 1961   13.42881    
 1962   13.41960    
 1963   13.59867    
 1964   13.50930    
 1965   13.43569    
 1966   13.38021    
 1967   13.61041    
 1968   13.64689    
 1969   13.77830    
 1970   13.79869    
 1971   13.59366    
 1972   13.59135    
 1973   13.57424    
 1974   13.55328    
 1975   13.41459    
 1976   13.46475    
 1977   13.54883    
 1978   13.76565    
 1979   13.74839    
 1980   13.72758    
 1981   13.65253    
 1982   13.72140    
 1983   13.69115    
 1984   13.63222    
 1985   13.68474    
 1986   13.56911    
 1987   13.77917    
 1988   13.87350    
 1989   13.79741    
 1990   13.76869    
 1991   13.84781    
 1992   13.86387    
 1993   13.98447    
 1994   13.98068    
 1995   13.98862    
 1996   13.87334    
 1997   13.99039    
 1998   13.99219    
 1999   13.93457    
 2000   14.11400    
 2001   14.26654    
 2002   14.21166    
 2003   14.26492    
 2004   14.30486    
 2005   14.19470    
 2006   14.17698    
 2007   14.13493    
 2008   14.23812    
 2009   14.27038    
 2010   14.31962    
 2011   14.25111    
 2012   14.31535    
 2013   14.32975    
 2014   14.30365    
 2015   14.54606    
 2016   14.49519    
 2017   14.53301    
 2018   14.46396    
 2019   14.49884    
 2020   14.49263    
 2021   14.53312    
 2022   14.53443    
 2023   14.51860    
 2024   14.50502    
 2025   14.60190    
 2026   14.79499    
 2027   14.85376    
 2028   14.92779    
 2029   14.82271    
 2030   14.81506    
 2031   15.00243    
 2032   14.94494    
 2033   15.01988    
 2034   15.11844    
 2035   15.11718    
 2036   15.21542    
 2037   15.26460    
 2038   15.39022    
 2039   15.52146    
 2040   15.39430    
 2041   15.50120    
 2042   15.39272    
 2043   15.34973    
 2044   15.43934    
 2045   15.43547    
 2046   15.52106    
 2047   15.67212    
 2048   15.56591    
 2049   15.63222    
 2050   15.71562    
 2051   15.87201    
 2052   15.91279    
 2053   15.90781    
 2054   15.90188    
 2055   16.09655    
 2056   16.10418    
 2057   16.24893    
 2058   16.17948    
 2059   16.20806    
 2060   16.43690    
 2061   16.55631    
 2062   16.46844    
 2063   16.61191    
 2064   16.69363    
 2065   16.54420    
 2066   16.65843    
 2067   16.88327    
 2068   16.99721    
 2069   16.71735    
 2070   16.64343    
 2071   16.89349    
 2072   16.99720    
 2073   17.07590    
 2074   17.17269    
 2075   17.13971    
 2076   17.12766    
 2077   17.37317    
 2078   17.33786    
 2079   17.41729    
 2080   17.62227    
 2081   17.70705    
 2082   17.81482    
 2083   17.64263    
 2084   17.79236    
 2085   17.76737    
 2086   17.99837    
 2087   17.75899    
 2088   17.98156    
 2089   18.04794    
 2090   17.94365    
 2091   17.99497    
 2092   18.31836    
 2093   18.24842    
 2094   18.38542    
 2095   18.65924    
 2096   18.51513    
 2097   18.65073    
 2098   18.64912    
 2099   18.83646    
 2100   18.84321    
