# daily2longer    1 mea
# <a href=http://cmip-pcmdi.llnl.gov/cmip5/>CMIP5</a> global mean temperature computed at <a href=http://www.knmi.nl/selectfield_cmip5.cgi?someone@somewhere>KNMI Climate Explorer</a> tas_Amon_GFDL-ESM2M_rcp60_r1i1p1
# cutting out region lon=    0.000  360.000, lat=  -90.000   90.000
# file :: /data/storage/climexp/data/iglobal_tas_Amon_mod_rcp60_008.dat
# description :: CMIP5 RCP60 models Tglobal
# comment :: <a href=http://cmip-pcmdi.llnl.gov/cmip5/>CMIP5</a> global mean temperature computed at <a href=http://www.knmi.nl/selectfield_cmip5.cgi?someone@somewhere>KNMI Climate Explorer</a> tas_Amon_GFDL-ESM2M_rcp60_r1i1p1, cutting out region lon=    0.000  360.000, lat=  -90.000   90.000, via the KNMI Climate Explorer (http://climexp.knmi.nl)
# institution :: KNMI Climate Explorer
# history ::  2018-05-21  9:26:54 bin/selectyear 1850 2100 data/iglobal_tas_Amon_mod_rcp60_008.dat global_tas_Amon_mod_rcp60_+++_1850:2100\n 2018-05-17 23:23:54 dat2nc ./data/iglobal_tas_Amon_mod_rcp60_008.dat i CMIP5_RCP60_models_Tglobal ./data/iglobal_tas_Amon_mod_rcp60_008.nc n
# tas [Celsius] from NOAA GFDL GFDL-ESM2M, RCP6 (run 1) experiment output for CMIP5 AR5 r1i1p1
 1861   13.65014    
 1862   13.75466    
 1863   13.76621    
 1864   13.65949    
 1865   13.73198    
 1866   13.89045    
 1867   13.85650    
 1868   13.75365    
 1869   13.89196    
 1870   13.92996    
 1871   13.88064    
 1872   13.68060    
 1873   13.83170    
 1874   13.90305    
 1875   13.90279    
 1876   13.61934    
 1877   13.66734    
 1878   13.53885    
 1879   13.71106    
 1880   13.73855    
 1881   13.66178    
 1882   13.73549    
 1883   13.73493    
 1884   13.40354    
 1885   13.31131    
 1886   13.45030    
 1887   13.33341    
 1888   13.47583    
 1889   13.54064    
 1890   13.73918    
 1891   13.70189    
 1892   13.62197    
 1893   13.62131    
 1894   13.79496    
 1895   13.96998    
 1896   14.08154    
 1897   13.69594    
 1898   13.74140    
 1899   13.88751    
 1900   13.96359    
 1901   13.85286    
 1902   13.84420    
 1903   13.59211    
 1904   13.61135    
 1905   13.92040    
 1906   13.95104    
 1907   13.76075    
 1908   13.78435    
 1909   13.86584    
 1910   13.91871    
 1911   14.02640    
 1912   13.78384    
 1913   13.69590    
 1914   13.88055    
 1915   13.94342    
 1916   13.96254    
 1917   13.90982    
 1918   13.97802    
 1919   13.92261    
 1920   13.98746    
 1921   13.98627    
 1922   13.96888    
 1923   13.88765    
 1924   13.86873    
 1925   13.81661    
 1926   14.11239    
 1927   14.22603    
 1928   13.82726    
 1929   13.85452    
 1930   13.94899    
 1931   13.84890    
 1932   14.01247    
 1933   14.05772    
 1934   13.79263    
 1935   13.82005    
 1936   14.13854    
 1937   14.24672    
 1938   13.78427    
 1939   13.75869    
 1940   13.86160    
 1941   13.90185    
 1942   14.05856    
 1943   13.76071    
 1944   13.83173    
 1945   14.12954    
 1946   13.92224    
 1947   13.89615    
 1948   14.06616    
 1949   13.81309    
 1950   13.89741    
 1951   13.97120    
 1952   14.22653    
 1953   14.03912    
 1954   13.94628    
 1955   13.91384    
 1956   13.99249    
 1957   14.23393    
 1958   14.01614    
 1959   13.99790    
 1960   14.24687    
 1961   14.22834    
 1962   13.93971    
 1963   13.79655    
 1964   13.59071    
 1965   13.74869    
 1966   13.95543    
 1967   13.81056    
 1968   13.75529    
 1969   13.78887    
 1970   13.85042    
 1971   13.93447    
 1972   13.96652    
 1973   14.19303    
 1974   13.98820    
 1975   13.84589    
 1976   13.90962    
 1977   14.11532    
 1978   14.11281    
 1979   14.10467    
 1980   14.14463    
 1981   14.05316    
 1982   14.20294    
 1983   14.14594    
 1984   14.14087    
 1985   14.01614    
 1986   14.17307    
 1987   14.41183    
 1988   14.45510    
 1989   14.00788    
 1990   14.13769    
 1991   14.40594    
 1992   14.17762    
 1993   14.00081    
 1994   14.09571    
 1995   14.22025    
 1996   14.58411    
 1997   14.56148    
 1998   14.30293    
 1999   14.35629    
 2000   14.61060    
 2001   14.68790    
 2002   14.69283    
 2003   14.41566    
 2004   14.51516    
 2005   14.60310    
 2006   14.67347    
 2007   14.76549    
 2008   14.47114    
 2009   14.55316    
 2010   14.58758    
 2011   14.80106    
 2012   14.88803    
 2013   14.65934    
 2014   14.73803    
 2015   14.58112    
 2016   14.64495    
 2017   14.81306    
 2018   14.78440    
 2019   14.95955    
 2020   14.69871    
 2021   14.72876    
 2022   14.76348    
 2023   14.91761    
 2024   15.00573    
 2025   14.89787    
 2026   14.96287    
 2027   15.06823    
 2028   15.08389    
 2029   14.70690    
 2030   14.73887    
 2031   14.95451    
 2032   15.00759    
 2033   14.94063    
 2034   15.13730    
 2035   14.93344    
 2036   14.85182    
 2037   14.98729    
 2038   15.14132    
 2039   15.23076    
 2040   14.84719    
 2041   15.05586    
 2042   15.22661    
 2043   15.06355    
 2044   15.06452    
 2045   15.15111    
 2046   15.07632    
 2047   15.21808    
 2048   14.95701    
 2049   14.99248    
 2050   15.01541    
 2051   15.02408    
 2052   15.11178    
 2053   15.11135    
 2054   15.16636    
 2055   15.28432    
 2056   15.14716    
 2057   15.02645    
 2058   15.31161    
 2059   15.33455    
 2060   15.27196    
 2061   15.31791    
 2062   15.46378    
 2063   15.50935    
 2064   15.34320    
 2065   15.42499    
 2066   15.45535    
 2067   15.52012    
 2068   15.75871    
 2069   15.54376    
 2070   15.57635    
 2071   15.72647    
 2072   15.72921    
 2073   15.77479    
 2074   15.65575    
 2075   15.72315    
 2076   15.82716    
 2077   15.78398    
 2078   15.86109    
 2079   15.93939    
 2080   15.99677    
 2081   15.86823    
 2082   15.87631    
 2083   16.01055    
 2084   15.96553    
 2085   15.90522    
 2086   15.99690    
 2087   15.87696    
 2088   15.78272    
 2089   16.09374    
 2090   16.21302    
 2091   15.97001    
 2092   16.03591    
 2093   16.11408    
 2094   16.11329    
 2095   16.07999    
 2096   16.11420    
 2097   16.17359    
 2098   16.14804    
 2099   16.16793    
 2100   16.20704    
