# daily2longer    1 mea
# <a href=http://cmip-pcmdi.llnl.gov/cmip5/>CMIP5</a> global mean temperature computed at <a href=http://www.knmi.nl/selectfield_cmip5.cgi?someone@somewhere>KNMI Climate Explorer</a> tas_Amon_bcc-csm1-1-m_rcp60_r1i1p1
# cutting out region lon=   -0.562  359.438, lat=  -89.698   89.698
# file :: /data/storage/climexp/data/iglobal_tas_Amon_mod_rcp60_000.dat
# description :: CMIP5 RCP60 models Tglobal
# comment :: <a href=http://cmip-pcmdi.llnl.gov/cmip5/>CMIP5</a> global mean temperature computed at <a href=http://www.knmi.nl/selectfield_cmip5.cgi?someone@somewhere>KNMI Climate Explorer</a> tas_Amon_bcc-csm1-1-m_rcp60_r1i1p1, cutting out region lon=   -0.562  359.438, lat=  -89.698   89.698, via the KNMI Climate Explorer (http://climexp.knmi.nl)
# institution :: KNMI Climate Explorer
# history ::  2018-05-21  9:26:53 bin/selectyear 1850 2100 data/iglobal_tas_Amon_mod_rcp60_000.dat global_tas_Amon_mod_rcp60_+++_1850:2100\n 2018-04-26  6:42:30 dat2nc ./data/iglobal_tas_Amon_mod_rcp60_000.dat i CMIP5_RCP60_models_Tglobal ./data/iglobal_tas_Amon_mod_rcp60_000.nc n
# tas [Celsius] from bcc-csm1-1-m model output prepared for CMIP5 RCP6 r1i1p1
 1850   13.92920    
 1851   14.03640    
 1852   13.97486    
 1853   14.13954    
 1854   14.30882    
 1855   14.18623    
 1856   14.34598    
 1857   14.01614    
 1858   14.01321    
 1859   14.26643    
 1860   14.24063    
 1861   14.18322    
 1862   14.26630    
 1863   14.28351    
 1864   14.38977    
 1865   14.20764    
 1866   14.26129    
 1867   14.38240    
 1868   14.36540    
 1869   14.41764    
 1870   14.39960    
 1871   14.46112    
 1872   14.45391    
 1873   14.49185    
 1874   14.52531    
 1875   14.43275    
 1876   14.48377    
 1877   14.50590    
 1878   14.51915    
 1879   14.60639    
 1880   14.59550    
 1881   14.65795    
 1882   14.48689    
 1883   14.61266    
 1884   14.24802    
 1885   14.04770    
 1886   14.24452    
 1887   14.30161    
 1888   14.27201    
 1889   14.50459    
 1890   14.50789    
 1891   14.17195    
 1892   14.48018    
 1893   14.44728    
 1894   14.59288    
 1895   14.55852    
 1896   14.41172    
 1897   14.53433    
 1898   14.54168    
 1899   14.71141    
 1900   14.73871    
 1901   14.65556    
 1902   14.64178    
 1903   14.24181    
 1904   14.30184    
 1905   14.36649    
 1906   14.52978    
 1907   14.63512    
 1908   14.57987    
 1909   14.60590    
 1910   14.59648    
 1911   14.63584    
 1912   14.70191    
 1913   14.56243    
 1914   14.57289    
 1915   14.61201    
 1916   14.72531    
 1917   14.60388    
 1918   14.87029    
 1919   14.62785    
 1920   14.78747    
 1921   14.82041    
 1922   14.70868    
 1923   14.72054    
 1924   14.69646    
 1925   14.62100    
 1926   14.58402    
 1927   14.66359    
 1928   14.60603    
 1929   14.52879    
 1930   14.62693    
 1931   14.66797    
 1932   14.75193    
 1933   14.66982    
 1934   14.64220    
 1935   14.76988    
 1936   14.60681    
 1937   14.57419    
 1938   14.55871    
 1939   14.75460    
 1940   14.69257    
 1941   14.65740    
 1942   14.68554    
 1943   14.64400    
 1944   14.61466    
 1945   14.75295    
 1946   14.73510    
 1947   14.69960    
 1948   14.71702    
 1949   14.80244    
 1950   14.63641    
 1951   14.80667    
 1952   14.85292    
 1953   14.69940    
 1954   14.67062    
 1955   14.83328    
 1956   14.81234    
 1957   14.82893    
 1958   14.78167    
 1959   14.73846    
 1960   14.75977    
 1961   14.77795    
 1962   14.88593    
 1963   14.66890    
 1964   14.52369    
 1965   14.71426    
 1966   14.76841    
 1967   14.75953    
 1968   14.70281    
 1969   14.85449    
 1970   14.87465    
 1971   14.83096    
 1972   14.92605    
 1973   14.85684    
 1974   14.84725    
 1975   14.93484    
 1976   14.87472    
 1977   14.90145    
 1978   14.92731    
 1979   14.96726    
 1980   15.13458    
 1981   15.11068    
 1982   14.92194    
 1983   14.90456    
 1984   14.92931    
 1985   14.97693    
 1986   15.07281    
 1987   15.15842    
 1988   15.15425    
 1989   15.34512    
 1990   15.33266    
 1991   15.16815    
 1992   14.88136    
 1993   14.98564    
 1994   15.08629    
 1995   15.17332    
 1996   15.43262    
 1997   15.32949    
 1998   15.54754    
 1999   15.54195    
 2000   15.46445    
 2001   15.65881    
 2002   15.77945    
 2003   15.75547    
 2004   15.75175    
 2005   15.87969    
 2006   15.82430    
 2007   15.92951    
 2008   15.85508    
 2009   15.68642    
 2010   15.86856    
 2011   15.82882    
 2012   15.85532    
 2013   16.02556    
 2014   15.89306    
 2015   15.87876    
 2016   16.12776    
 2017   16.01762    
 2018   15.94934    
 2019   15.98720    
 2020   16.17991    
 2021   15.98147    
 2022   16.09800    
 2023   16.12160    
 2024   16.27160    
 2025   16.23133    
 2026   16.19742    
 2027   16.26043    
 2028   16.16416    
 2029   16.15273    
 2030   16.33472    
 2031   16.28618    
 2032   16.28753    
 2033   16.24064    
 2034   16.39270    
 2035   16.51262    
 2036   16.46187    
 2037   16.36450    
 2038   16.24277    
 2039   16.34194    
 2040   16.42482    
 2041   16.71497    
 2042   16.60832    
 2043   16.52912    
 2044   16.59304    
 2045   16.57582    
 2046   16.65487    
 2047   16.50455    
 2048   16.41649    
 2049   16.55288    
 2050   16.53585    
 2051   16.43794    
 2052   16.61266    
 2053   16.59851    
 2054   16.56992    
 2055   16.65771    
 2056   16.57978    
 2057   16.57520    
 2058   16.64649    
 2059   16.67866    
 2060   16.73915    
 2061   16.66540    
 2062   16.65360    
 2063   16.74162    
 2064   16.63213    
 2065   16.74724    
 2066   16.92460    
 2067   16.82895    
 2068   16.79702    
 2069   16.82251    
 2070   16.97069    
 2071   16.92458    
 2072   16.82405    
 2073   17.06191    
 2074   17.16894    
 2075   17.20603    
 2076   17.04385    
 2077   17.00149    
 2078   17.08063    
 2079   17.19068    
 2080   17.08436    
 2081   17.08963    
 2082   17.23033    
 2083   17.30766    
 2084   17.15715    
 2085   17.19246    
 2086   17.24564    
 2087   17.32716    
 2088   17.23438    
 2089   17.21447    
 2090   17.39564    
 2091   17.31334    
 2092   17.23811    
 2093   17.30184    
 2094   17.34579    
 2095   17.44706    
 2096   17.32891    
 2097   17.36536    
 2098   17.48626    
 2099   17.47143    
 2100   17.41100    
