# daily2longer    1 mea
# ensemble mea of file global_tas_Amon_MIROC5_rcp60_%%.dat
# using members   0 to   2
# <a href=http://cmip-pcmdi.llnl.gov/cmip5/>CMIP5</a> global mean temperature computed at <a href=http://www.knmi.nl/selectfield_cmip5.cgi?someone@somewhere>KNMI Climate Explorer</a> tas_Amon_MIROC5_rcp60_r1i1p1
# cutting out region lon=   -0.703  359.297, lat=  -89.622   89.622
# file :: /data/storage/climexp/data/iglobal_tas_Amon_mod_rcp60_019.dat
# description :: CMIP5 RCP60 models Tglobal
# comment :: ensemble mea of file global_tas_Amon_MIROC5_rcp60_%%.dat, using members   0 to   2, <a href=http://cmip-pcmdi.llnl.gov/cmip5/>CMIP5</a> global mean temperature computed at <a href=http://www.knmi.nl/selectfield_cmip5.cgi?someone@somewhere>KNMI Climate Explorer</a> tas_Amon_MIROC5_rcp60_r1i1p1, cutting out region lon=   -0.703  359.297, lat=  -89.622   89.622, via the KNMI Climate Explorer (http://climexp.knmi.nl)
# institution :: KNMI Climate Explorer
# history ::  2018-05-21  9:26:54 bin/selectyear 1850 2100 data/iglobal_tas_Amon_mod_rcp60_019.dat global_tas_Amon_mod_rcp60_+++_1850:2100\n 2018-05-17 23:23:54 dat2nc ./data/iglobal_tas_Amon_mod_rcp60_019.dat i CMIP5_RCP60_models_Tglobal ./data/iglobal_tas_Amon_mod_rcp60_019.nc n
# tas [Celsius] from MIROC5 model output prepared for CMIP5 RCP6 r1i1p1
 1850   14.42833    
 1851   14.44838    
 1852   14.42344    
 1853   14.53019    
 1854   14.47241    
 1855   14.46018    
 1856   14.46496    
 1857   14.39454    
 1858   14.40217    
 1859   14.35294    
 1860   14.37675    
 1861   14.43254    
 1862   14.49310    
 1863   14.54911    
 1864   14.48705    
 1865   14.40762    
 1866   14.43268    
 1867   14.45776    
 1868   14.51728    
 1869   14.47146    
 1870   14.43718    
 1871   14.50309    
 1872   14.55450    
 1873   14.55106    
 1874   14.47887    
 1875   14.57116    
 1876   14.65123    
 1877   14.56108    
 1878   14.51526    
 1879   14.40566    
 1880   14.47764    
 1881   14.54276    
 1882   14.52564    
 1883   14.46749    
 1884   14.28009    
 1885   14.24044    
 1886   14.25498    
 1887   14.26316    
 1888   14.30357    
 1889   14.34840    
 1890   14.40154    
 1891   14.36977    
 1892   14.23927    
 1893   14.29943    
 1894   14.39444    
 1895   14.46666    
 1896   14.46820    
 1897   14.43380    
 1898   14.40749    
 1899   14.45137    
 1900   14.51895    
 1901   14.43905    
 1902   14.41013    
 1903   14.34562    
 1904   14.28284    
 1905   14.30756    
 1906   14.41549    
 1907   14.53153    
 1908   14.43001    
 1909   14.48637    
 1910   14.50766    
 1911   14.49762    
 1912   14.48965    
 1913   14.40479    
 1914   14.35673    
 1915   14.39068    
 1916   14.47138    
 1917   14.50069    
 1918   14.55565    
 1919   14.50314    
 1920   14.48129    
 1921   14.55146    
 1922   14.68488    
 1923   14.77847    
 1924   14.73082    
 1925   14.59753    
 1926   14.52380    
 1927   14.54216    
 1928   14.56355    
 1929   14.63169    
 1930   14.66490    
 1931   14.75397    
 1932   14.90850    
 1933   14.65056    
 1934   14.51594    
 1935   14.53953    
 1936   14.54988    
 1937   14.64444    
 1938   14.65792    
 1939   14.66068    
 1940   14.67452    
 1941   14.68192    
 1942   14.78165    
 1943   14.83416    
 1944   14.66672    
 1945   14.64549    
 1946   14.74277    
 1947   14.81754    
 1948   14.78897    
 1949   14.74606    
 1950   14.84917    
 1951   15.05854    
 1952   14.94246    
 1953   14.59316    
 1954   14.53490    
 1955   14.63339    
 1956   14.75350    
 1957   14.76586    
 1958   14.72456    
 1959   14.77237    
 1960   14.85701    
 1961   14.79349    
 1962   14.54498    
 1963   14.53945    
 1964   14.49828    
 1965   14.55671    
 1966   14.61961    
 1967   14.52063    
 1968   14.50166    
 1969   14.50478    
 1970   14.56872    
 1971   14.58831    
 1972   14.55570    
 1973   14.53646    
 1974   14.67886    
 1975   14.71717    
 1976   14.79860    
 1977   14.70889    
 1978   14.75888    
 1979   14.68029    
 1980   14.69522    
 1981   14.80870    
 1982   14.81215    
 1983   14.63370    
 1984   14.52196    
 1985   14.55822    
 1986   14.70261    
 1987   14.86486    
 1988   14.92019    
 1989   14.89494    
 1990   14.86743    
 1991   14.84962    
 1992   14.65331    
 1993   14.83220    
 1994   14.86653    
 1995   14.79826    
 1996   14.78329    
 1997   14.97273    
 1998   15.05298    
 1999   15.05890    
 2000   15.09938    
 2001   15.16510    
 2002   15.25602    
 2003   15.25254    
 2004   15.30533    
 2005   15.27137    
 2006   15.19614    
 2007   15.24181    
 2008   15.42844    
 2009   15.34720    
 2010   15.18902    
 2011   15.26633    
 2012   15.38252    
 2013   15.55029    
 2014   15.42228    
 2015   15.36673    
 2016   15.37364    
 2017   15.40042    
 2018   15.40239    
 2019   15.60325    
 2020   15.67529    
 2021   15.48903    
 2022   15.43265    
 2023   15.38980    
 2024   15.48582    
 2025   15.73487    
 2026   15.62236    
 2027   15.56686    
 2028   15.60256    
 2029   15.56142    
 2030   15.65516    
 2031   15.74309    
 2032   15.72661    
 2033   15.74352    
 2034   15.67570    
 2035   15.57191    
 2036   15.61655    
 2037   15.77575    
 2038   15.95794    
 2039   15.89019    
 2040   15.75055    
 2041   15.78983    
 2042   15.80295    
 2043   15.88464    
 2044   16.05116    
 2045   15.85572    
 2046   15.81924    
 2047   15.97306    
 2048   16.00679    
 2049   16.05254    
 2050   15.95289    
 2051   15.93089    
 2052   16.04403    
 2053   16.27919    
 2054   16.11567    
 2055   15.89637    
 2056   15.96831    
 2057   16.10207    
 2058   16.22716    
 2059   16.19397    
 2060   16.02455    
 2061   16.11785    
 2062   16.28437    
 2063   16.27499    
 2064   16.31294    
 2065   16.30536    
 2066   16.40006    
 2067   16.42825    
 2068   16.42002    
 2069   16.35671    
 2070   16.41003    
 2071   16.62080    
 2072   16.61328    
 2073   16.51919    
 2074   16.60538    
 2075   16.62644    
 2076   16.54870    
 2077   16.53045    
 2078   16.75556    
 2079   16.95859    
 2080   16.81917    
 2081   16.60685    
 2082   16.58007    
 2083   16.79735    
 2084   17.07182    
 2085   17.16336    
 2086   16.87247    
 2087   16.73156    
 2088   16.89816    
 2089   17.08644    
 2090   17.15176    
 2091   17.10807    
 2092   16.96923    
 2093   16.95613    
 2094   17.09112    
 2095   17.16779    
 2096   17.03439    
 2097   16.92719    
 2098   17.05686    
 2099   17.12712    
 2100   17.22560    
