# daily2longer    1 mea
# <a href=http://cmip-pcmdi.llnl.gov/cmip5/>CMIP5</a> global mean temperature computed at <a href=http://www.knmi.nl/selectfield_cmip5.cgi?someone@somewhere>KNMI Climate Explorer</a> tas_Amon_GISS-E2-R_rcp60_r1i1p3
# cutting out region lon=    0.000  360.000, lat=  -90.000   90.000
# file :: /data/storage/climexp/data/iglobal_tas_Amon_mod_rcp60_014.dat
# description :: CMIP5 RCP60 models Tglobal
# comment :: <a href=http://cmip-pcmdi.llnl.gov/cmip5/>CMIP5</a> global mean temperature computed at <a href=http://www.knmi.nl/selectfield_cmip5.cgi?someone@somewhere>KNMI Climate Explorer</a> tas_Amon_GISS-E2-R_rcp60_r1i1p3, cutting out region lon=    0.000  360.000, lat=  -90.000   90.000, via the KNMI Climate Explorer (http://climexp.knmi.nl)
# institution :: KNMI Climate Explorer
# history ::  2018-05-21  9:26:54 bin/selectyear 1850 2100 data/iglobal_tas_Amon_mod_rcp60_014.dat global_tas_Amon_mod_rcp60_+++_1850:2100\n 2018-05-17 23:23:54 dat2nc ./data/iglobal_tas_Amon_mod_rcp60_014.dat i CMIP5_RCP60_models_Tglobal ./data/iglobal_tas_Amon_mod_rcp60_014.nc n
# tas [Celsius] from GISS-E2-R model output prepared for CMIP5 RCP6 r1i1p3
 1850   14.45963    
 1851   14.48937    
 1852   14.44877    
 1853   14.44736    
 1854   14.60457    
 1855   14.56849    
 1856   14.45624    
 1857   14.37386    
 1858   14.35297    
 1859   14.36519    
 1860   14.44861    
 1861   14.56863    
 1862   14.48650    
 1863   14.36412    
 1864   14.30676    
 1865   14.48302    
 1866   14.53486    
 1867   14.56568    
 1868   14.51041    
 1869   14.59365    
 1870   14.68329    
 1871   14.59560    
 1872   14.53765    
 1873   14.52796    
 1874   14.59784    
 1875   14.54872    
 1876   14.46587    
 1877   14.56544    
 1878   14.57201    
 1879   14.56584    
 1880   14.60137    
 1881   14.58580    
 1882   14.58269    
 1883   14.56404    
 1884   14.29531    
 1885   14.21292    
 1886   14.31292    
 1887   14.31512    
 1888   14.32072    
 1889   14.28839    
 1890   14.36720    
 1891   14.40742    
 1892   14.53771    
 1893   14.51902    
 1894   14.42924    
 1895   14.55161    
 1896   14.60914    
 1897   14.53231    
 1898   14.55085    
 1899   14.62586    
 1900   14.71214    
 1901   14.65812    
 1902   14.70716    
 1903   14.31404    
 1904   14.45155    
 1905   14.60042    
 1906   14.48239    
 1907   14.56497    
 1908   14.60540    
 1909   14.68642    
 1910   14.64165    
 1911   14.64383    
 1912   14.59074    
 1913   14.50734    
 1914   14.67811    
 1915   14.69553    
 1916   14.66971    
 1917   14.58353    
 1918   14.78919    
 1919   14.74039    
 1920   14.74099    
 1921   14.70639    
 1922   14.56484    
 1923   14.61360    
 1924   14.59050    
 1925   14.78767    
 1926   14.69315    
 1927   14.74781    
 1928   14.70692    
 1929   14.63668    
 1930   14.67951    
 1931   14.78859    
 1932   14.81233    
 1933   14.70492    
 1934   14.68881    
 1935   14.81012    
 1936   14.74680    
 1937   14.75723    
 1938   14.79520    
 1939   14.80521    
 1940   14.80125    
 1941   14.72165    
 1942   14.70720    
 1943   14.84119    
 1944   14.75722    
 1945   14.64813    
 1946   14.92616    
 1947   14.93363    
 1948   14.84519    
 1949   14.80425    
 1950   14.69980    
 1951   14.77972    
 1952   14.75016    
 1953   14.64554    
 1954   14.79294    
 1955   14.78337    
 1956   14.73534    
 1957   14.70355    
 1958   14.75289    
 1959   14.74799    
 1960   14.86870    
 1961   14.81527    
 1962   14.79438    
 1963   14.83423    
 1964   14.63245    
 1965   14.80172    
 1966   14.82763    
 1967   14.79136    
 1968   14.71055    
 1969   14.75792    
 1970   14.79561    
 1971   14.92115    
 1972   14.84756    
 1973   14.81003    
 1974   14.72731    
 1975   14.79619    
 1976   14.80376    
 1977   14.85650    
 1978   14.89001    
 1979   14.89266    
 1980   14.99105    
 1981   14.97453    
 1982   14.89966    
 1983   14.66323    
 1984   14.74796    
 1985   14.86739    
 1986   14.90491    
 1987   14.95458    
 1988   14.97494    
 1989   15.07312    
 1990   15.13213    
 1991   14.96279    
 1992   14.59180    
 1993   14.69313    
 1994   15.02693    
 1995   14.97298    
 1996   14.98892    
 1997   15.12800    
 1998   15.14353    
 1999   15.22052    
 2000   15.32894    
 2001   15.42131    
 2002   15.44880    
 2003   15.46975    
 2004   15.43060    
 2005   15.41819    
 2006   15.49867    
 2007   15.46107    
 2008   15.52470    
 2009   15.49112    
 2010   15.44559    
 2011   15.52342    
 2012   15.55859    
 2013   15.61671    
 2014   15.66309    
 2015   15.70543    
 2016   15.68378    
 2017   15.59134    
 2018   15.70269    
 2019   15.61558    
 2020   15.63643    
 2021   15.62609    
 2022   15.66158    
 2023   15.70348    
 2024   15.65501    
 2025   15.74858    
 2026   15.79505    
 2027   15.78222    
 2028   15.82648    
 2029   15.81722    
 2030   15.85946    
 2031   15.98027    
 2032   15.86718    
 2033   15.95759    
 2034   15.91754    
 2035   16.02913    
 2036   16.06480    
 2037   15.99495    
 2038   16.15142    
 2039   16.09160    
 2040   16.11165    
 2041   16.08286    
 2042   16.07119    
 2043   16.09726    
 2044   16.00655    
 2045   16.07992    
 2046   16.10494    
 2047   16.10365    
 2048   16.23582    
 2049   16.21861    
 2050   16.18246    
 2051   16.26982    
 2052   16.31923    
 2053   16.34198    
 2054   16.39857    
 2055   16.34000    
 2056   16.36313    
 2057   16.41374    
 2058   16.41139    
 2059   16.43248    
 2060   16.59968    
 2061   16.60469    
 2062   16.60884    
 2063   16.56595    
 2064   16.56955    
 2065   16.49535    
 2066   16.61957    
 2067   16.69752    
 2068   16.76986    
 2069   16.69359    
 2070   16.72845    
 2071   16.83963    
 2072   16.84131    
 2073   16.96108    
 2074   16.99003    
 2075   17.03004    
 2076   17.15438    
 2077   17.04777    
 2078   17.10224    
 2079   17.07591    
 2080   17.09462    
 2081   16.99684    
 2082   17.16444    
 2083   17.18215    
 2084   17.19627    
 2085   17.19226    
 2086   17.24659    
 2087   17.13799    
 2088   17.16659    
 2089   17.15253    
 2090   17.14125    
 2091   17.15728    
 2092   17.15356    
 2093   17.26013    
 2094   17.25784    
 2095   17.33482    
 2096   17.27359    
 2097   17.34260    
 2098   17.33674    
 2099   17.32330    
 2100   17.45732    
