# daily2longer    1 mea
# <a href=http://cmip-pcmdi.llnl.gov/cmip5/>CMIP5</a> global mean temperature computed at <a href=http://www.knmi.nl/selectfield_cmip5.cgi?someone@somewhere>KNMI Climate Explorer</a> tas_Amon_NorESM1-ME_rcp60_r1i1p1
# cutting out region lon=   -1.250  358.750, lat=  -90.000   90.000
# file :: /data/storage/climexp/data/iglobal_tas_Amon_mod_rcp60_023.dat
# description :: CMIP5 RCP60 models Tglobal
# comment :: <a href=http://cmip-pcmdi.llnl.gov/cmip5/>CMIP5</a> global mean temperature computed at <a href=http://www.knmi.nl/selectfield_cmip5.cgi?someone@somewhere>KNMI Climate Explorer</a> tas_Amon_NorESM1-ME_rcp60_r1i1p1, cutting out region lon=   -1.250  358.750, lat=  -90.000   90.000, via the KNMI Climate Explorer (http://climexp.knmi.nl)
# institution :: KNMI Climate Explorer
# history ::  2018-05-21  9:26:55 bin/selectyear 1850 2100 data/iglobal_tas_Amon_mod_rcp60_023.dat global_tas_Amon_mod_rcp60_+++_1850:2100\n 2018-05-17 23:23:54 dat2nc ./data/iglobal_tas_Amon_mod_rcp60_023.dat i CMIP5_RCP60_models_Tglobal ./data/iglobal_tas_Amon_mod_rcp60_023.nc n
# tas [Celsius] from NorESM1-ME model output prepared for CMIP5 RCP6 r1i1p1
 1850   12.96417    
 1851   13.01399    
 1852   12.78994    
 1853   12.66553    
 1854   12.76673    
 1855   12.87168    
 1856   12.73743    
 1857   12.74066    
 1858   12.86594    
 1859   13.00242    
 1860   12.84423    
 1861   12.78893    
 1862   12.84895    
 1863   12.81717    
 1864   12.73282    
 1865   12.72517    
 1866   12.70599    
 1867   12.73422    
 1868   12.76788    
 1869   12.87705    
 1870   12.85475    
 1871   12.90120    
 1872   12.87764    
 1873   12.59339    
 1874   12.71098    
 1875   12.83508    
 1876   12.72765    
 1877   12.82214    
 1878   12.82870    
 1879   12.63998    
 1880   12.80840    
 1881   12.80148    
 1882   12.77718    
 1883   12.78652    
 1884   12.40231    
 1885   12.57022    
 1886   12.58692    
 1887   12.68055    
 1888   12.61180    
 1889   12.73861    
 1890   12.62909    
 1891   12.61569    
 1892   12.63928    
 1893   12.72212    
 1894   12.70553    
 1895   12.88627    
 1896   12.85863    
 1897   12.79082    
 1898   12.68687    
 1899   12.79662    
 1900   12.76861    
 1901   12.70346    
 1902   12.74758    
 1903   12.60650    
 1904   12.52921    
 1905   12.56789    
 1906   12.75494    
 1907   12.83537    
 1908   12.75441    
 1909   12.64633    
 1910   12.85375    
 1911   12.77659    
 1912   12.77715    
 1913   12.75230    
 1914   12.92193    
 1915   13.02230    
 1916   12.74959    
 1917   12.73485    
 1918   12.93352    
 1919   12.76769    
 1920   12.77417    
 1921   12.87044    
 1922   12.75737    
 1923   12.72848    
 1924   12.87385    
 1925   13.00901    
 1926   12.92771    
 1927   12.96356    
 1928   12.87697    
 1929   12.79774    
 1930   12.91110    
 1931   12.95726    
 1932   13.07340    
 1933   12.89677    
 1934   12.96867    
 1935   12.91581    
 1936   12.93902    
 1937   13.00503    
 1938   13.12314    
 1939   13.15067    
 1940   13.02522    
 1941   12.96384    
 1942   12.91501    
 1943   12.92748    
 1944   12.94141    
 1945   13.02975    
 1946   13.04536    
 1947   12.90159    
 1948   12.77731    
 1949   12.74092    
 1950   12.98138    
 1951   12.77029    
 1952   12.79149    
 1953   12.85514    
 1954   12.93302    
 1955   12.99971    
 1956   12.85662    
 1957   12.94327    
 1958   13.05142    
 1959   13.04192    
 1960   13.15975    
 1961   13.06801    
 1962   12.84064    
 1963   12.78080    
 1964   12.75873    
 1965   12.84159    
 1966   12.88072    
 1967   12.97313    
 1968   12.91312    
 1969   12.75969    
 1970   12.83278    
 1971   12.92130    
 1972   12.98243    
 1973   12.97849    
 1974   12.90344    
 1975   12.80993    
 1976   12.91883    
 1977   12.94840    
 1978   13.10909    
 1979   13.22706    
 1980   13.16481    
 1981   13.24279    
 1982   13.27232    
 1983   13.03964    
 1984   13.17556    
 1985   13.08987    
 1986   13.04281    
 1987   13.16548    
 1988   13.25617    
 1989   13.20545    
 1990   13.43503    
 1991   13.23657    
 1992   12.94781    
 1993   12.93391    
 1994   13.03922    
 1995   13.08981    
 1996   13.07833    
 1997   13.12743    
 1998   13.21068    
 1999   13.34896    
 2000   13.52729    
 2001   13.47561    
 2002   13.52258    
 2003   13.73609    
 2004   13.72730    
 2005   13.73630    
 2006   13.55933    
 2007   13.58689    
 2008   13.68470    
 2009   13.56001    
 2010   13.56571    
 2011   13.69692    
 2012   13.66972    
 2013   13.61589    
 2014   13.76450    
 2015   13.80536    
 2016   13.68420    
 2017   13.69916    
 2018   13.97961    
 2019   13.87157    
 2020   13.79594    
 2021   13.69765    
 2022   13.56100    
 2023   13.68896    
 2024   13.75519    
 2025   13.79114    
 2026   13.83111    
 2027   13.92369    
 2028   13.87377    
 2029   13.83776    
 2030   13.85248    
 2031   14.05924    
 2032   14.11628    
 2033   14.13796    
 2034   14.34655    
 2035   14.22382    
 2036   13.93113    
 2037   14.03632    
 2038   14.15159    
 2039   14.16077    
 2040   14.20112    
 2041   14.32010    
 2042   14.11070    
 2043   14.13867    
 2044   14.07990    
 2045   14.18104    
 2046   14.07394    
 2047   14.25574    
 2048   14.40175    
 2049   14.30950    
 2050   14.27757    
 2051   14.37625    
 2052   14.34570    
 2053   14.30876    
 2054   14.40095    
 2055   14.46602    
 2056   14.32580    
 2057   14.29829    
 2058   14.42116    
 2059   14.48727    
 2060   14.43890    
 2061   14.46004    
 2062   14.42566    
 2063   14.50269    
 2064   14.53564    
 2065   14.56627    
 2066   14.72426    
 2067   14.72501    
 2068   14.66220    
 2069   14.71906    
 2070   14.72122    
 2071   14.96878    
 2072   14.90374    
 2073   14.81460    
 2074   14.83423    
 2075   14.86505    
 2076   14.91940    
 2077   15.04194    
 2078   15.26228    
 2079   15.14229    
 2080   15.11717    
 2081   15.05395    
 2082   14.99609    
 2083   15.09345    
 2084   15.14411    
 2085   15.27966    
 2086   15.14225    
 2087   15.19896    
 2088   15.21054    
 2089   15.15520    
 2090   15.31714    
 2091   15.20677    
 2092   15.21442    
 2093   15.34543    
 2094   15.51252    
 2095   15.48869    
 2096   15.41535    
 2097   15.39828    
 2098   15.36852    
 2099   15.47679    
 2100   15.53564    
