# daily2longer    1 mea
# <a href=http://cmip-pcmdi.llnl.gov/cmip5/>CMIP5</a> global mean temperature computed at <a href=http://www.knmi.nl/selectfield_cmip5.cgi?someone@somewhere>KNMI Climate Explorer</a> tas_Amon_IPSL-CM5A-LR_rcp60_r1i1p1
# cutting out region lon=   -1.875  358.125, lat=  -90.000   90.000
# file :: /data/storage/climexp/data/iglobal_tas_Amon_mod_rcp60_017.dat
# description :: CMIP5 RCP60 models Tglobal
# comment :: <a href=http://cmip-pcmdi.llnl.gov/cmip5/>CMIP5</a> global mean temperature computed at <a href=http://www.knmi.nl/selectfield_cmip5.cgi?someone@somewhere>KNMI Climate Explorer</a> tas_Amon_IPSL-CM5A-LR_rcp60_r1i1p1, cutting out region lon=   -1.875  358.125, lat=  -90.000   90.000, via the KNMI Climate Explorer (http://climexp.knmi.nl)
# institution :: KNMI Climate Explorer
# history ::  2018-05-21  9:26:54 bin/selectyear 1850 2100 data/iglobal_tas_Amon_mod_rcp60_017.dat global_tas_Amon_mod_rcp60_+++_1850:2100\n 2018-05-17 23:23:54 dat2nc ./data/iglobal_tas_Amon_mod_rcp60_017.dat i CMIP5_RCP60_models_Tglobal ./data/iglobal_tas_Amon_mod_rcp60_017.nc n
# tas [Celsius] from IPSL-CM5A-LR model output prepared for CMIP5 RCP6 r1i1p1
 1850   12.31559    
 1851   12.19921    
 1852   12.21286    
 1853   12.23173    
 1854   12.22105    
 1855   12.18629    
 1856   12.07551    
 1857   11.91028    
 1858   11.82765    
 1859   11.89353    
 1860   12.05558    
 1861   12.16545    
 1862   12.09237    
 1863   12.07852    
 1864   12.22596    
 1865   12.35597    
 1866   12.22800    
 1867   12.04234    
 1868   12.04556    
 1869   12.17994    
 1870   12.15996    
 1871   12.22750    
 1872   12.13398    
 1873   12.26140    
 1874   12.29444    
 1875   12.40138    
 1876   12.21454    
 1877   12.24847    
 1878   12.24052    
 1879   12.07374    
 1880   12.20473    
 1881   12.39380    
 1882   12.23498    
 1883   12.08006    
 1884   11.73993    
 1885   11.82522    
 1886   11.95822    
 1887   11.93994    
 1888   12.02463    
 1889   11.87249    
 1890   11.92620    
 1891   11.97420    
 1892   12.08108    
 1893   11.99932    
 1894   11.97160    
 1895   11.99775    
 1896   11.99272    
 1897   11.96546    
 1898   11.94075    
 1899   11.94616    
 1900   12.04200    
 1901   12.05179    
 1902   12.25548    
 1903   12.12019    
 1904   12.16134    
 1905   12.25009    
 1906   12.22176    
 1907   12.26056    
 1908   12.22383    
 1909   12.20533    
 1910   12.16446    
 1911   12.31203    
 1912   12.19842    
 1913   12.17795    
 1914   12.22972    
 1915   12.25600    
 1916   12.12823    
 1917   12.25565    
 1918   12.35860    
 1919   12.24713    
 1920   12.21209    
 1921   12.28771    
 1922   12.42490    
 1923   12.35060    
 1924   12.31616    
 1925   12.42789    
 1926   12.61191    
 1927   12.57460    
 1928   12.52989    
 1929   12.52564    
 1930   12.45084    
 1931   12.49914    
 1932   12.60923    
 1933   12.30002    
 1934   12.20112    
 1935   12.08488    
 1936   12.42878    
 1937   12.51028    
 1938   12.44449    
 1939   12.35872    
 1940   12.45027    
 1941   12.49187    
 1942   12.53070    
 1943   12.57746    
 1944   12.52050    
 1945   12.47655    
 1946   12.53230    
 1947   12.52160    
 1948   12.51922    
 1949   12.79199    
 1950   12.72974    
 1951   12.68880    
 1952   12.47101    
 1953   12.63256    
 1954   12.58472    
 1955   12.46208    
 1956   12.55131    
 1957   12.51447    
 1958   12.36507    
 1959   12.53267    
 1960   12.82551    
 1961   12.80529    
 1962   12.53194    
 1963   12.43913    
 1964   12.25026    
 1965   12.15475    
 1966   12.30167    
 1967   12.52740    
 1968   12.41913    
 1969   12.43612    
 1970   12.55634    
 1971   12.55186    
 1972   12.53441    
 1973   12.61697    
 1974   12.66226    
 1975   12.57448    
 1976   12.67135    
 1977   12.70003    
 1978   12.61111    
 1979   12.53570    
 1980   12.55430    
 1981   12.71496    
 1982   12.76816    
 1983   12.67112    
 1984   12.72010    
 1985   12.57664    
 1986   12.78087    
 1987   12.91678    
 1988   12.96117    
 1989   13.07549    
 1990   13.13010    
 1991   12.88752    
 1992   12.82197    
 1993   13.05780    
 1994   13.01556    
 1995   12.91914    
 1996   13.02498    
 1997   13.21020    
 1998   13.37277    
 1999   13.38144    
 2000   13.44344    
 2001   13.43912    
 2002   13.42456    
 2003   13.39117    
 2004   13.42107    
 2005   13.50330    
 2006   13.43522    
 2007   13.41515    
 2008   13.34918    
 2009   13.43262    
 2010   13.47930    
 2011   13.43425    
 2012   13.48354    
 2013   13.69835    
 2014   13.73316    
 2015   13.72966    
 2016   13.74854    
 2017   13.81940    
 2018   13.92316    
 2019   13.78489    
 2020   13.79785    
 2021   13.84654    
 2022   13.90229    
 2023   13.86804    
 2024   13.95114    
 2025   14.09875    
 2026   14.00830    
 2027   13.95321    
 2028   14.00690    
 2029   14.02688    
 2030   14.05026    
 2031   14.02980    
 2032   14.24547    
 2033   14.05880    
 2034   14.11300    
 2035   14.23641    
 2036   14.06583    
 2037   14.18878    
 2038   14.33853    
 2039   14.19263    
 2040   14.20270    
 2041   14.24081    
 2042   14.24519    
 2043   14.44601    
 2044   14.51566    
 2045   14.69088    
 2046   14.72659    
 2047   14.61653    
 2048   14.46856    
 2049   14.57201    
 2050   14.58410    
 2051   14.64773    
 2052   14.68286    
 2053   14.76432    
 2054   14.68970    
 2055   14.61510    
 2056   14.79929    
 2057   14.74752    
 2058   14.97198    
 2059   14.82639    
 2060   14.90964    
 2061   14.71418    
 2062   15.01259    
 2063   14.88285    
 2064   14.94018    
 2065   14.79937    
 2066   14.99319    
 2067   14.89426    
 2068   15.12710    
 2069   14.99635    
 2070   15.22478    
 2071   15.25762    
 2072   15.04235    
 2073   15.15504    
 2074   15.07349    
 2075   15.08591    
 2076   15.12471    
 2077   15.17845    
 2078   15.27734    
 2079   15.43723    
 2080   15.53378    
 2081   15.31626    
 2082   15.53323    
 2083   15.42933    
 2084   15.45317    
 2085   15.47004    
 2086   15.49198    
 2087   15.56328    
 2088   15.65255    
 2089   15.86268    
 2090   15.92506    
 2091   16.02886    
 2092   15.82345    
 2093   15.53904    
 2094   15.59973    
 2095   15.78194    
 2096   15.77076    
 2097   15.86447    
 2098   16.06406    
 2099   15.99296    
 2100   15.92192    
