# daily2longer    1 mea
# ensemble mea of file global_tas_Amon_CSIRO-Mk3-6-0_rcp60_%%.dat
# using members   0 to   9
# <a href=http://cmip-pcmdi.llnl.gov/cmip5/>CMIP5</a> global mean temperature computed at <a href=http://www.knmi.nl/selectfield_cmip5.cgi?someone@somewhere>KNMI Climate Explorer</a> tas_Amon_CSIRO-Mk3-6-0_rcp60_r10i1p1
# cutting out region lon=   -0.938  359.062, lat=  -89.497   89.497
# file :: /data/storage/climexp/data/iglobal_tas_Amon_mod_rcp60_004.dat
# description :: CMIP5 RCP60 models Tglobal
# comment :: ensemble mea of file global_tas_Amon_CSIRO-Mk3-6-0_rcp60_%%.dat, using members   0 to   9, <a href=http://cmip-pcmdi.llnl.gov/cmip5/>CMIP5</a> global mean temperature computed at <a href=http://www.knmi.nl/selectfield_cmip5.cgi?someone@somewhere>KNMI Climate Explorer</a> tas_Amon_CSIRO-Mk3-6-0_rcp60_r10i1p1, cutting out region lon=   -0.938  359.062, lat=  -89.497   89.497, via the KNMI Climate Explorer (http://climexp.knmi.nl)
# institution :: KNMI Climate Explorer
# history ::  2018-05-21  9:26:54 bin/selectyear 1850 2100 data/iglobal_tas_Amon_mod_rcp60_004.dat global_tas_Amon_mod_rcp60_+++_1850:2100\n 2018-05-17 23:23:54 dat2nc ./data/iglobal_tas_Amon_mod_rcp60_004.dat i CMIP5_RCP60_models_Tglobal ./data/iglobal_tas_Amon_mod_rcp60_004.nc n
# tas [Celsius] from CSIRO-Mk3-6-0 model output prepared for CMIP5 RCP6 r10i1p1
 1850   12.65350    
 1851   12.72187    
 1852   12.78412    
 1853   12.76363    
 1854   12.77241    
 1855   12.79135    
 1856   12.74533    
 1857   12.59169    
 1858   12.62254    
 1859   12.66355    
 1860   12.71656    
 1861   12.73129    
 1862   12.65283    
 1863   12.66068    
 1864   12.66296    
 1865   12.72058    
 1866   12.76927    
 1867   12.78519    
 1868   12.79362    
 1869   12.77716    
 1870   12.74999    
 1871   12.75711    
 1872   12.83754    
 1873   12.87139    
 1874   12.87217    
 1875   12.85945    
 1876   12.83911    
 1877   12.87334    
 1878   12.87873    
 1879   12.79955    
 1880   12.81737    
 1881   12.90493    
 1882   12.85729    
 1883   12.77115    
 1884   12.48201    
 1885   12.44490    
 1886   12.53868    
 1887   12.56964    
 1888   12.61920    
 1889   12.60053    
 1890   12.61113    
 1891   12.63457    
 1892   12.61663    
 1893   12.68331    
 1894   12.75515    
 1895   12.78229    
 1896   12.77477    
 1897   12.79909    
 1898   12.74344    
 1899   12.72062    
 1900   12.73697    
 1901   12.78982    
 1902   12.80466    
 1903   12.64766    
 1904   12.71362    
 1905   12.73643    
 1906   12.70689    
 1907   12.76715    
 1908   12.84113    
 1909   12.83016    
 1910   12.82071    
 1911   12.82229    
 1912   12.78755    
 1913   12.77492    
 1914   12.81021    
 1915   12.86526    
 1916   12.87196    
 1917   12.84937    
 1918   12.87333    
 1919   12.91362    
 1920   12.92973    
 1921   12.96414    
 1922   12.94436    
 1923   12.92100    
 1924   12.92724    
 1925   12.97462    
 1926   12.97845    
 1927   12.99089    
 1928   13.03494    
 1929   12.98877    
 1930   12.96167    
 1931   12.99112    
 1932   13.02017    
 1933   13.00553    
 1934   13.00746    
 1935   13.02701    
 1936   13.06478    
 1937   13.05079    
 1938   13.06795    
 1939   13.07628    
 1940   13.06004    
 1941   13.07062    
 1942   13.07975    
 1943   13.07974    
 1944   13.04802    
 1945   13.07424    
 1946   13.08973    
 1947   13.08900    
 1948   13.05350    
 1949   13.05655    
 1950   13.04379    
 1951   13.04808    
 1952   13.04892    
 1953   13.07657    
 1954   13.06845    
 1955   13.04305    
 1956   13.05958    
 1957   13.05858    
 1958   13.08166    
 1959   13.11294    
 1960   13.09131    
 1961   12.98740    
 1962   12.94977    
 1963   12.94458    
 1964   12.84958    
 1965   12.79369    
 1966   12.78456    
 1967   12.87571    
 1968   12.84801    
 1969   12.79422    
 1970   12.81810    
 1971   12.87697    
 1972   12.92578    
 1973   12.91517    
 1974   12.90457    
 1975   12.89261    
 1976   12.93926    
 1977   12.90989    
 1978   12.93665    
 1979   12.97546    
 1980   13.05601    
 1981   13.03696    
 1982   13.01338    
 1983   12.88106    
 1984   12.96775    
 1985   13.01891    
 1986   13.01156    
 1987   13.07258    
 1988   13.14074    
 1989   13.15900    
 1990   13.21434    
 1991   13.20592    
 1992   12.93105    
 1993   12.97465    
 1994   13.00368    
 1995   13.11286    
 1996   13.19516    
 1997   13.21422    
 1998   13.20270    
 1999   13.31555    
 2000   13.40835    
 2001   13.42080    
 2002   13.41093    
 2003   13.40190    
 2004   13.46135    
 2005   13.51491    
 2006   13.49295    
 2007   13.55416    
 2008   13.55186    
 2009   13.51158    
 2010   13.50805    
 2011   13.61135    
 2012   13.65871    
 2013   13.64032    
 2014   13.63676    
 2015   13.60471    
 2016   13.63025    
 2017   13.69778    
 2018   13.69579    
 2019   13.70272    
 2020   13.72536    
 2021   13.73558    
 2022   13.76965    
 2023   13.79342    
 2024   13.80609    
 2025   13.83939    
 2026   13.83445    
 2027   13.83304    
 2028   13.86392    
 2029   13.87591    
 2030   13.89949    
 2031   13.92455    
 2032   13.94815    
 2033   13.98464    
 2034   14.01155    
 2035   14.04642    
 2036   14.03395    
 2037   14.07374    
 2038   14.14463    
 2039   14.12141    
 2040   14.11087    
 2041   14.15717    
 2042   14.21995    
 2043   14.16136    
 2044   14.15814    
 2045   14.27099    
 2046   14.34974    
 2047   14.35759    
 2048   14.33363    
 2049   14.30346    
 2050   14.40502    
 2051   14.44161    
 2052   14.38399    
 2053   14.38793    
 2054   14.43095    
 2055   14.43217    
 2056   14.47540    
 2057   14.56116    
 2058   14.59552    
 2059   14.54601    
 2060   14.61702    
 2061   14.59848    
 2062   14.53186    
 2063   14.63598    
 2064   14.70985    
 2065   14.68964    
 2066   14.70843    
 2067   14.81261    
 2068   14.86420    
 2069   14.92856    
 2070   14.89077    
 2071   14.90429    
 2072   14.95110    
 2073   14.94995    
 2074   15.01051    
 2075   15.08148    
 2076   15.06591    
 2077   15.14830    
 2078   15.13938    
 2079   15.20883    
 2080   15.28019    
 2081   15.34050    
 2082   15.34159    
 2083   15.39424    
 2084   15.47260    
 2085   15.52803    
 2086   15.57983    
 2087   15.59262    
 2088   15.53706    
 2089   15.59259    
 2090   15.64400    
 2091   15.64132    
 2092   15.68301    
 2093   15.72116    
 2094   15.70136    
 2095   15.68745    
 2096   15.72046    
 2097   15.73639    
 2098   15.80324    
 2099   15.80250    
 2100   15.91783    
