# daily2longer    1 mea
# <a href=http://cmip-pcmdi.llnl.gov/cmip5/>CMIP5</a> global mean temperature computed at <a href=http://www.knmi.nl/selectfield_cmip5.cgi?someone@somewhere>KNMI Climate Explorer</a> tas_Amon_HadGEM2-AO_rcp60_r1i1p1
# cutting out region lon=   -0.938  359.062, lat=  -90.000   90.000
# file :: /data/storage/climexp/data/iglobal_tas_Amon_mod_rcp60_015.dat
# description :: CMIP5 RCP60 models Tglobal
# comment :: <a href=http://cmip-pcmdi.llnl.gov/cmip5/>CMIP5</a> global mean temperature computed at <a href=http://www.knmi.nl/selectfield_cmip5.cgi?someone@somewhere>KNMI Climate Explorer</a> tas_Amon_HadGEM2-AO_rcp60_r1i1p1, cutting out region lon=   -0.938  359.062, lat=  -90.000   90.000, via the KNMI Climate Explorer (http://climexp.knmi.nl)
# institution :: KNMI Climate Explorer
# history ::  2018-05-21  9:26:54 bin/selectyear 1850 2100 data/iglobal_tas_Amon_mod_rcp60_015.dat global_tas_Amon_mod_rcp60_+++_1850:2100\n 2018-05-17 23:23:54 dat2nc ./data/iglobal_tas_Amon_mod_rcp60_015.dat i CMIP5_RCP60_models_Tglobal ./data/iglobal_tas_Amon_mod_rcp60_015.nc n
# tas [Celsius] from HadGEM2-AO model output prepared for CMIP5 RCP6 r1i1p1
 1860   13.93208    
 1861   13.92246    
 1862   13.98470    
 1863   14.07171    
 1864   13.99438    
 1865   14.08617    
 1866   14.06000    
 1867   14.02544    
 1868   13.99853    
 1869   14.00374    
 1870   13.97724    
 1871   14.03773    
 1872   14.06174    
 1873   14.06493    
 1874   13.98111    
 1875   13.93151    
 1876   13.73308    
 1877   13.92899    
 1878   13.92585    
 1879   13.95604    
 1880   13.99421    
 1881   14.15665    
 1882   14.16003    
 1883   14.07343    
 1884   13.78143    
 1885   13.81554    
 1886   13.91814    
 1887   13.93578    
 1888   13.84340    
 1889   13.73960    
 1890   13.63344    
 1891   13.50352    
 1892   13.66411    
 1893   13.68819    
 1894   13.80997    
 1895   13.87473    
 1896   13.85370    
 1897   14.00782    
 1898   14.03804    
 1899   14.06057    
 1900   13.96097    
 1901   13.88133    
 1902   13.85024    
 1903   13.59163    
 1904   13.56945    
 1905   13.81389    
 1906   13.86902    
 1907   13.92321    
 1908   13.98793    
 1909   13.94946    
 1910   13.86112    
 1911   13.93632    
 1912   13.87380    
 1913   13.74652    
 1914   13.80152    
 1915   13.92451    
 1916   13.84833    
 1917   13.98637    
 1918   14.06082    
 1919   14.15210    
 1920   14.24614    
 1921   14.08282    
 1922   14.16784    
 1923   14.17825    
 1924   14.05508    
 1925   14.04469    
 1926   13.96766    
 1927   14.19829    
 1928   14.12076    
 1929   14.11224    
 1930   14.04568    
 1931   13.97785    
 1932   14.16151    
 1933   14.06007    
 1934   14.04707    
 1935   14.01830    
 1936   14.16747    
 1937   14.25016    
 1938   14.21124    
 1939   14.23254    
 1940   14.18361    
 1941   14.28274    
 1942   14.28876    
 1943   14.12978    
 1944   14.07941    
 1945   14.18041    
 1946   14.22430    
 1947   14.29188    
 1948   14.26006    
 1949   14.35090    
 1950   14.33283    
 1951   14.25346    
 1952   14.22510    
 1953   14.19650    
 1954   14.05422    
 1955   14.10375    
 1956   14.15141    
 1957   14.23771    
 1958   14.22975    
 1959   14.25035    
 1960   14.19677    
 1961   14.13375    
 1962   14.17223    
 1963   14.08868    
 1964   13.80497    
 1965   13.76036    
 1966   13.89865    
 1967   13.97017    
 1968   13.92943    
 1969   13.93737    
 1970   13.99431    
 1971   13.91583    
 1972   13.96130    
 1973   14.05564    
 1974   14.07549    
 1975   13.90027    
 1976   13.91863    
 1977   13.92165    
 1978   13.96413    
 1979   14.12069    
 1980   14.20386    
 1981   14.26386    
 1982   14.10361    
 1983   14.04473    
 1984   14.10413    
 1985   14.41006    
 1986   14.32329    
 1987   14.30878    
 1988   14.42975    
 1989   14.43106    
 1990   14.44371    
 1991   14.28845    
 1992   14.14659    
 1993   14.24743    
 1994   14.21394    
 1995   14.19992    
 1996   14.36706    
 1997   14.56385    
 1998   14.54912    
 1999   14.61321    
 2000   14.62697    
 2001   14.73588    
 2002   14.83316    
 2003   14.88120    
 2004   14.95312    
 2005   15.07880    
 2006   15.06244    
 2007   14.96001    
 2008   14.86586    
 2009   14.83062    
 2010   14.57630    
 2011   14.64628    
 2012   14.64305    
 2013   14.85295    
 2014   14.75092    
 2015   14.71663    
 2016   14.64794    
 2017   14.75932    
 2018   14.95540    
 2019   14.86674    
 2020   14.84257    
 2021   14.77935    
 2022   14.83204    
 2023   14.94876    
 2024   14.99920    
 2025   15.02951    
 2026   15.13939    
 2027   15.07723    
 2028   14.96746    
 2029   15.12854    
 2030   15.07075    
 2031   14.94687    
 2032   15.01609    
 2033   15.23239    
 2034   15.31907    
 2035   15.27405    
 2036   15.24886    
 2037   15.21605    
 2038   15.22711    
 2039   15.21153    
 2040   15.29856    
 2041   15.40422    
 2042   15.35344    
 2043   15.46453    
 2044   15.39880    
 2045   15.36808    
 2046   15.34127    
 2047   15.33693    
 2048   15.61633    
 2049   15.69204    
 2050   15.54197    
 2051   15.58621    
 2052   15.70491    
 2053   15.66662    
 2054   15.70911    
 2055   15.72372    
 2056   15.74799    
 2057   15.91358    
 2058   16.00181    
 2059   16.05094    
 2060   15.89747    
 2061   15.98859    
 2062   16.00994    
 2063   15.94202    
 2064   15.94618    
 2065   16.04732    
 2066   16.15690    
 2067   16.25954    
 2068   16.15076    
 2069   16.15779    
 2070   16.31235    
 2071   16.31980    
 2072   16.17398    
 2073   16.19203    
 2074   16.37562    
 2075   16.48023    
 2076   16.37904    
 2077   16.54939    
 2078   16.57117    
 2079   16.54704    
 2080   16.68930    
 2081   16.68014    
 2082   16.68317    
 2083   16.68250    
 2084   16.75970    
 2085   16.79050    
 2086   16.89522    
 2087   16.87194    
 2088   16.86024    
 2089   16.85517    
 2090   16.97541    
 2091   17.03720    
 2092   17.17202    
 2093   17.27255    
 2094   17.08380    
 2095   17.17318    
 2096   17.18582    
 2097   17.46220    
 2098   17.54276    
 2099   17.36534    
 2100   17.45620    
