# daily2longer    1 mea
# <a href=http://cmip-pcmdi.llnl.gov/cmip5/>CMIP5</a> global mean temperature computed at <a href=http://www.knmi.nl/selectfield_cmip5.cgi?someone@somewhere>KNMI Climate Explorer</a> tas_Amon_GFDL-CM3_rcp60_r1i1p1
# cutting out region lon=    0.000  360.000, lat=  -90.000   90.000
# file :: /data/storage/climexp/data/iglobal_tas_Amon_mod_rcp60_006.dat
# description :: CMIP5 RCP60 models Tglobal
# comment :: <a href=http://cmip-pcmdi.llnl.gov/cmip5/>CMIP5</a> global mean temperature computed at <a href=http://www.knmi.nl/selectfield_cmip5.cgi?someone@somewhere>KNMI Climate Explorer</a> tas_Amon_GFDL-CM3_rcp60_r1i1p1, cutting out region lon=    0.000  360.000, lat=  -90.000   90.000, via the KNMI Climate Explorer (http://climexp.knmi.nl)
# institution :: KNMI Climate Explorer
# history ::  2018-05-21  9:26:54 bin/selectyear 1850 2100 data/iglobal_tas_Amon_mod_rcp60_006.dat global_tas_Amon_mod_rcp60_+++_1850:2100\n 2018-05-17 23:23:54 dat2nc ./data/iglobal_tas_Amon_mod_rcp60_006.dat i CMIP5_RCP60_models_Tglobal ./data/iglobal_tas_Amon_mod_rcp60_006.nc n
# tas [Celsius] from NOAA GFDL GFDL-CM3, RCP6 (run 1) experiment output for CMIP5 AR5 r1i1p1
 1860   13.51139    
 1861   13.47063    
 1862   13.47960    
 1863   13.26080    
 1864   13.40275    
 1865   13.51909    
 1866   13.31129    
 1867   13.38324    
 1868   13.51285    
 1869   13.58682    
 1870   13.47235    
 1871   13.63894    
 1872   13.54261    
 1873   13.61483    
 1874   13.63533    
 1875   13.78922    
 1876   13.72103    
 1877   13.41058    
 1878   13.58624    
 1879   13.68235    
 1880   13.62442    
 1881   13.56544    
 1882   13.71748    
 1883   13.68761    
 1884   13.34372    
 1885   13.07235    
 1886   13.19268    
 1887   13.17665    
 1888   13.39778    
 1889   13.27197    
 1890   13.07338    
 1891   13.08325    
 1892   13.14670    
 1893   13.35422    
 1894   13.25743    
 1895   13.42146    
 1896   13.41898    
 1897   13.25609    
 1898   13.38134    
 1899   13.44281    
 1900   13.51153    
 1901   13.37453    
 1902   13.30217    
 1903   13.19388    
 1904   13.24625    
 1905   13.28756    
 1906   13.24133    
 1907   13.38388    
 1908   13.53418    
 1909   13.38194    
 1910   13.46155    
 1911   13.61785    
 1912   13.28814    
 1913   13.19406    
 1914   13.22970    
 1915   13.44372    
 1916   13.34201    
 1917   13.37483    
 1918   13.34249    
 1919   13.20133    
 1920   13.51598    
 1921   13.55669    
 1922   13.51723    
 1923   13.60328    
 1924   13.58257    
 1925   13.67258    
 1926   13.48638    
 1927   13.48247    
 1928   13.56284    
 1929   13.42833    
 1930   13.42273    
 1931   13.55376    
 1932   13.54859    
 1933   13.45200    
 1934   13.60284    
 1935   13.71284    
 1936   13.54705    
 1937   13.56592    
 1938   13.79896    
 1939   13.53017    
 1940   13.55151    
 1941   13.62624    
 1942   13.74443    
 1943   13.63111    
 1944   13.71944    
 1945   13.84966    
 1946   13.68158    
 1947   13.75061    
 1948   13.59872    
 1949   13.73510    
 1950   13.52616    
 1951   13.72110    
 1952   13.68127    
 1953   13.61245    
 1954   13.74226    
 1955   13.72473    
 1956   13.95562    
 1957   13.89418    
 1958   13.60298    
 1959   13.61951    
 1960   13.55964    
 1961   13.56772    
 1962   13.47462    
 1963   13.36237    
 1964   13.08804    
 1965   13.09926    
 1966   13.00257    
 1967   13.10517    
 1968   13.15673    
 1969   13.11471    
 1970   13.18909    
 1971   13.22006    
 1972   13.27708    
 1973   13.33675    
 1974   13.43132    
 1975   13.43501    
 1976   13.24089    
 1977   13.31770    
 1978   13.54606    
 1979   13.79914    
 1980   13.71968    
 1981   13.57660    
 1982   13.63959    
 1983   13.31989    
 1984   13.52089    
 1985   13.53634    
 1986   13.48994    
 1987   13.73608    
 1988   13.74457    
 1989   13.78447    
 1990   13.77151    
 1991   13.70781    
 1992   13.53445    
 1993   13.46948    
 1994   13.51698    
 1995   13.60610    
 1996   13.79032    
 1997   13.97935    
 1998   13.84709    
 1999   14.00892    
 2000   14.00224    
 2001   14.07038    
 2002   14.19219    
 2003   14.19643    
 2004   14.07588    
 2005   14.17696    
 2006   14.36112    
 2007   14.34826    
 2008   14.55735    
 2009   14.52891    
 2010   14.32128    
 2011   14.59153    
 2012   14.67520    
 2013   14.51605    
 2014   14.72435    
 2015   14.76491    
 2016   14.66241    
 2017   14.64486    
 2018   14.69141    
 2019   14.83550    
 2020   14.76036    
 2021   14.80349    
 2022   14.81605    
 2023   14.73697    
 2024   14.86221    
 2025   15.00513    
 2026   14.83536    
 2027   14.97276    
 2028   14.86649    
 2029   15.03782    
 2030   14.92973    
 2031   15.12979    
 2032   15.05047    
 2033   15.11585    
 2034   15.20097    
 2035   15.23603    
 2036   14.97318    
 2037   15.09086    
 2038   15.16910    
 2039   15.37797    
 2040   15.20572    
 2041   15.39395    
 2042   15.46347    
 2043   15.24527    
 2044   15.27076    
 2045   15.34192    
 2046   15.43223    
 2047   15.56501    
 2048   15.55511    
 2049   15.60522    
 2050   15.70574    
 2051   15.55138    
 2052   15.81163    
 2053   15.89502    
 2054   15.79747    
 2055   15.83448    
 2056   15.74846    
 2057   15.75923    
 2058   15.77023    
 2059   15.76305    
 2060   15.84565    
 2061   15.80867    
 2062   16.02361    
 2063   15.91697    
 2064   15.98899    
 2065   15.98570    
 2066   16.16933    
 2067   15.96099    
 2068   16.05273    
 2069   16.28639    
 2070   16.25636    
 2071   16.32086    
 2072   16.49708    
 2073   16.46726    
 2074   16.49986    
 2075   16.43057    
 2076   16.54137    
 2077   16.55623    
 2078   16.58862    
 2079   16.67072    
 2080   16.71961    
 2081   16.75382    
 2082   16.83778    
 2083   16.86304    
 2084   16.77728    
 2085   16.85056    
 2086   16.69862    
 2087   16.94314    
 2088   17.00224    
 2089   16.94163    
 2090   17.00372    
 2091   17.21520    
 2092   17.12032    
 2093   17.11465    
 2094   17.15198    
 2095   17.27059    
 2096   17.26850    
 2097   17.24431    
 2098   17.18131    
 2099   17.18082    
 2100   17.08658    
