# daily2longer    1 mea
# <a href=http://cmip-pcmdi.llnl.gov/cmip5/>CMIP5</a> global mean temperature computed at <a href=http://www.knmi.nl/selectfield_cmip5.cgi?someone@somewhere>KNMI Climate Explorer</a> tas_Amon_MIROC-ESM-CHEM_rcp60_r1i1p1
# cutting out region lon=   -1.406  358.594, lat=  -89.247   89.247
# file :: /data/storage/climexp/data/iglobal_tas_Amon_mod_rcp60_020.dat
# description :: CMIP5 RCP60 models Tglobal
# comment :: <a href=http://cmip-pcmdi.llnl.gov/cmip5/>CMIP5</a> global mean temperature computed at <a href=http://www.knmi.nl/selectfield_cmip5.cgi?someone@somewhere>KNMI Climate Explorer</a> tas_Amon_MIROC-ESM-CHEM_rcp60_r1i1p1, cutting out region lon=   -1.406  358.594, lat=  -89.247   89.247, via the KNMI Climate Explorer (http://climexp.knmi.nl)
# institution :: KNMI Climate Explorer
# history ::  2018-05-21  9:26:55 bin/selectyear 1850 2100 data/iglobal_tas_Amon_mod_rcp60_020.dat global_tas_Amon_mod_rcp60_+++_1850:2100\n 2018-05-17 23:23:54 dat2nc ./data/iglobal_tas_Amon_mod_rcp60_020.dat i CMIP5_RCP60_models_Tglobal ./data/iglobal_tas_Amon_mod_rcp60_020.nc n
# tas [Celsius] from MIROC-ESM-CHEM model output prepared for CMIP5 RCP6 r1i1p1
 1850   13.28327    
 1851   13.41718    
 1852   13.35423    
 1853   13.43985    
 1854   13.40417    
 1855   13.28176    
 1856   13.29081    
 1857   13.20948    
 1858   13.26501    
 1859   13.30927    
 1860   13.27580    
 1861   13.25545    
 1862   13.26192    
 1863   13.33268    
 1864   13.23369    
 1865   13.12019    
 1866   13.35752    
 1867   13.46241    
 1868   13.42309    
 1869   13.20167    
 1870   13.24612    
 1871   13.38381    
 1872   13.27624    
 1873   13.36465    
 1874   13.35729    
 1875   13.28972    
 1876   13.18541    
 1877   13.30264    
 1878   13.42500    
 1879   13.33862    
 1880   13.36665    
 1881   13.45411    
 1882   13.64207    
 1883   13.40814    
 1884   13.01648    
 1885   12.99468    
 1886   13.04469    
 1887   13.12956    
 1888   13.18420    
 1889   13.26016    
 1890   13.32214    
 1891   13.20997    
 1892   13.14908    
 1893   13.27090    
 1894   13.37486    
 1895   13.38820    
 1896   13.38810    
 1897   13.53458    
 1898   13.55034    
 1899   13.40930    
 1900   13.38263    
 1901   13.42645    
 1902   13.31757    
 1903   13.26734    
 1904   13.18991    
 1905   13.23301    
 1906   13.26506    
 1907   13.23123    
 1908   13.20696    
 1909   13.15425    
 1910   13.40029    
 1911   13.36268    
 1912   13.38548    
 1913   13.33979    
 1914   13.33085    
 1915   13.26076    
 1916   13.40490    
 1917   13.44304    
 1918   13.52534    
 1919   13.47259    
 1920   13.53080    
 1921   13.54354    
 1922   13.55025    
 1923   13.65748    
 1924   13.68044    
 1925   13.62008    
 1926   13.55350    
 1927   13.52101    
 1928   13.52962    
 1929   13.40867    
 1930   13.41035    
 1931   13.49504    
 1932   13.56214    
 1933   13.57623    
 1934   13.62350    
 1935   13.68396    
 1936   13.65772    
 1937   13.65026    
 1938   13.59525    
 1939   13.77088    
 1940   13.70088    
 1941   13.72599    
 1942   13.60443    
 1943   13.74762    
 1944   13.70581    
 1945   13.61578    
 1946   13.62430    
 1947   13.59066    
 1948   13.71177    
 1949   13.50409    
 1950   13.50337    
 1951   13.46619    
 1952   13.48879    
 1953   13.62143    
 1954   13.66515    
 1955   13.53937    
 1956   13.67195    
 1957   13.60367    
 1958   13.77076    
 1959   13.59176    
 1960   13.47066    
 1961   13.60761    
 1962   13.65659    
 1963   13.57300    
 1964   13.55246    
 1965   13.54764    
 1966   13.46708    
 1967   13.62083    
 1968   13.53514    
 1969   13.54856    
 1970   13.61308    
 1971   13.60933    
 1972   13.58851    
 1973   13.56996    
 1974   13.62786    
 1975   13.66845    
 1976   13.71243    
 1977   13.73397    
 1978   13.86132    
 1979   13.97928    
 1980   13.91555    
 1981   13.83849    
 1982   13.70016    
 1983   13.63260    
 1984   13.68868    
 1985   13.92785    
 1986   13.81819    
 1987   13.77841    
 1988   13.93417    
 1989   14.02018    
 1990   14.00198    
 1991   13.97874    
 1992   13.61900    
 1993   13.67690    
 1994   13.64424    
 1995   13.92019    
 1996   14.03024    
 1997   13.95380    
 1998   14.03047    
 1999   14.03537    
 2000   13.97152    
 2001   14.17135    
 2002   14.07460    
 2003   14.03307    
 2004   14.10862    
 2005   14.23005    
 2006   14.25117    
 2007   14.16234    
 2008   14.29431    
 2009   14.52932    
 2010   14.56010    
 2011   14.47225    
 2012   14.34429    
 2013   14.54008    
 2014   14.52671    
 2015   14.61044    
 2016   14.57780    
 2017   14.65010    
 2018   14.81909    
 2019   14.80451    
 2020   14.73585    
 2021   14.64567    
 2022   14.70267    
 2023   14.77633    
 2024   14.79802    
 2025   14.98456    
 2026   14.99913    
 2027   14.86753    
 2028   15.06833    
 2029   15.00727    
 2030   14.96510    
 2031   15.01484    
 2032   15.03759    
 2033   14.91941    
 2034   14.82487    
 2035   14.91998    
 2036   15.01531    
 2037   15.06686    
 2038   15.13023    
 2039   15.24058    
 2040   15.30095    
 2041   15.36802    
 2042   15.44117    
 2043   15.61991    
 2044   15.60106    
 2045   15.59704    
 2046   15.61351    
 2047   15.58184    
 2048   15.66471    
 2049   15.64703    
 2050   15.60159    
 2051   15.72667    
 2052   15.72746    
 2053   15.75122    
 2054   15.68158    
 2055   15.80436    
 2056   15.83993    
 2057   15.96652    
 2058   15.94735    
 2059   16.01667    
 2060   16.16071    
 2061   16.03797    
 2062   16.03849    
 2063   16.15199    
 2064   16.15332    
 2065   16.15302    
 2066   16.37241    
 2067   16.33518    
 2068   16.35821    
 2069   16.37367    
 2070   16.42443    
 2071   16.43614    
 2072   16.41086    
 2073   16.49203    
 2074   16.46003    
 2075   16.47766    
 2076   16.51841    
 2077   16.56594    
 2078   16.61563    
 2079   16.71056    
 2080   16.84598    
 2081   16.85581    
 2082   16.84592    
 2083   16.75603    
 2084   16.86061    
 2085   16.85335    
 2086   16.88799    
 2087   17.01908    
 2088   17.00105    
 2089   17.07937    
 2090   17.14751    
 2091   17.01072    
 2092   17.08525    
 2093   17.05970    
 2094   17.10462    
 2095   17.18442    
 2096   17.09744    
 2097   17.34234    
 2098   17.32785    
 2099   17.26502    
 2100   17.33287    
