# daily2longer    1 mea
# ensemble mea of file global_tas_Amon_CESM1-CAM5_rcp60_%%.dat
# using members   0 to   2
# <a href=http://cmip-pcmdi.llnl.gov/cmip5/>CMIP5</a> global mean temperature computed at <a href=http://www.knmi.nl/selectfield_cmip5.cgi?someone@somewhere>KNMI Climate Explorer</a> tas_Amon_CESM1-CAM5_rcp60_r1i1p1
# cutting out region lon=   -0.625  359.375, lat=  -90.000   90.000
# file :: /data/storage/climexp/data/iglobal_tas_Amon_mod_rcp60_003.dat
# description :: CMIP5 RCP60 models Tglobal
# comment :: ensemble mea of file global_tas_Amon_CESM1-CAM5_rcp60_%%.dat, using members   0 to   2, <a href=http://cmip-pcmdi.llnl.gov/cmip5/>CMIP5</a> global mean temperature computed at <a href=http://www.knmi.nl/selectfield_cmip5.cgi?someone@somewhere>KNMI Climate Explorer</a> tas_Amon_CESM1-CAM5_rcp60_r1i1p1, cutting out region lon=   -0.625  359.375, lat=  -90.000   90.000, via the KNMI Climate Explorer (http://climexp.knmi.nl)
# institution :: KNMI Climate Explorer
# history ::  2018-05-21  9:26:54 bin/selectyear 1850 2100 data/iglobal_tas_Amon_mod_rcp60_003.dat global_tas_Amon_mod_rcp60_+++_1850:2100\n 2018-05-17 23:23:54 dat2nc ./data/iglobal_tas_Amon_mod_rcp60_003.dat i CMIP5_RCP60_models_Tglobal ./data/iglobal_tas_Amon_mod_rcp60_003.nc n
# tas [Celsius] from CESM1-CAM5 model output prepared for CMIP5 RCP6 r1i1p1
 1850   13.19681    
 1851   13.17953    
 1852   13.16106    
 1853   13.20790    
 1854   13.15192    
 1855   13.04971    
 1856   13.02501    
 1857   13.09101    
 1858   13.10573    
 1859   13.13647    
 1860   13.06839    
 1861   13.04103    
 1862   13.13422    
 1863   13.29592    
 1864   13.19013    
 1865   13.12613    
 1866   13.20856    
 1867   13.17640    
 1868   13.16700    
 1869   13.21111    
 1870   13.23398    
 1871   13.16737    
 1872   13.18772    
 1873   13.18742    
 1874   13.13796    
 1875   13.15587    
 1876   13.11503    
 1877   13.12996    
 1878   13.17406    
 1879   13.22395    
 1880   13.20460    
 1881   13.19847    
 1882   13.20770    
 1883   13.17506    
 1884   12.86810    
 1885   12.91507    
 1886   12.99610    
 1887   12.96033    
 1888   13.05937    
 1889   13.02078    
 1890   12.98010    
 1891   12.94651    
 1892   12.94545    
 1893   12.89717    
 1894   12.98341    
 1895   13.04706    
 1896   13.09198    
 1897   13.02899    
 1898   13.08399    
 1899   13.13520    
 1900   13.10921    
 1901   13.04341    
 1902   13.00701    
 1903   12.74752    
 1904   12.87903    
 1905   13.04503    
 1906   12.93457    
 1907   12.89817    
 1908   12.98549    
 1909   12.99570    
 1910   13.07182    
 1911   13.04557    
 1912   12.99088    
 1913   12.90065    
 1914   12.99339    
 1915   13.09962    
 1916   13.09446    
 1917   13.15927    
 1918   13.14408    
 1919   13.10515    
 1920   13.15999    
 1921   13.21197    
 1922   13.20302    
 1923   13.18660    
 1924   13.12739    
 1925   13.24917    
 1926   13.38000    
 1927   13.29603    
 1928   13.25754    
 1929   13.17986    
 1930   13.20914    
 1931   13.24374    
 1932   13.16784    
 1933   13.20205    
 1934   13.24986    
 1935   13.31691    
 1936   13.22295    
 1937   13.21800    
 1938   13.24914    
 1939   13.23722    
 1940   13.20638    
 1941   13.22442    
 1942   13.18499    
 1943   13.22446    
 1944   13.28886    
 1945   13.32781    
 1946   13.27038    
 1947   13.23454    
 1948   13.27716    
 1949   13.29380    
 1950   13.29644    
 1951   13.28703    
 1952   13.32346    
 1953   13.30190    
 1954   13.25381    
 1955   13.20935    
 1956   13.11917    
 1957   13.24113    
 1958   13.34142    
 1959   13.38616    
 1960   13.34032    
 1961   13.26204    
 1962   13.41946    
 1963   13.27310    
 1964   13.07530    
 1965   13.11381    
 1966   13.17305    
 1967   13.21708    
 1968   13.21997    
 1969   13.28274    
 1970   13.33191    
 1971   13.28262    
 1972   13.26638    
 1973   13.31014    
 1974   13.34757    
 1975   13.31570    
 1976   13.31792    
 1977   13.29576    
 1978   13.30815    
 1979   13.37719    
 1980   13.43845    
 1981   13.55309    
 1982   13.50887    
 1983   13.29320    
 1984   13.31530    
 1985   13.38125    
 1986   13.44186    
 1987   13.55274    
 1988   13.50414    
 1989   13.51241    
 1990   13.49968    
 1991   13.49724    
 1992   13.43067    
 1993   13.54528    
 1994   13.49978    
 1995   13.54189    
 1996   13.58186    
 1997   13.61542    
 1998   13.74347    
 1999   13.77148    
 2000   13.72032    
 2001   13.75197    
 2002   13.89621    
 2003   13.91788    
 2004   13.89098    
 2005   13.90815    
 2006   14.00054    
 2007   13.94472    
 2008   13.93316    
 2009   13.95854    
 2010   14.00041    
 2011   13.96259    
 2012   14.01492    
 2013   14.05580    
 2014   14.18345    
 2015   14.27972    
 2016   14.13502    
 2017   14.07546    
 2018   14.12091    
 2019   14.28851    
 2020   14.40854    
 2021   14.27401    
 2022   14.20772    
 2023   14.32457    
 2024   14.31059    
 2025   14.35623    
 2026   14.44664    
 2027   14.46930    
 2028   14.40151    
 2029   14.32288    
 2030   14.35853    
 2031   14.51347    
 2032   14.54562    
 2033   14.48607    
 2034   14.49692    
 2035   14.54160    
 2036   14.69925    
 2037   14.67931    
 2038   14.67903    
 2039   14.80917    
 2040   14.83123    
 2041   14.77434    
 2042   14.77100    
 2043   14.78220    
 2044   14.83890    
 2045   14.88201    
 2046   14.79539    
 2047   14.79379    
 2048   14.86753    
 2049   14.95177    
 2050   15.07024    
 2051   15.02765    
 2052   15.01823    
 2053   15.04391    
 2054   15.16332    
 2055   15.26716    
 2056   15.13588    
 2057   15.15708    
 2058   15.32203    
 2059   15.34805    
 2060   15.26698    
 2061   15.31031    
 2062   15.29589    
 2063   15.39327    
 2064   15.48798    
 2065   15.57240    
 2066   15.46553    
 2067   15.43958    
 2068   15.55512    
 2069   15.67205    
 2070   15.70330    
 2071   15.78937    
 2072   15.79982    
 2073   15.65544    
 2074   15.71999    
 2075   15.82041    
 2076   15.91346    
 2077   15.96763    
 2078   15.99450    
 2079   16.00558    
 2080   16.07227    
 2081   16.11430    
 2082   16.14319    
 2083   16.00720    
 2084   16.07336    
 2085   16.20065    
 2086   16.37452    
 2087   16.29556    
 2088   16.25547    
 2089   16.34862    
 2090   16.45761    
 2091   16.41930    
 2092   16.46799    
 2093   16.48468    
 2094   16.55978    
 2095   16.46493    
 2096   16.53094    
 2097   16.56682    
 2098   16.65851    
 2099   16.70537    
 2100   16.66234    
