# daily2longer    1 mea
# ensemble mea of file global_tas_Amon_HadGEM2-ES_rcp60_%%.dat
# using members   0 to   2
# <a href=http://cmip-pcmdi.llnl.gov/cmip5/>CMIP5</a> global mean temperature computed at <a href=http://www.knmi.nl/selectfield_cmip5.cgi?someone@somewhere>KNMI Climate Explorer</a> tas_Amon_HadGEM2-ES_rcp60_r2i1p1
# cutting out region lon=   -0.938  359.062, lat=  -90.000   90.000
# file :: /data/storage/climexp/data/iglobal_tas_Amon_mod_rcp60_016.dat
# description :: CMIP5 RCP60 models Tglobal
# comment :: ensemble mea of file global_tas_Amon_HadGEM2-ES_rcp60_%%.dat, using members   0 to   2, <a href=http://cmip-pcmdi.llnl.gov/cmip5/>CMIP5</a> global mean temperature computed at <a href=http://www.knmi.nl/selectfield_cmip5.cgi?someone@somewhere>KNMI Climate Explorer</a> tas_Amon_HadGEM2-ES_rcp60_r2i1p1, cutting out region lon=   -0.938  359.062, lat=  -90.000   90.000, via the KNMI Climate Explorer (http://climexp.knmi.nl)
# institution :: KNMI Climate Explorer
# history ::  2018-05-21  9:26:54 bin/selectyear 1850 2100 data/iglobal_tas_Amon_mod_rcp60_016.dat global_tas_Amon_mod_rcp60_+++_1850:2100\n 2018-05-17 23:23:54 dat2nc ./data/iglobal_tas_Amon_mod_rcp60_016.dat i CMIP5_RCP60_models_Tglobal ./data/iglobal_tas_Amon_mod_rcp60_016.nc n
# tas [Celsius] from HadGEM2-ES model output prepared for CMIP5 RCP6 r2i1p1
 1860   13.70153    
 1861   13.70351    
 1862   13.78433    
 1863   13.70225    
 1864   13.75830    
 1865   13.61352    
 1866   13.53781    
 1867   13.57900    
 1868   13.52015    
 1869   13.60651    
 1870   13.64187    
 1871   13.64071    
 1872   13.71903    
 1873   13.78902    
 1874   13.80011    
 1875   13.71977    
 1876   13.62653    
 1877   13.65437    
 1878   13.72499    
 1879   13.69026    
 1880   13.60260    
 1881   13.62110    
 1882   13.56078    
 1883   13.52559    
 1884   13.35697    
 1885   13.37838    
 1886   13.40381    
 1887   13.41781    
 1888   13.48493    
 1889   13.44166    
 1890   13.39977    
 1891   13.32272    
 1892   13.45809    
 1893   13.48681    
 1894   13.52336    
 1895   13.60957    
 1896   13.65301    
 1897   13.57479    
 1898   13.61059    
 1899   13.74281    
 1900   13.72030    
 1901   13.77251    
 1902   13.69294    
 1903   13.49896    
 1904   13.40824    
 1905   13.54977    
 1906   13.57778    
 1907   13.62595    
 1908   13.62407    
 1909   13.58323    
 1910   13.67783    
 1911   13.58407    
 1912   13.58085    
 1913   13.57530    
 1914   13.60726    
 1915   13.68042    
 1916   13.76627    
 1917   13.81205    
 1918   13.74896    
 1919   13.78615    
 1920   13.80481    
 1921   13.81975    
 1922   13.84159    
 1923   13.81057    
 1924   13.83275    
 1925   13.85603    
 1926   13.84511    
 1927   13.77325    
 1928   13.80874    
 1929   13.84213    
 1930   13.82444    
 1931   13.77333    
 1932   13.79790    
 1933   13.82676    
 1934   13.82256    
 1935   13.79766    
 1936   13.83333    
 1937   13.86469    
 1938   13.89198    
 1939   13.87967    
 1940   13.78187    
 1941   13.82147    
 1942   13.82871    
 1943   13.84766    
 1944   13.86837    
 1945   13.89351    
 1946   13.94631    
 1947   13.95020    
 1948   14.01168    
 1949   13.98991    
 1950   13.92294    
 1951   13.86821    
 1952   13.80240    
 1953   13.82828    
 1954   13.83415    
 1955   13.81400    
 1956   13.90641    
 1957   13.89529    
 1958   13.84623    
 1959   13.82730    
 1960   13.71741    
 1961   13.78053    
 1962   13.77162    
 1963   13.71004    
 1964   13.58434    
 1965   13.48067    
 1966   13.49307    
 1967   13.55217    
 1968   13.68347    
 1969   13.67929    
 1970   13.64812    
 1971   13.62608    
 1972   13.73888    
 1973   13.70689    
 1974   13.77578    
 1975   13.63965    
 1976   13.61312    
 1977   13.75405    
 1978   13.72121    
 1979   13.79709    
 1980   13.85344    
 1981   13.87758    
 1982   13.86752    
 1983   13.74584    
 1984   13.77729    
 1985   13.87759    
 1986   13.89507    
 1987   13.87211    
 1988   13.86848    
 1989   13.89531    
 1990   13.96121    
 1991   13.97495    
 1992   13.69094    
 1993   13.76322    
 1994   13.85254    
 1995   13.90866    
 1996   13.92812    
 1997   13.98756    
 1998   14.13569    
 1999   14.17284    
 2000   14.21781    
 2001   14.30493    
 2002   14.30571    
 2003   14.34303    
 2004   14.34733    
 2005   14.36908    
 2006   14.35435    
 2007   14.39526    
 2008   14.43452    
 2009   14.46448    
 2010   14.42930    
 2011   14.43738    
 2012   14.56850    
 2013   14.62499    
 2014   14.71072    
 2015   14.68601    
 2016   14.66243    
 2017   14.66779    
 2018   14.59124    
 2019   14.60779    
 2020   14.71944    
 2021   14.75645    
 2022   14.70159    
 2023   14.70926    
 2024   14.71196    
 2025   14.79600    
 2026   14.88346    
 2027   14.91164    
 2028   15.01725    
 2029   15.01538    
 2030   14.94978    
 2031   15.03016    
 2032   14.99994    
 2033   14.99997    
 2034   15.06695    
 2035   15.09428    
 2036   15.12596    
 2037   15.20023    
 2038   15.24620    
 2039   15.29930    
 2040   15.32142    
 2041   15.41046    
 2042   15.42632    
 2043   15.36720    
 2044   15.45309    
 2045   15.48359    
 2046   15.55472    
 2047   15.55421    
 2048   15.51067    
 2049   15.55981    
 2050   15.63862    
 2051   15.73053    
 2052   15.77670    
 2053   15.80016    
 2054   15.81345    
 2055   15.79198    
 2056   15.90181    
 2057   16.00534    
 2058   16.12022    
 2059   16.09753    
 2060   16.07384    
 2061   16.03591    
 2062   16.06509    
 2063   16.11567    
 2064   16.19831    
 2065   16.09683    
 2066   16.19710    
 2067   16.26017    
 2068   16.35327    
 2069   16.41889    
 2070   16.48941    
 2071   16.40894    
 2072   16.39443    
 2073   16.44515    
 2074   16.44610    
 2075   16.53923    
 2076   16.71007    
 2077   16.65270    
 2078   16.69636    
 2079   16.70256    
 2080   16.77155    
 2081   16.83528    
 2082   16.82894    
 2083   16.75151    
 2084   16.71778    
 2085   16.80389    
 2086   16.84695    
 2087   16.96236    
 2088   16.99522    
 2089   17.08528    
 2090   17.19893    
 2091   17.17217    
 2092   17.15113    
 2093   17.27679    
 2094   17.30176    
 2095   17.36448    
 2096   17.34848    
 2097   17.28206    
 2098   17.29597    
 2099   17.40977    
 2100   17.42170    
