# daily2longer    1 mea
# <a href=http://cmip-pcmdi.llnl.gov/cmip5/>CMIP5</a> global mean temperature computed at <a href=http://www.knmi.nl/selectfield_cmip5.cgi?someone@somewhere>KNMI Climate Explorer</a> tas_Amon_GISS-E2-R_rcp60_r1i1p1
# cutting out region lon=    0.000  360.000, lat=  -90.000   90.000
# file :: /data/storage/climexp/data/iglobal_tas_Amon_mod_rcp60_012.dat
# description :: CMIP5 RCP60 models Tglobal
# comment :: <a href=http://cmip-pcmdi.llnl.gov/cmip5/>CMIP5</a> global mean temperature computed at <a href=http://www.knmi.nl/selectfield_cmip5.cgi?someone@somewhere>KNMI Climate Explorer</a> tas_Amon_GISS-E2-R_rcp60_r1i1p1, cutting out region lon=    0.000  360.000, lat=  -90.000   90.000, via the KNMI Climate Explorer (http://climexp.knmi.nl)
# institution :: KNMI Climate Explorer
# history ::  2018-05-21  9:26:54 bin/selectyear 1850 2100 data/iglobal_tas_Amon_mod_rcp60_012.dat global_tas_Amon_mod_rcp60_+++_1850:2100\n 2018-05-17 23:23:54 dat2nc ./data/iglobal_tas_Amon_mod_rcp60_012.dat i CMIP5_RCP60_models_Tglobal ./data/iglobal_tas_Amon_mod_rcp60_012.nc n
# tas [Celsius] from GISS-E2-R model output prepared for CMIP5 RCP6 r1i1p1
 1850   14.40316    
 1851   14.40079    
 1852   14.39495    
 1853   14.39140    
 1854   14.38283    
 1855   14.44960    
 1856   14.28945    
 1857   14.09610    
 1858   14.20348    
 1859   14.34401    
 1860   14.37723    
 1861   14.37846    
 1862   14.36911    
 1863   14.36548    
 1864   14.37109    
 1865   14.41695    
 1866   14.43087    
 1867   14.50644    
 1868   14.29620    
 1869   14.48566    
 1870   14.52251    
 1871   14.37769    
 1872   14.39416    
 1873   14.49263    
 1874   14.45316    
 1875   14.39370    
 1876   14.36009    
 1877   14.42303    
 1878   14.31997    
 1879   14.33877    
 1880   14.35344    
 1881   14.35991    
 1882   14.37471    
 1883   14.34285    
 1884   14.02908    
 1885   14.00666    
 1886   14.16727    
 1887   14.20509    
 1888   14.33740    
 1889   14.30030    
 1890   14.26535    
 1891   14.22360    
 1892   14.25135    
 1893   14.39964    
 1894   14.42713    
 1895   14.48723    
 1896   14.36339    
 1897   14.43459    
 1898   14.41181    
 1899   14.39306    
 1900   14.39104    
 1901   14.52532    
 1902   14.44987    
 1903   14.20414    
 1904   14.27774    
 1905   14.31284    
 1906   14.30397    
 1907   14.38636    
 1908   14.40694    
 1909   14.41924    
 1910   14.47448    
 1911   14.50051    
 1912   14.42427    
 1913   14.39485    
 1914   14.38212    
 1915   14.40277    
 1916   14.43088    
 1917   14.44060    
 1918   14.48311    
 1919   14.54016    
 1920   14.49352    
 1921   14.47781    
 1922   14.36594    
 1923   14.46232    
 1924   14.46936    
 1925   14.56533    
 1926   14.46584    
 1927   14.51062    
 1928   14.59814    
 1929   14.51730    
 1930   14.60063    
 1931   14.54216    
 1932   14.52803    
 1933   14.54360    
 1934   14.64119    
 1935   14.64311    
 1936   14.52024    
 1937   14.66190    
 1938   14.64073    
 1939   14.50848    
 1940   14.52536    
 1941   14.56286    
 1942   14.57426    
 1943   14.49213    
 1944   14.48899    
 1945   14.57431    
 1946   14.53823    
 1947   14.51047    
 1948   14.65049    
 1949   14.68196    
 1950   14.55186    
 1951   14.59162    
 1952   14.61444    
 1953   14.65453    
 1954   14.71152    
 1955   14.70625    
 1956   14.62286    
 1957   14.62962    
 1958   14.62816    
 1959   14.66894    
 1960   14.66118    
 1961   14.61499    
 1962   14.63795    
 1963   14.57056    
 1964   14.44250    
 1965   14.47748    
 1966   14.55963    
 1967   14.57437    
 1968   14.59551    
 1969   14.59974    
 1970   14.59935    
 1971   14.68868    
 1972   14.62318    
 1973   14.80321    
 1974   14.80581    
 1975   14.79671    
 1976   14.84968    
 1977   14.83237    
 1978   14.75944    
 1979   14.83463    
 1980   14.89026    
 1981   14.90003    
 1982   14.76415    
 1983   14.56970    
 1984   14.69701    
 1985   14.74913    
 1986   14.75180    
 1987   14.79389    
 1988   14.88246    
 1989   14.88004    
 1990   14.94147    
 1991   14.78564    
 1992   14.53772    
 1993   14.67135    
 1994   14.71013    
 1995   14.88960    
 1996   14.86965    
 1997   14.88164    
 1998   15.05376    
 1999   15.09482    
 2000   15.06971    
 2001   15.19370    
 2002   15.14101    
 2003   15.18637    
 2004   15.23710    
 2005   15.20186    
 2006   15.26907    
 2007   15.27824    
 2008   15.25119    
 2009   15.33752    
 2010   15.34426    
 2011   15.31452    
 2012   15.40177    
 2013   15.38083    
 2014   15.40078    
 2015   15.41866    
 2016   15.46224    
 2017   15.44407    
 2018   15.46785    
 2019   15.36765    
 2020   15.50635    
 2021   15.58642    
 2022   15.55102    
 2023   15.58728    
 2024   15.60279    
 2025   15.66244    
 2026   15.56405    
 2027   15.58803    
 2028   15.64602    
 2029   15.62399    
 2030   15.59100    
 2031   15.60378    
 2032   15.56265    
 2033   15.55990    
 2034   15.64070    
 2035   15.69737    
 2036   15.81052    
 2037   15.72699    
 2038   15.78818    
 2039   15.73405    
 2040   15.73783    
 2041   15.75170    
 2042   15.72604    
 2043   15.76765    
 2044   15.79603    
 2045   15.83242    
 2046   15.84867    
 2047   15.80742    
 2048   15.86171    
 2049   15.98525    
 2050   15.92821    
 2051   15.87557    
 2052   15.98617    
 2053   16.06763    
 2054   16.09323    
 2055   16.03175    
 2056   16.08786    
 2057   16.05622    
 2058   16.01726    
 2059   16.07842    
 2060   16.07645    
 2061   16.16117    
 2062   16.16273    
 2063   16.14444    
 2064   16.09023    
 2065   16.05039    
 2066   16.11413    
 2067   16.17240    
 2068   16.14759    
 2069   16.17267    
 2070   16.18191    
 2071   16.21506    
 2072   16.21022    
 2073   16.14263    
 2074   16.21866    
 2075   16.31356    
 2076   16.33818    
 2077   16.28729    
 2078   16.27669    
 2079   16.34531    
 2080   16.38991    
 2081   16.47228    
 2082   16.41543    
 2083   16.50666    
 2084   16.60650    
 2085   16.64276    
 2086   16.64389    
 2087   16.65016    
 2088   16.59391    
 2089   16.67765    
 2090   16.66964    
 2091   16.61125    
 2092   16.59308    
 2093   16.59612    
 2094   16.68575    
 2095   16.63917    
 2096   16.62104    
 2097   16.66289    
 2098   16.69057    
 2099   16.62750    
 2100   16.69579    
