# daily2longer    1 mea
# <a href=http://cmip-pcmdi.llnl.gov/cmip5/>CMIP5</a> global mean temperature computed at <a href=http://www.knmi.nl/selectfield_cmip5.cgi?someone@somewhere>KNMI Climate Explorer</a> tas_Amon_IPSL-CM5A-MR_rcp60_r1i1p1
# cutting out region lon=   -1.250  358.750, lat=  -90.000   90.000
# file :: /data/storage/climexp/data/iglobal_tas_Amon_mod_rcp60_018.dat
# description :: CMIP5 RCP60 models Tglobal
# comment :: <a href=http://cmip-pcmdi.llnl.gov/cmip5/>CMIP5</a> global mean temperature computed at <a href=http://www.knmi.nl/selectfield_cmip5.cgi?someone@somewhere>KNMI Climate Explorer</a> tas_Amon_IPSL-CM5A-MR_rcp60_r1i1p1, cutting out region lon=   -1.250  358.750, lat=  -90.000   90.000, via the KNMI Climate Explorer (http://climexp.knmi.nl)
# institution :: KNMI Climate Explorer
# history ::  2018-05-21  9:26:54 bin/selectyear 1850 2100 data/iglobal_tas_Amon_mod_rcp60_018.dat global_tas_Amon_mod_rcp60_+++_1850:2100\n 2018-05-17 23:23:54 dat2nc ./data/iglobal_tas_Amon_mod_rcp60_018.dat i CMIP5_RCP60_models_Tglobal ./data/iglobal_tas_Amon_mod_rcp60_018.nc n
# tas [Celsius] from IPSL-CM5A-MR model output prepared for CMIP5 RCP6 r1i1p1
 1850   12.94405    
 1851   12.94134    
 1852   12.96854    
 1853   13.17940    
 1854   13.17027    
 1855   13.05119    
 1856   12.92852    
 1857   12.86111    
 1858   12.96173    
 1859   12.91733    
 1860   12.99366    
 1861   13.15537    
 1862   13.01215    
 1863   12.98904    
 1864   12.94944    
 1865   13.07229    
 1866   13.15427    
 1867   13.05831    
 1868   13.17941    
 1869   13.08443    
 1870   13.18175    
 1871   13.14358    
 1872   13.11347    
 1873   13.26960    
 1874   13.14369    
 1875   13.09336    
 1876   13.11102    
 1877   13.14680    
 1878   13.21239    
 1879   13.13726    
 1880   13.21662    
 1881   13.25042    
 1882   13.13760    
 1883   13.05361    
 1884   12.83488    
 1885   12.70882    
 1886   12.77291    
 1887   12.91495    
 1888   12.90795    
 1889   12.92140    
 1890   12.87237    
 1891   12.97009    
 1892   12.99188    
 1893   13.10749    
 1894   13.09990    
 1895   13.07419    
 1896   13.15381    
 1897   13.13058    
 1898   13.04200    
 1899   13.06924    
 1900   13.13982    
 1901   13.17244    
 1902   13.28295    
 1903   13.06315    
 1904   13.00189    
 1905   12.97325    
 1906   13.19114    
 1907   13.18651    
 1908   13.23281    
 1909   13.06109    
 1910   13.17660    
 1911   13.16671    
 1912   13.12805    
 1913   13.12978    
 1914   13.17081    
 1915   13.23143    
 1916   13.26075    
 1917   13.30199    
 1918   13.30055    
 1919   13.30323    
 1920   13.33374    
 1921   13.34561    
 1922   13.25671    
 1923   13.14451    
 1924   13.18875    
 1925   13.27078    
 1926   13.24818    
 1927   13.34435    
 1928   13.40374    
 1929   13.62650    
 1930   13.35095    
 1931   13.28350    
 1932   13.24959    
 1933   13.27366    
 1934   13.39450    
 1935   13.52238    
 1936   13.52289    
 1937   13.43961    
 1938   13.42938    
 1939   13.41557    
 1940   13.48208    
 1941   13.54378    
 1942   13.48246    
 1943   13.38447    
 1944   13.43967    
 1945   13.35608    
 1946   13.33078    
 1947   13.31564    
 1948   13.29382    
 1949   13.51210    
 1950   13.55522    
 1951   13.32048    
 1952   13.24887    
 1953   13.25079    
 1954   13.43070    
 1955   13.32068    
 1956   13.38647    
 1957   13.41616    
 1958   13.50195    
 1959   13.55489    
 1960   13.53978    
 1961   13.44382    
 1962   13.30329    
 1963   13.19751    
 1964   13.26210    
 1965   13.46841    
 1966   13.26107    
 1967   13.41548    
 1968   13.37101    
 1969   13.38393    
 1970   13.37700    
 1971   13.57455    
 1972   13.66955    
 1973   13.45586    
 1974   13.43197    
 1975   13.33868    
 1976   13.39073    
 1977   13.59025    
 1978   13.55060    
 1979   13.56071    
 1980   13.77426    
 1981   13.66964    
 1982   13.69120    
 1983   13.71965    
 1984   13.67915    
 1985   13.48532    
 1986   13.62006    
 1987   13.77589    
 1988   13.86066    
 1989   13.84273    
 1990   13.82945    
 1991   13.58889    
 1992   13.44142    
 1993   13.66490    
 1994   13.62842    
 1995   13.85961    
 1996   14.08587    
 1997   14.01060    
 1998   13.94720    
 1999   14.01355    
 2000   14.12238    
 2001   14.05649    
 2002   14.12310    
 2003   14.15394    
 2004   14.15676    
 2005   14.30363    
 2006   14.24286    
 2007   14.14939    
 2008   14.22469    
 2009   14.37833    
 2010   14.34162    
 2011   14.51524    
 2012   14.49129    
 2013   14.51405    
 2014   14.53942    
 2015   14.62683    
 2016   14.51516    
 2017   14.44579    
 2018   14.52742    
 2019   14.58594    
 2020   14.57059    
 2021   14.62977    
 2022   14.71855    
 2023   14.64366    
 2024   14.48708    
 2025   14.52225    
 2026   14.65718    
 2027   14.73285    
 2028   14.85533    
 2029   14.94741    
 2030   14.71521    
 2031   14.85276    
 2032   14.73009    
 2033   14.90771    
 2034   14.95107    
 2035   14.95236    
 2036   14.85828    
 2037   14.91002    
 2038   14.92803    
 2039   15.01437    
 2040   14.95079    
 2041   15.23788    
 2042   15.30692    
 2043   15.14802    
 2044   15.27078    
 2045   15.24136    
 2046   15.12304    
 2047   15.12531    
 2048   15.26904    
 2049   15.21374    
 2050   15.18774    
 2051   15.30462    
 2052   15.24130    
 2053   15.26299    
 2054   15.36710    
 2055   15.62756    
 2056   15.44270    
 2057   15.42245    
 2058   15.53592    
 2059   15.72037    
 2060   15.53251    
 2061   15.60258    
 2062   15.61595    
 2063   15.65176    
 2064   15.60897    
 2065   15.80464    
 2066   15.67410    
 2067   15.76310    
 2068   15.86207    
 2069   15.87945    
 2070   15.77247    
 2071   15.83353    
 2072   15.74049    
 2073   15.99988    
 2074   16.16319    
 2075   16.15640    
 2076   16.20264    
 2077   16.21341    
 2078   16.16761    
 2079   16.27069    
 2080   16.20336    
 2081   16.28729    
 2082   16.45071    
 2083   16.30514    
 2084   16.37741    
 2085   16.44602    
 2086   16.60682    
 2087   16.55595    
 2088   16.54977    
 2089   16.69303    
 2090   16.69782    
 2091   16.63946    
 2092   16.43388    
 2093   16.62545    
 2094   16.64229    
 2095   16.86038    
 2096   16.80667    
 2097   16.63838    
 2098   16.51646    
 2099   16.65901    
 2100   16.76551    
