# daily2longer    1 mea
# ensemble mea of file global_tas_Amon_CCSM4_rcp60_%%.dat
# using members   0 to   5
# <a href=http://cmip-pcmdi.llnl.gov/cmip5/>CMIP5</a> global mean temperature computed at <a href=http://www.knmi.nl/selectfield_cmip5.cgi?someone@somewhere>KNMI Climate Explorer</a> tas_Amon_CCSM4_rcp60_r1i1p1
# cutting out region lon=   -0.625  359.375, lat=  -90.000   90.000
# file :: /data/storage/climexp/data/iglobal_tas_Amon_mod_rcp60_002.dat
# description :: CMIP5 RCP60 models Tglobal
# comment :: ensemble mea of file global_tas_Amon_CCSM4_rcp60_%%.dat, using members   0 to   5, <a href=http://cmip-pcmdi.llnl.gov/cmip5/>CMIP5</a> global mean temperature computed at <a href=http://www.knmi.nl/selectfield_cmip5.cgi?someone@somewhere>KNMI Climate Explorer</a> tas_Amon_CCSM4_rcp60_r1i1p1, cutting out region lon=   -0.625  359.375, lat=  -90.000   90.000, via the KNMI Climate Explorer (http://climexp.knmi.nl)
# institution :: KNMI Climate Explorer
# history ::  2018-05-21  9:26:54 bin/selectyear 1850 2100 data/iglobal_tas_Amon_mod_rcp60_002.dat global_tas_Amon_mod_rcp60_+++_1850:2100\n 2018-05-17 23:23:54 dat2nc ./data/iglobal_tas_Amon_mod_rcp60_002.dat i CMIP5_RCP60_models_Tglobal ./data/iglobal_tas_Amon_mod_rcp60_002.nc n
# tas [Celsius] from CCSM4 model output prepared for CMIP5 RCP6 r1i1p1
 1850   13.35169    
 1851   13.43497    
 1852   13.33665    
 1853   13.37070    
 1854   13.21537    
 1855   13.33021    
 1856   13.38437    
 1857   13.35228    
 1858   13.27974    
 1859   13.29102    
 1860   13.30262    
 1861   13.31336    
 1862   13.31506    
 1863   13.34849    
 1864   13.32257    
 1865   13.31625    
 1866   13.31425    
 1867   13.34794    
 1868   13.40637    
 1869   13.41207    
 1870   13.28010    
 1871   13.34933    
 1872   13.38703    
 1873   13.44747    
 1874   13.40969    
 1875   13.42896    
 1876   13.45170    
 1877   13.39728    
 1878   13.29335    
 1879   13.35559    
 1880   13.43040    
 1881   13.46782    
 1882   13.45488    
 1883   13.33549    
 1884   12.82633    
 1885   13.07010    
 1886   13.14290    
 1887   13.13473    
 1888   13.27262    
 1889   13.29586    
 1890   13.17369    
 1891   13.13140    
 1892   13.18224    
 1893   13.22578    
 1894   13.32676    
 1895   13.37059    
 1896   13.40467    
 1897   13.36658    
 1898   13.37197    
 1899   13.41936    
 1900   13.33900    
 1901   13.40484    
 1902   13.38388    
 1903   12.96180    
 1904   13.01294    
 1905   13.21865    
 1906   13.26272    
 1907   13.25796    
 1908   13.31358    
 1909   13.44767    
 1910   13.46741    
 1911   13.33730    
 1912   13.28878    
 1913   13.35684    
 1914   13.43198    
 1915   13.40196    
 1916   13.39925    
 1917   13.48319    
 1918   13.50136    
 1919   13.50487    
 1920   13.47563    
 1921   13.45868    
 1922   13.55842    
 1923   13.48207    
 1924   13.50337    
 1925   13.53595    
 1926   13.55733    
 1927   13.63078    
 1928   13.57375    
 1929   13.46279    
 1930   13.53731    
 1931   13.61096    
 1932   13.50721    
 1933   13.47455    
 1934   13.58057    
 1935   13.56351    
 1936   13.56085    
 1937   13.57937    
 1938   13.58218    
 1939   13.57195    
 1940   13.59372    
 1941   13.62192    
 1942   13.69578    
 1943   13.65700    
 1944   13.56040    
 1945   13.63079    
 1946   13.69945    
 1947   13.63690    
 1948   13.63836    
 1949   13.59785    
 1950   13.65945    
 1951   13.67506    
 1952   13.68347    
 1953   13.62283    
 1954   13.61530    
 1955   13.68298    
 1956   13.69796    
 1957   13.75035    
 1958   13.70950    
 1959   13.64047    
 1960   13.70238    
 1961   13.74177    
 1962   13.71027    
 1963   13.55808    
 1964   13.45793    
 1965   13.50775    
 1966   13.59747    
 1967   13.62153    
 1968   13.68958    
 1969   13.75665    
 1970   13.69997    
 1971   13.68487    
 1972   13.75960    
 1973   13.80799    
 1974   13.88272    
 1975   13.84458    
 1976   13.84726    
 1977   13.94816    
 1978   14.02713    
 1979   13.98197    
 1980   14.03380    
 1981   14.05821    
 1982   13.97426    
 1983   13.86330    
 1984   13.94834    
 1985   13.99487    
 1986   14.06552    
 1987   14.16597    
 1988   14.21472    
 1989   14.19076    
 1990   14.26547    
 1991   14.18070    
 1992   13.89035    
 1993   14.04179    
 1994   14.10718    
 1995   14.16965    
 1996   14.25036    
 1997   14.28997    
 1998   14.39963    
 1999   14.45389    
 2000   14.47611    
 2001   14.55208    
 2002   14.56890    
 2003   14.54317    
 2004   14.58597    
 2005   14.60218    
 2006   14.64720    
 2007   14.63112    
 2008   14.59664    
 2009   14.66487    
 2010   14.75671    
 2011   14.76187    
 2012   14.71517    
 2013   14.70762    
 2014   14.79219    
 2015   14.78963    
 2016   14.81203    
 2017   14.86024    
 2018   14.83618    
 2019   14.84385    
 2020   14.91728    
 2021   14.92309    
 2022   14.88318    
 2023   14.95712    
 2024   14.96421    
 2025   14.95638    
 2026   14.98110    
 2027   14.97480    
 2028   15.03478    
 2029   15.04690    
 2030   15.10929    
 2031   15.13810    
 2032   15.09587    
 2033   15.10474    
 2034   15.10976    
 2035   15.14506    
 2036   15.17926    
 2037   15.12664    
 2038   15.20215    
 2039   15.33069    
 2040   15.31074    
 2041   15.20531    
 2042   15.21917    
 2043   15.31392    
 2044   15.31825    
 2045   15.35047    
 2046   15.39162    
 2047   15.39903    
 2048   15.40865    
 2049   15.45523    
 2050   15.43507    
 2051   15.43141    
 2052   15.40419    
 2053   15.46156    
 2054   15.47645    
 2055   15.57037    
 2056   15.52565    
 2057   15.55387    
 2058   15.58255    
 2059   15.63501    
 2060   15.63616    
 2061   15.55697    
 2062   15.65079    
 2063   15.65481    
 2064   15.70389    
 2065   15.71504    
 2066   15.74400    
 2067   15.81459    
 2068   15.85770    
 2069   15.87828    
 2070   15.85172    
 2071   15.89697    
 2072   15.93325    
 2073   16.01131    
 2074   16.01052    
 2075   15.95576    
 2076   16.03263    
 2077   16.10526    
 2078   16.08741    
 2079   16.11133    
 2080   16.11812    
 2081   16.12597    
 2082   16.21071    
 2083   16.26068    
 2084   16.23508    
 2085   16.25701    
 2086   16.27632    
 2087   16.37584    
 2088   16.38472    
 2089   16.40973    
 2090   16.41721    
 2091   16.42686    
 2092   16.42721    
 2093   16.44031    
 2094   16.46935    
 2095   16.46291    
 2096   16.52490    
 2097   16.51559    
 2098   16.49424    
 2099   16.55597    
 2100   16.61000    
