# daily2longer    1 mea
# <a href=http://cmip-pcmdi.llnl.gov/cmip5/>CMIP5</a> global mean temperature computed at <a href=http://www.knmi.nl/selectfield_cmip5.cgi?someone@somewhere>KNMI Climate Explorer</a> tas_Amon_MRI-CGCM3_rcp60_r1i1p1
# cutting out region lon=   -0.562  359.438, lat=  -89.698   89.698
# file :: /data/storage/climexp/data/iglobal_tas_Amon_mod_rcp60_022.dat
# description :: CMIP5 RCP60 models Tglobal
# comment :: <a href=http://cmip-pcmdi.llnl.gov/cmip5/>CMIP5</a> global mean temperature computed at <a href=http://www.knmi.nl/selectfield_cmip5.cgi?someone@somewhere>KNMI Climate Explorer</a> tas_Amon_MRI-CGCM3_rcp60_r1i1p1, cutting out region lon=   -0.562  359.438, lat=  -89.698   89.698, via the KNMI Climate Explorer (http://climexp.knmi.nl)
# institution :: KNMI Climate Explorer
# history ::  2018-05-21  9:26:55 bin/selectyear 1850 2100 data/iglobal_tas_Amon_mod_rcp60_022.dat global_tas_Amon_mod_rcp60_+++_1850:2100\n 2018-05-17 23:23:54 dat2nc ./data/iglobal_tas_Amon_mod_rcp60_022.dat i CMIP5_RCP60_models_Tglobal ./data/iglobal_tas_Amon_mod_rcp60_022.nc n
# tas [Celsius] from MRI-CGCM3 model output prepared for CMIP5 RCP6 r1i1p1
 1850   13.48632    
 1851   13.56133    
 1852   13.53231    
 1853   13.56864    
 1854   13.53510    
 1855   13.56685    
 1856   13.46347    
 1857   13.52178    
 1858   13.64902    
 1859   13.60990    
 1860   13.60253    
 1861   13.60277    
 1862   13.65929    
 1863   13.62474    
 1864   13.62407    
 1865   13.59376    
 1866   13.56862    
 1867   13.50882    
 1868   13.57664    
 1869   13.55125    
 1870   13.65020    
 1871   13.64404    
 1872   13.67754    
 1873   13.61019    
 1874   13.72505    
 1875   13.69021    
 1876   13.67808    
 1877   13.47570    
 1878   13.57822    
 1879   13.75937    
 1880   13.62494    
 1881   13.70550    
 1882   13.76474    
 1883   13.54255    
 1884   13.23665    
 1885   13.40204    
 1886   13.39040    
 1887   13.39860    
 1888   13.48607    
 1889   13.57098    
 1890   13.49157    
 1891   13.50849    
 1892   13.57218    
 1893   13.66885    
 1894   13.58871    
 1895   13.61374    
 1896   13.62240    
 1897   13.52921    
 1898   13.55357    
 1899   13.62407    
 1900   13.54861    
 1901   13.55060    
 1902   13.61022    
 1903   13.19478    
 1904   13.30320    
 1905   13.43338    
 1906   13.53170    
 1907   13.54466    
 1908   13.75571    
 1909   13.75795    
 1910   13.67020    
 1911   13.59611    
 1912   13.60943    
 1913   13.64446    
 1914   13.69587    
 1915   13.68627    
 1916   13.68438    
 1917   13.70289    
 1918   13.74359    
 1919   13.61681    
 1920   13.77573    
 1921   13.84498    
 1922   13.79205    
 1923   13.62170    
 1924   13.75651    
 1925   13.74598    
 1926   13.63780    
 1927   13.65903    
 1928   13.76829    
 1929   13.69407    
 1930   13.67549    
 1931   13.67502    
 1932   13.72014    
 1933   13.57876    
 1934   13.78338    
 1935   13.95059    
 1936   13.81236    
 1937   13.87768    
 1938   13.85294    
 1939   13.84335    
 1940   13.76587    
 1941   13.66427    
 1942   13.82357    
 1943   13.68183    
 1944   13.65348    
 1945   13.68172    
 1946   13.85890    
 1947   13.70633    
 1948   13.84770    
 1949   13.87228    
 1950   13.70657    
 1951   13.71785    
 1952   13.69894    
 1953   13.78667    
 1954   13.82215    
 1955   13.82497    
 1956   13.77796    
 1957   13.67165    
 1958   13.74806    
 1959   13.79059    
 1960   13.82362    
 1961   13.84610    
 1962   13.75430    
 1963   13.88985    
 1964   13.76993    
 1965   13.66774    
 1966   13.68081    
 1967   13.70323    
 1968   13.76659    
 1969   13.87395    
 1970   13.85764    
 1971   13.92252    
 1972   13.85429    
 1973   13.79784    
 1974   13.73933    
 1975   13.85869    
 1976   13.96079    
 1977   14.02332    
 1978   13.90964    
 1979   13.96218    
 1980   13.90031    
 1981   13.94759    
 1982   13.96075    
 1983   13.96220    
 1984   14.00752    
 1985   14.02278    
 1986   13.79676    
 1987   13.94141    
 1988   13.86512    
 1989   14.01141    
 1990   14.02261    
 1991   14.04510    
 1992   13.75643    
 1993   13.87214    
 1994   13.77174    
 1995   13.95890    
 1996   14.01054    
 1997   13.99411    
 1998   14.00658    
 1999   13.96692    
 2000   14.05475    
 2001   14.05674    
 2002   14.10182    
 2003   14.17165    
 2004   14.16396    
 2005   14.20104    
 2006   14.17865    
 2007   14.17364    
 2008   14.13806    
 2009   14.16484    
 2010   14.13897    
 2011   14.16191    
 2012   14.17722    
 2013   14.20896    
 2014   14.30927    
 2015   14.27756    
 2016   14.30145    
 2017   14.25764    
 2018   14.35411    
 2019   14.37985    
 2020   14.47746    
 2021   14.43813    
 2022   14.43570    
 2023   14.56792    
 2024   14.45865    
 2025   14.51699    
 2026   14.52105    
 2027   14.66173    
 2028   14.59987    
 2029   14.65739    
 2030   14.52070    
 2031   14.50143    
 2032   14.55992    
 2033   14.59253    
 2034   14.63406    
 2035   14.59953    
 2036   14.65374    
 2037   14.77472    
 2038   14.68504    
 2039   14.73241    
 2040   14.73381    
 2041   14.71961    
 2042   14.62196    
 2043   14.65452    
 2044   14.71615    
 2045   14.83786    
 2046   14.62191    
 2047   14.68705    
 2048   14.82971    
 2049   14.71521    
 2050   14.90852    
 2051   14.80724    
 2052   14.94393    
 2053   14.95573    
 2054   15.01507    
 2055   15.00376    
 2056   15.06323    
 2057   14.95426    
 2058   14.89665    
 2059   14.85026    
 2060   15.09994    
 2061   15.15212    
 2062   15.17463    
 2063   15.05789    
 2064   15.11187    
 2065   15.18913    
 2066   15.32502    
 2067   15.35892    
 2068   15.37486    
 2069   15.38683    
 2070   15.43433    
 2071   15.55352    
 2072   15.56467    
 2073   15.51282    
 2074   15.60469    
 2075   15.59350    
 2076   15.54587    
 2077   15.58403    
 2078   15.54089    
 2079   15.63241    
 2080   15.74451    
 2081   15.72015    
 2082   15.76550    
 2083   15.62893    
 2084   15.75463    
 2085   15.81659    
 2086   15.89227    
 2087   15.77867    
 2088   15.89295    
 2089   15.85605    
 2090   15.68301    
 2091   15.87364    
 2092   16.03112    
 2093   15.98384    
 2094   15.94105    
 2095   16.07221    
 2096   15.99022    
 2097   15.78021    
 2098   15.86862    
 2099   16.04034    
 2100   16.10370    
