# daily2longer    1 mea
# <a href=http://cmip-pcmdi.llnl.gov/cmip5/>CMIP5</a> global mean temperature computed at <a href=http://www.knmi.nl/selectfield_cmip5.cgi?someone@somewhere>KNMI Climate Explorer</a> tas_Amon_MIROC-ESM_rcp60_r1i1p1
# cutting out region lon=   -1.406  358.594, lat=  -89.247   89.247
# file :: /data/storage/climexp/data/iglobal_tas_Amon_mod_rcp60_021.dat
# description :: CMIP5 RCP60 models Tglobal
# comment :: <a href=http://cmip-pcmdi.llnl.gov/cmip5/>CMIP5</a> global mean temperature computed at <a href=http://www.knmi.nl/selectfield_cmip5.cgi?someone@somewhere>KNMI Climate Explorer</a> tas_Amon_MIROC-ESM_rcp60_r1i1p1, cutting out region lon=   -1.406  358.594, lat=  -89.247   89.247, via the KNMI Climate Explorer (http://climexp.knmi.nl)
# institution :: KNMI Climate Explorer
# history ::  2018-05-21  9:26:55 bin/selectyear 1850 2100 data/iglobal_tas_Amon_mod_rcp60_021.dat global_tas_Amon_mod_rcp60_+++_1850:2100\n 2018-05-17 23:23:54 dat2nc ./data/iglobal_tas_Amon_mod_rcp60_021.dat i CMIP5_RCP60_models_Tglobal ./data/iglobal_tas_Amon_mod_rcp60_021.nc n
# tas [Celsius] from MIROC-ESM model output prepared for CMIP5 RCP6 r1i1p1
 1850   13.30250    
 1851   13.41353    
 1852   13.30215    
 1853   13.38136    
 1854   13.41686    
 1855   13.44159    
 1856   13.23516    
 1857   13.28167    
 1858   13.23030    
 1859   13.28868    
 1860   13.33195    
 1861   13.25075    
 1862   13.37790    
 1863   13.26349    
 1864   13.15900    
 1865   13.35669    
 1866   13.29223    
 1867   13.37885    
 1868   13.41087    
 1869   13.63667    
 1870   13.48306    
 1871   13.40584    
 1872   13.42691    
 1873   13.48207    
 1874   13.50439    
 1875   13.44450    
 1876   13.38979    
 1877   13.33151    
 1878   13.31595    
 1879   13.57875    
 1880   13.33944    
 1881   13.29279    
 1882   13.33086    
 1883   13.31133    
 1884   13.02922    
 1885   13.07927    
 1886   13.11666    
 1887   13.35045    
 1888   13.32428    
 1889   13.34852    
 1890   13.39498    
 1891   13.26835    
 1892   13.17023    
 1893   13.27219    
 1894   13.33663    
 1895   13.37351    
 1896   13.40304    
 1897   13.32078    
 1898   13.34564    
 1899   13.52500    
 1900   13.44012    
 1901   13.49260    
 1902   13.41713    
 1903   13.28409    
 1904   13.20973    
 1905   13.27960    
 1906   13.31375    
 1907   13.30996    
 1908   13.24911    
 1909   13.37778    
 1910   13.36763    
 1911   13.39375    
 1912   13.43369    
 1913   13.20720    
 1914   13.28480    
 1915   13.32769    
 1916   13.40706    
 1917   13.33945    
 1918   13.32322    
 1919   13.47711    
 1920   13.40219    
 1921   13.46596    
 1922   13.58622    
 1923   13.77811    
 1924   13.73860    
 1925   13.60959    
 1926   13.69743    
 1927   13.72215    
 1928   13.66757    
 1929   13.57927    
 1930   13.61255    
 1931   13.64557    
 1932   13.49193    
 1933   13.52980    
 1934   13.44131    
 1935   13.52703    
 1936   13.64663    
 1937   13.79987    
 1938   13.66434    
 1939   13.58541    
 1940   13.69255    
 1941   13.63415    
 1942   13.57066    
 1943   13.75758    
 1944   13.79451    
 1945   13.73359    
 1946   13.78633    
 1947   13.75196    
 1948   13.84912    
 1949   13.82212    
 1950   14.00143    
 1951   13.89453    
 1952   13.78724    
 1953   13.71136    
 1954   13.72629    
 1955   13.73223    
 1956   13.66308    
 1957   13.67226    
 1958   13.83732    
 1959   13.75043    
 1960   13.73523    
 1961   13.85223    
 1962   13.85687    
 1963   13.79259    
 1964   13.47946    
 1965   13.37027    
 1966   13.50984    
 1967   13.68072    
 1968   13.51590    
 1969   13.50724    
 1970   13.52465    
 1971   13.54815    
 1972   13.55707    
 1973   13.53708    
 1974   13.69353    
 1975   13.62711    
 1976   13.74691    
 1977   13.92231    
 1978   13.96114    
 1979   13.87511    
 1980   13.81334    
 1981   13.86257    
 1982   13.75799    
 1983   13.68718    
 1984   13.74520    
 1985   13.81345    
 1986   13.91947    
 1987   13.94861    
 1988   13.99323    
 1989   13.99032    
 1990   14.17942    
 1991   14.03826    
 1992   13.73276    
 1993   13.79376    
 1994   13.91486    
 1995   13.95721    
 1996   14.10358    
 1997   14.24035    
 1998   14.14924    
 1999   14.19871    
 2000   14.29145    
 2001   14.41607    
 2002   14.28567    
 2003   14.20121    
 2004   14.05734    
 2005   14.16332    
 2006   14.18736    
 2007   14.18269    
 2008   14.34016    
 2009   14.34052    
 2010   14.48601    
 2011   14.42202    
 2012   14.36605    
 2013   14.30673    
 2014   14.38842    
 2015   14.35410    
 2016   14.64399    
 2017   14.84242    
 2018   14.72598    
 2019   14.62795    
 2020   14.75900    
 2021   14.76375    
 2022   14.62127    
 2023   14.71058    
 2024   14.72325    
 2025   14.69698    
 2026   14.81865    
 2027   14.88381    
 2028   14.97535    
 2029   15.06726    
 2030   15.10236    
 2031   15.02028    
 2032   15.02611    
 2033   14.95922    
 2034   14.98188    
 2035   15.04218    
 2036   15.13846    
 2037   15.18940    
 2038   15.18120    
 2039   15.19604    
 2040   15.20827    
 2041   15.28709    
 2042   15.46751    
 2043   15.51120    
 2044   15.51199    
 2045   15.44191    
 2046   15.50378    
 2047   15.54598    
 2048   15.53657    
 2049   15.55610    
 2050   15.58478    
 2051   15.60480    
 2052   15.59790    
 2053   15.73804    
 2054   15.75471    
 2055   15.84161    
 2056   15.89853    
 2057   15.71945    
 2058   15.77690    
 2059   15.89371    
 2060   15.94710    
 2061   16.01182    
 2062   15.95208    
 2063   15.94340    
 2064   15.94904    
 2065   16.02266    
 2066   16.01536    
 2067   16.06451    
 2068   16.15482    
 2069   16.20458    
 2070   16.18281    
 2071   16.39091    
 2072   16.45065    
 2073   16.41453    
 2074   16.35594    
 2075   16.47863    
 2076   16.37150    
 2077   16.38401    
 2078   16.59355    
 2079   16.81686    
 2080   16.73567    
 2081   16.83821    
 2082   16.75723    
 2083   16.89894    
 2084   16.96194    
 2085   16.87556    
 2086   16.97814    
 2087   17.02197    
 2088   16.93426    
 2089   16.87647    
 2090   16.85073    
 2091   17.02672    
 2092   17.14178    
 2093   17.01428    
 2094   17.05332    
 2095   17.24128    
 2096   17.20188    
 2097   17.22281    
 2098   17.35076    
 2099   17.28725    
 2100   17.26594    
