# daily2longer    1 mea
# <a href=http://cmip-pcmdi.llnl.gov/cmip5/>CMIP5</a> global mean temperature computed at <a href=http://www.knmi.nl/selectfield_cmip5.cgi?someone@somewhere>KNMI Climate Explorer</a> tas_Amon_GISS-E2-H_rcp60_r1i1p3
# cutting out region lon=    0.000  360.000, lat=  -90.000   90.000
# file :: /data/storage/climexp/data/iglobal_tas_Amon_mod_rcp60_011.dat
# description :: CMIP5 RCP60 models Tglobal
# comment :: <a href=http://cmip-pcmdi.llnl.gov/cmip5/>CMIP5</a> global mean temperature computed at <a href=http://www.knmi.nl/selectfield_cmip5.cgi?someone@somewhere>KNMI Climate Explorer</a> tas_Amon_GISS-E2-H_rcp60_r1i1p3, cutting out region lon=    0.000  360.000, lat=  -90.000   90.000, via the KNMI Climate Explorer (http://climexp.knmi.nl)
# institution :: KNMI Climate Explorer
# history ::  2018-05-21  9:26:54 bin/selectyear 1850 2100 data/iglobal_tas_Amon_mod_rcp60_011.dat global_tas_Amon_mod_rcp60_+++_1850:2100\n 2018-05-17 23:23:54 dat2nc ./data/iglobal_tas_Amon_mod_rcp60_011.dat i CMIP5_RCP60_models_Tglobal ./data/iglobal_tas_Amon_mod_rcp60_011.nc n
# tas [Celsius] from GISS-E2-H model output prepared for CMIP5 RCP6 r1i1p3
 1850   14.87811    
 1851   14.92327    
 1852   14.92750    
 1853   14.85201    
 1854   15.04327    
 1855   15.09146    
 1856   14.97359    
 1857   14.88888    
 1858   14.83053    
 1859   14.82618    
 1860   15.06878    
 1861   15.07789    
 1862   14.96675    
 1863   15.04428    
 1864   15.18789    
 1865   15.21148    
 1866   15.13324    
 1867   15.15346    
 1868   15.21243    
 1869   15.21679    
 1870   15.17949    
 1871   15.23987    
 1872   15.21267    
 1873   15.27540    
 1874   15.27964    
 1875   15.23762    
 1876   15.19375    
 1877   15.10481    
 1878   15.08332    
 1879   15.13267    
 1880   15.11027    
 1881   15.19691    
 1882   15.16240    
 1883   14.97685    
 1884   14.70458    
 1885   14.64133    
 1886   14.87783    
 1887   14.76435    
 1888   14.90680    
 1889   14.94685    
 1890   14.91799    
 1891   14.82874    
 1892   14.99471    
 1893   15.09814    
 1894   15.04716    
 1895   15.11073    
 1896   15.09451    
 1897   15.17968    
 1898   15.11735    
 1899   15.13775    
 1900   15.10590    
 1901   15.10481    
 1902   15.17276    
 1903   14.86706    
 1904   14.89795    
 1905   15.02725    
 1906   15.09453    
 1907   15.14518    
 1908   15.20881    
 1909   15.13771    
 1910   15.15653    
 1911   15.25246    
 1912   15.25829    
 1913   15.12244    
 1914   15.21557    
 1915   15.23337    
 1916   15.25696    
 1917   15.20528    
 1918   15.35162    
 1919   15.40291    
 1920   15.26408    
 1921   15.35018    
 1922   15.47956    
 1923   15.43573    
 1924   15.29383    
 1925   15.23083    
 1926   15.29251    
 1927   15.39416    
 1928   15.33046    
 1929   15.41239    
 1930   15.44422    
 1931   15.42901    
 1932   15.45605    
 1933   15.54257    
 1934   15.34606    
 1935   15.30737    
 1936   15.49035    
 1937   15.47039    
 1938   15.44726    
 1939   15.51888    
 1940   15.52309    
 1941   15.46546    
 1942   15.50625    
 1943   15.51406    
 1944   15.40361    
 1945   15.55486    
 1946   15.50992    
 1947   15.41218    
 1948   15.55066    
 1949   15.58735    
 1950   15.46719    
 1951   15.52023    
 1952   15.62523    
 1953   15.48707    
 1954   15.61489    
 1955   15.54874    
 1956   15.45659    
 1957   15.53072    
 1958   15.47603    
 1959   15.52814    
 1960   15.59626    
 1961   15.63792    
 1962   15.53477    
 1963   15.51492    
 1964   15.39859    
 1965   15.37061    
 1966   15.40277    
 1967   15.40220    
 1968   15.50605    
 1969   15.46794    
 1970   15.47480    
 1971   15.49165    
 1972   15.69164    
 1973   15.61955    
 1974   15.74703    
 1975   15.51686    
 1976   15.49146    
 1977   15.64274    
 1978   15.73048    
 1979   15.77503    
 1980   15.78268    
 1981   15.80755    
 1982   15.67073    
 1983   15.59764    
 1984   15.56875    
 1985   15.67515    
 1986   15.73195    
 1987   15.67773    
 1988   15.62708    
 1989   15.79182    
 1990   15.78726    
 1991   15.79766    
 1992   15.53156    
 1993   15.54231    
 1994   15.78106    
 1995   15.84574    
 1996   15.85591    
 1997   15.94478    
 1998   15.98949    
 1999   16.03058    
 2000   16.03082    
 2001   16.08951    
 2002   16.18417    
 2003   16.25745    
 2004   16.23829    
 2005   16.18455    
 2006   16.22241    
 2007   16.22867    
 2008   16.22249    
 2009   16.30729    
 2010   16.35897    
 2011   16.35759    
 2012   16.39016    
 2013   16.40759    
 2014   16.46124    
 2015   16.43720    
 2016   16.45397    
 2017   16.49863    
 2018   16.39822    
 2019   16.45219    
 2020   16.40543    
 2021   16.43556    
 2022   16.60034    
 2023   16.54832    
 2024   16.61288    
 2025   16.62192    
 2026   16.62258    
 2027   16.72503    
 2028   16.78412    
 2029   16.70850    
 2030   16.63891    
 2031   16.75491    
 2032   16.70086    
 2033   16.74849    
 2034   16.77131    
 2035   16.75826    
 2036   16.87713    
 2037   16.88446    
 2038   16.87818    
 2039   16.87607    
 2040   16.95720    
 2041   17.01138    
 2042   17.00436    
 2043   17.05022    
 2044   17.06150    
 2045   17.03140    
 2046   17.12671    
 2047   17.11754    
 2048   17.22978    
 2049   17.23880    
 2050   17.15332    
 2051   17.30716    
 2052   17.24510    
 2053   17.22027    
 2054   17.27125    
 2055   17.31910    
 2056   17.29759    
 2057   17.38802    
 2058   17.36674    
 2059   17.29687    
 2060   17.40943    
 2061   17.49110    
 2062   17.59159    
 2063   17.57684    
 2064   17.56306    
 2065   17.63361    
 2066   17.60876    
 2067   17.58943    
 2068   17.63508    
 2069   17.70014    
 2070   17.66698    
 2071   17.72132    
 2072   17.81215    
 2073   17.80551    
 2074   17.80812    
 2075   17.80708    
 2076   17.81099    
 2077   17.84713    
 2078   17.92432    
 2079   17.88983    
 2080   17.94147    
 2081   17.93447    
 2082   17.98872    
 2083   18.05390    
 2084   18.11668    
 2085   18.10034    
 2086   18.12801    
 2087   18.10988    
 2088   18.17776    
 2089   18.21396    
 2090   18.25724    
 2091   18.26630    
 2092   18.20558    
 2093   18.25221    
 2094   18.26174    
 2095   18.26206    
 2096   18.32703    
 2097   18.37807    
 2098   18.31947    
 2099   18.38751    
 2100   18.38753    
