# daily2longer    1 mea
# <a href=http://cmip-pcmdi.llnl.gov/cmip5/>CMIP5</a> global mean temperature computed at <a href=http://www.knmi.nl/selectfield_cmip5.cgi?someone@somewhere>KNMI Climate Explorer</a> tas_Amon_GISS-E2-H_rcp60_r1i1p1
# cutting out region lon=    0.000  360.000, lat=  -90.000   90.000
# file :: /data/storage/climexp/data/iglobal_tas_Amon_mod_rcp60_009.dat
# description :: CMIP5 RCP60 models Tglobal
# comment :: <a href=http://cmip-pcmdi.llnl.gov/cmip5/>CMIP5</a> global mean temperature computed at <a href=http://www.knmi.nl/selectfield_cmip5.cgi?someone@somewhere>KNMI Climate Explorer</a> tas_Amon_GISS-E2-H_rcp60_r1i1p1, cutting out region lon=    0.000  360.000, lat=  -90.000   90.000, via the KNMI Climate Explorer (http://climexp.knmi.nl)
# institution :: KNMI Climate Explorer
# history ::  2018-05-21  9:26:54 bin/selectyear 1850 2100 data/iglobal_tas_Amon_mod_rcp60_009.dat global_tas_Amon_mod_rcp60_+++_1850:2100\n 2018-05-17 23:23:54 dat2nc ./data/iglobal_tas_Amon_mod_rcp60_009.dat i CMIP5_RCP60_models_Tglobal ./data/iglobal_tas_Amon_mod_rcp60_009.nc n
# tas [Celsius] from GISS-E2-H model output prepared for CMIP5 RCP6 r1i1p1
 1850   14.83205    
 1851   14.82480    
 1852   14.63971    
 1853   14.75252    
 1854   14.75145    
 1855   14.64590    
 1856   14.64615    
 1857   14.44460    
 1858   14.52575    
 1859   14.66293    
 1860   14.64630    
 1861   14.75277    
 1862   14.70303    
 1863   14.67158    
 1864   14.75973    
 1865   14.71148    
 1866   14.68882    
 1867   14.71006    
 1868   14.74526    
 1869   14.79980    
 1870   14.75466    
 1871   14.73142    
 1872   14.72249    
 1873   14.77524    
 1874   14.82481    
 1875   14.87580    
 1876   14.79716    
 1877   14.91361    
 1878   14.85799    
 1879   14.94936    
 1880   14.84933    
 1881   14.89919    
 1882   14.90335    
 1883   14.97519    
 1884   14.58229    
 1885   14.48277    
 1886   14.63111    
 1887   14.60351    
 1888   14.67244    
 1889   14.73080    
 1890   14.69390    
 1891   14.63064    
 1892   14.78361    
 1893   14.84089    
 1894   14.86476    
 1895   14.83744    
 1896   14.89609    
 1897   14.78121    
 1898   14.93446    
 1899   14.86365    
 1900   14.86910    
 1901   14.88147    
 1902   14.91323    
 1903   14.74623    
 1904   14.78243    
 1905   14.73242    
 1906   14.93328    
 1907   14.87465    
 1908   14.93641    
 1909   14.97936    
 1910   14.95438    
 1911   14.95673    
 1912   15.02371    
 1913   14.95408    
 1914   14.87330    
 1915   14.93429    
 1916   14.95199    
 1917   14.99562    
 1918   15.05237    
 1919   15.01987    
 1920   15.04061    
 1921   15.02468    
 1922   15.04922    
 1923   15.03953    
 1924   15.15345    
 1925   15.17416    
 1926   15.02428    
 1927   15.06051    
 1928   15.13571    
 1929   15.10945    
 1930   15.13393    
 1931   15.05405    
 1932   15.12910    
 1933   15.28407    
 1934   15.18347    
 1935   15.13482    
 1936   15.19184    
 1937   15.22102    
 1938   15.17712    
 1939   15.12815    
 1940   15.18973    
 1941   15.30599    
 1942   15.27273    
 1943   15.22985    
 1944   15.34392    
 1945   15.17016    
 1946   15.23395    
 1947   15.24174    
 1948   15.25805    
 1949   15.30303    
 1950   15.26989    
 1951   15.31122    
 1952   15.22011    
 1953   15.17558    
 1954   15.26607    
 1955   15.21053    
 1956   15.29178    
 1957   15.28084    
 1958   15.32864    
 1959   15.39760    
 1960   15.33221    
 1961   15.28613    
 1962   15.28493    
 1963   15.19917    
 1964   15.01555    
 1965   15.12691    
 1966   15.20839    
 1967   15.23764    
 1968   15.24164    
 1969   15.14899    
 1970   15.24249    
 1971   15.32661    
 1972   15.32915    
 1973   15.36970    
 1974   15.40475    
 1975   15.34827    
 1976   15.30782    
 1977   15.38614    
 1978   15.42359    
 1979   15.40854    
 1980   15.43929    
 1981   15.49101    
 1982   15.38010    
 1983   15.30494    
 1984   15.37866    
 1985   15.37534    
 1986   15.39427    
 1987   15.49849    
 1988   15.51812    
 1989   15.60730    
 1990   15.64641    
 1991   15.60608    
 1992   15.23315    
 1993   15.33012    
 1994   15.50144    
 1995   15.60974    
 1996   15.65310    
 1997   15.61850    
 1998   15.69195    
 1999   15.68345    
 2000   15.66451    
 2001   15.75162    
 2002   15.85541    
 2003   15.78877    
 2004   15.85495    
 2005   15.82160    
 2006   15.89099    
 2007   16.01083    
 2008   15.93977    
 2009   16.05685    
 2010   15.96786    
 2011   16.00261    
 2012   16.02663    
 2013   16.01514    
 2014   16.04638    
 2015   16.11328    
 2016   16.10386    
 2017   16.19310    
 2018   16.15543    
 2019   16.21080    
 2020   16.24606    
 2021   16.18049    
 2022   16.25322    
 2023   16.32639    
 2024   16.35397    
 2025   16.36044    
 2026   16.34624    
 2027   16.26763    
 2028   16.34574    
 2029   16.35080    
 2030   16.37810    
 2031   16.43517    
 2032   16.32913    
 2033   16.30627    
 2034   16.45354    
 2035   16.39322    
 2036   16.40747    
 2037   16.49893    
 2038   16.42779    
 2039   16.45767    
 2040   16.53158    
 2041   16.52665    
 2042   16.56796    
 2043   16.60694    
 2044   16.62156    
 2045   16.54505    
 2046   16.71596    
 2047   16.73082    
 2048   16.69147    
 2049   16.77957    
 2050   16.71292    
 2051   16.63906    
 2052   16.77906    
 2053   16.90086    
 2054   16.91393    
 2055   16.83467    
 2056   16.80550    
 2057   16.85699    
 2058   16.87778    
 2059   16.92614    
 2060   16.92336    
 2061   16.93118    
 2062   16.96086    
 2063   16.94908    
 2064   16.97699    
 2065   17.05145    
 2066   17.10456    
 2067   17.05609    
 2068   17.06981    
 2069   17.13020    
 2070   17.14998    
 2071   17.13800    
 2072   17.10181    
 2073   17.14486    
 2074   17.20789    
 2075   17.14617    
 2076   17.20702    
 2077   17.26641    
 2078   17.30419    
 2079   17.21867    
 2080   17.24953    
 2081   17.28179    
 2082   17.28596    
 2083   17.33852    
 2084   17.44778    
 2085   17.45817    
 2086   17.46326    
 2087   17.50071    
 2088   17.43983    
 2089   17.45055    
 2090   17.48078    
 2091   17.45907    
 2092   17.48942    
 2093   17.43753    
 2094   17.42264    
 2095   17.50112    
 2096   17.49485    
 2097   17.52857    
 2098   17.63966    
 2099   17.68609    
 2100   17.65151    
