# daily2longer    1 mea
# <a href=http://cmip-pcmdi.llnl.gov/cmip5/>CMIP5</a> global mean temperature computed at <a href=http://www.knmi.nl/selectfield_cmip5.cgi?someone@somewhere>KNMI Climate Explorer</a> tas_Amon_GISS-E2-R_rcp60_r1i1p2
# cutting out region lon=    0.000  360.000, lat=  -90.000   90.000
# file :: /data/storage/climexp/data/iglobal_tas_Amon_mod_rcp60_013.dat
# description :: CMIP5 RCP60 models Tglobal
# comment :: <a href=http://cmip-pcmdi.llnl.gov/cmip5/>CMIP5</a> global mean temperature computed at <a href=http://www.knmi.nl/selectfield_cmip5.cgi?someone@somewhere>KNMI Climate Explorer</a> tas_Amon_GISS-E2-R_rcp60_r1i1p2, cutting out region lon=    0.000  360.000, lat=  -90.000   90.000, via the KNMI Climate Explorer (http://climexp.knmi.nl)
# institution :: KNMI Climate Explorer
# history ::  2018-05-21  9:26:54 bin/selectyear 1850 2100 data/iglobal_tas_Amon_mod_rcp60_013.dat global_tas_Amon_mod_rcp60_+++_1850:2100\n 2018-05-17 23:23:54 dat2nc ./data/iglobal_tas_Amon_mod_rcp60_013.dat i CMIP5_RCP60_models_Tglobal ./data/iglobal_tas_Amon_mod_rcp60_013.nc n
# tas [Celsius] from GISS-E2-R model output prepared for CMIP5 RCP6 r1i1p2
 1850   14.43738    
 1851   14.56442    
 1852   14.50688    
 1853   14.56754    
 1854   14.35876    
 1855   14.41778    
 1856   14.39144    
 1857   14.25677    
 1858   14.32304    
 1859   14.32231    
 1860   14.45155    
 1861   14.51199    
 1862   14.35277    
 1863   14.43145    
 1864   14.48280    
 1865   14.35341    
 1866   14.25531    
 1867   14.44368    
 1868   14.57050    
 1869   14.57867    
 1870   14.68574    
 1871   14.56722    
 1872   14.64498    
 1873   14.61158    
 1874   14.59028    
 1875   14.56841    
 1876   14.56817    
 1877   14.55388    
 1878   14.48293    
 1879   14.48441    
 1880   14.56544    
 1881   14.65124    
 1882   14.51984    
 1883   14.54500    
 1884   14.17667    
 1885   14.19225    
 1886   14.41303    
 1887   14.32780    
 1888   14.38425    
 1889   14.30079    
 1890   14.44889    
 1891   14.42642    
 1892   14.38942    
 1893   14.47074    
 1894   14.57431    
 1895   14.64684    
 1896   14.53277    
 1897   14.57847    
 1898   14.54488    
 1899   14.61295    
 1900   14.58444    
 1901   14.53022    
 1902   14.48764    
 1903   14.43758    
 1904   14.40845    
 1905   14.51096    
 1906   14.44705    
 1907   14.44245    
 1908   14.49049    
 1909   14.47337    
 1910   14.55119    
 1911   14.61663    
 1912   14.57496    
 1913   14.40731    
 1914   14.50122    
 1915   14.57297    
 1916   14.56825    
 1917   14.58372    
 1918   14.63310    
 1919   14.61233    
 1920   14.55532    
 1921   14.57547    
 1922   14.66442    
 1923   14.62944    
 1924   14.64209    
 1925   14.53033    
 1926   14.63477    
 1927   14.70298    
 1928   14.63919    
 1929   14.69313    
 1930   14.70880    
 1931   14.75434    
 1932   14.79021    
 1933   14.68741    
 1934   14.78476    
 1935   14.81827    
 1936   14.77405    
 1937   14.85175    
 1938   14.83655    
 1939   14.81649    
 1940   14.76849    
 1941   14.87117    
 1942   14.73988    
 1943   14.68960    
 1944   14.80747    
 1945   14.78407    
 1946   14.75567    
 1947   14.84146    
 1948   14.87280    
 1949   14.85924    
 1950   14.78222    
 1951   14.69420    
 1952   14.75162    
 1953   14.77850    
 1954   14.85094    
 1955   14.80364    
 1956   14.77599    
 1957   14.75418    
 1958   14.85097    
 1959   14.83401    
 1960   14.82216    
 1961   14.84015    
 1962   14.82749    
 1963   14.79625    
 1964   14.65950    
 1965   14.59663    
 1966   14.72984    
 1967   14.78750    
 1968   14.83782    
 1969   14.71874    
 1970   14.67249    
 1971   14.83427    
 1972   14.89976    
 1973   14.86454    
 1974   14.77007    
 1975   14.84105    
 1976   14.81612    
 1977   14.71440    
 1978   14.92837    
 1979   14.90472    
 1980   14.93359    
 1981   15.05873    
 1982   14.93011    
 1983   14.74942    
 1984   14.76970    
 1985   14.81336    
 1986   14.91327    
 1987   14.87329    
 1988   14.94708    
 1989   14.98337    
 1990   15.05291    
 1991   14.89217    
 1992   14.52751    
 1993   14.65466    
 1994   14.82354    
 1995   14.94798    
 1996   14.92281    
 1997   15.04325    
 1998   14.99296    
 1999   15.08501    
 2000   15.12952    
 2001   15.20718    
 2002   15.22458    
 2003   15.39143    
 2004   15.30688    
 2005   15.31049    
 2006   15.30620    
 2007   15.26537    
 2008   15.21550    
 2009   15.26889    
 2010   15.36813    
 2011   15.38126    
 2012   15.37984    
 2013   15.42699    
 2014   15.32692    
 2015   15.49870    
 2016   15.38510    
 2017   15.40872    
 2018   15.38211    
 2019   15.42936    
 2020   15.43157    
 2021   15.46962    
 2022   15.55510    
 2023   15.51555    
 2024   15.54027    
 2025   15.56120    
 2026   15.58890    
 2027   15.58897    
 2028   15.71835    
 2029   15.63351    
 2030   15.64863    
 2031   15.65278    
 2032   15.75138    
 2033   15.64140    
 2034   15.63512    
 2035   15.73756    
 2036   15.69351    
 2037   15.65177    
 2038   15.76233    
 2039   15.70811    
 2040   15.76601    
 2041   15.76613    
 2042   15.72532    
 2043   15.72607    
 2044   15.78070    
 2045   15.81608    
 2046   15.90670    
 2047   15.97091    
 2048   15.99553    
 2049   16.02137    
 2050   15.92767    
 2051   15.90438    
 2052   15.94298    
 2053   16.05308    
 2054   16.01913    
 2055   16.00898    
 2056   15.99881    
 2057   16.05323    
 2058   16.03311    
 2059   16.22688    
 2060   16.22860    
 2061   16.21870    
 2062   16.23557    
 2063   16.17577    
 2064   16.18787    
 2065   16.19878    
 2066   16.30647    
 2067   16.24801    
 2068   16.26360    
 2069   16.21473    
 2070   16.26820    
 2071   16.16621    
 2072   16.26669    
 2073   16.33251    
 2074   16.45335    
 2075   16.51322    
 2076   16.50275    
 2077   16.53653    
 2078   16.54577    
 2079   16.54687    
 2080   16.63025    
 2081   16.58878    
 2082   16.59583    
 2083   16.61280    
 2084   16.68904    
 2085   16.76019    
 2086   16.79722    
 2087   16.76921    
 2088   16.80696    
 2089   16.72818    
 2090   16.71835    
 2091   16.78289    
 2092   16.72390    
 2093   16.78944    
 2094   16.76947    
 2095   16.75946    
 2096   16.85296    
 2097   16.79792    
 2098   16.75959    
 2099   16.81642    
 2100   16.82100    
