# daily2longer    1 mea
# <a href=http://cmip-pcmdi.llnl.gov/cmip5/>CMIP5</a> global mean temperature computed at <a href=http://www.knmi.nl/selectfield_cmip5.cgi?someone@somewhere>KNMI Climate Explorer</a> tas_Amon_bcc-csm1-1_rcp60_r1i1p1
# cutting out region lon=   -1.406  358.594, lat=  -89.247   89.247
# file :: /data/storage/climexp/data/iglobal_tas_Amon_mod_rcp60_001.dat
# description :: CMIP5 RCP60 models Tglobal
# comment :: <a href=http://cmip-pcmdi.llnl.gov/cmip5/>CMIP5</a> global mean temperature computed at <a href=http://www.knmi.nl/selectfield_cmip5.cgi?someone@somewhere>KNMI Climate Explorer</a> tas_Amon_bcc-csm1-1_rcp60_r1i1p1, cutting out region lon=   -1.406  358.594, lat=  -89.247   89.247, via the KNMI Climate Explorer (http://climexp.knmi.nl)
# institution :: KNMI Climate Explorer
# history ::  2018-05-21  9:26:53 bin/selectyear 1850 2100 data/iglobal_tas_Amon_mod_rcp60_001.dat global_tas_Amon_mod_rcp60_+++_1850:2100\n 2018-05-17 23:23:53 dat2nc ./data/iglobal_tas_Amon_mod_rcp60_001.dat i CMIP5_RCP60_models_Tglobal ./data/iglobal_tas_Amon_mod_rcp60_001.nc n
# tas [Celsius] from bcc-csm1-1 model output prepared for CMIP5 RCP6 r1i1p1
 1850   13.71601    
 1851   13.62316    
 1852   13.63480    
 1853   13.78625    
 1854   13.70956    
 1855   13.70643    
 1856   13.66437    
 1857   13.38759    
 1858   13.54819    
 1859   13.68819    
 1860   13.82527    
 1861   13.73819    
 1862   13.82074    
 1863   13.56162    
 1864   13.74375    
 1865   13.73240    
 1866   13.66922    
 1867   13.80063    
 1868   13.76605    
 1869   13.83180    
 1870   13.89015    
 1871   13.97113    
 1872   13.90465    
 1873   13.94485    
 1874   13.94642    
 1875   13.98655    
 1876   13.93236    
 1877   13.96924    
 1878   13.81214    
 1879   13.97446    
 1880   14.02983    
 1881   14.00691    
 1882   14.01186    
 1883   13.91731    
 1884   13.42119    
 1885   13.64683    
 1886   13.61016    
 1887   13.75015    
 1888   13.67206    
 1889   13.63406    
 1890   13.77303    
 1891   13.50946    
 1892   13.63470    
 1893   13.72261    
 1894   13.83242    
 1895   13.89954    
 1896   13.81483    
 1897   13.87978    
 1898   13.92847    
 1899   13.97976    
 1900   13.91724    
 1901   13.92842    
 1902   13.93650    
 1903   13.51362    
 1904   13.50820    
 1905   13.61153    
 1906   13.71469    
 1907   13.73969    
 1908   13.66525    
 1909   13.74172    
 1910   13.64151    
 1911   13.65921    
 1912   13.67896    
 1913   13.63487    
 1914   13.70807    
 1915   13.81242    
 1916   13.85497    
 1917   13.85348    
 1918   13.85112    
 1919   13.86099    
 1920   14.05652    
 1921   13.88791    
 1922   13.95681    
 1923   13.89807    
 1924   13.95021    
 1925   14.05403    
 1926   13.97817    
 1927   14.21633    
 1928   14.07487    
 1929   13.98059    
 1930   13.92878    
 1931   14.15319    
 1932   14.04934    
 1933   14.11804    
 1934   14.06084    
 1935   14.06147    
 1936   13.96490    
 1937   14.08053    
 1938   14.11091    
 1939   14.02742    
 1940   14.01904    
 1941   14.02795    
 1942   14.03404    
 1943   14.04513    
 1944   14.06311    
 1945   14.07508    
 1946   14.07713    
 1947   14.08017    
 1948   14.03809    
 1949   14.11672    
 1950   13.97175    
 1951   13.98326    
 1952   14.05273    
 1953   14.09799    
 1954   14.00837    
 1955   14.04503    
 1956   14.03188    
 1957   14.08508    
 1958   14.14135    
 1959   14.06421    
 1960   14.10439    
 1961   14.00599    
 1962   14.17054    
 1963   13.94224    
 1964   13.76370    
 1965   13.85607    
 1966   13.93690    
 1967   14.02490    
 1968   14.01012    
 1969   13.99836    
 1970   13.98781    
 1971   14.07207    
 1972   14.06049    
 1973   14.11659    
 1974   14.31082    
 1975   14.12684    
 1976   14.22975    
 1977   14.19791    
 1978   14.12593    
 1979   14.30865    
 1980   14.21054    
 1981   14.37267    
 1982   14.31434    
 1983   14.25743    
 1984   14.36918    
 1985   14.36952    
 1986   14.56895    
 1987   14.56302    
 1988   14.63719    
 1989   14.71062    
 1990   14.80202    
 1991   14.77440    
 1992   14.41383    
 1993   14.53064    
 1994   14.61992    
 1995   14.59756    
 1996   14.77782    
 1997   14.83862    
 1998   14.80550    
 1999   14.84479    
 2000   14.87704    
 2001   14.89901    
 2002   14.97505    
 2003   14.88603    
 2004   14.93772    
 2005   14.93409    
 2006   15.03974    
 2007   15.09142    
 2008   15.06631    
 2009   15.23382    
 2010   15.04571    
 2011   15.05479    
 2012   15.13355    
 2013   15.11718    
 2014   15.17372    
 2015   15.11721    
 2016   15.12106    
 2017   15.05997    
 2018   15.10116    
 2019   15.23077    
 2020   15.12666    
 2021   15.15171    
 2022   15.07699    
 2023   15.07264    
 2024   15.07013    
 2025   15.25944    
 2026   15.40269    
 2027   15.43130    
 2028   15.47504    
 2029   15.44961    
 2030   15.43067    
 2031   15.45816    
 2032   15.47260    
 2033   15.52356    
 2034   15.44926    
 2035   15.59961    
 2036   15.65607    
 2037   15.55498    
 2038   15.59756    
 2039   15.67259    
 2040   15.69316    
 2041   15.71380    
 2042   15.77969    
 2043   15.80837    
 2044   15.81235    
 2045   15.75795    
 2046   15.83822    
 2047   16.00947    
 2048   15.77985    
 2049   15.76007    
 2050   15.84495    
 2051   15.99236    
 2052   16.07197    
 2053   16.06583    
 2054   16.09836    
 2055   16.02239    
 2056   16.04319    
 2057   16.07371    
 2058   16.14655    
 2059   16.16733    
 2060   16.08046    
 2061   16.14895    
 2062   16.08272    
 2063   16.06482    
 2064   16.17116    
 2065   16.18027    
 2066   16.18748    
 2067   16.17818    
 2068   16.20938    
 2069   16.28017    
 2070   16.27920    
 2071   16.28741    
 2072   16.37731    
 2073   16.26210    
 2074   16.33945    
 2075   16.25921    
 2076   16.29238    
 2077   16.36896    
 2078   16.50635    
 2079   16.42355    
 2080   16.40221    
 2081   16.52389    
 2082   16.59044    
 2083   16.70078    
 2084   16.56166    
 2085   16.54602    
 2086   16.63688    
 2087   16.74796    
 2088   16.82088    
 2089   16.75977    
 2090   16.72476    
 2091   16.77885    
 2092   16.82160    
 2093   16.77445    
 2094   16.85542    
 2095   16.88995    
 2096   16.77463    
 2097   16.80906    
 2098   16.84961    
 2099   16.86099    
 2100   16.84102    
