# daily2longer    1 mea
# ensemble mea of file global_tas_Amon_FIO-ESM_rcp60_%%.dat
# using members   0 to   2
# <a href=http://cmip-pcmdi.llnl.gov/cmip5/>CMIP5</a> global mean temperature computed at <a href=http://www.knmi.nl/selectfield_cmip5.cgi?someone@somewhere>KNMI Climate Explorer</a> tas_Amon_FIO-ESM_rcp60_r1i1p1
# cutting out region lon=   -1.406  358.594, lat=  -89.247   89.247
# file :: /data/storage/climexp/data/iglobal_tas_Amon_mod_rcp60_005.dat
# description :: CMIP5 RCP60 models Tglobal
# comment :: ensemble mea of file global_tas_Amon_FIO-ESM_rcp60_%%.dat, using members   0 to   2, <a href=http://cmip-pcmdi.llnl.gov/cmip5/>CMIP5</a> global mean temperature computed at <a href=http://www.knmi.nl/selectfield_cmip5.cgi?someone@somewhere>KNMI Climate Explorer</a> tas_Amon_FIO-ESM_rcp60_r1i1p1, cutting out region lon=   -1.406  358.594, lat=  -89.247   89.247, via the KNMI Climate Explorer (http://climexp.knmi.nl)
# institution :: KNMI Climate Explorer
# history ::  2018-05-21  9:26:54 bin/selectyear 1850 2100 data/iglobal_tas_Amon_mod_rcp60_005.dat global_tas_Amon_mod_rcp60_+++_1850:2100\n 2018-05-17 23:23:54 dat2nc ./data/iglobal_tas_Amon_mod_rcp60_005.dat i CMIP5_RCP60_models_Tglobal ./data/iglobal_tas_Amon_mod_rcp60_005.nc n
# tas [Celsius] from FIO-ESM model output prepared for CMIP5 RCP6 r1i1p1
 1850   13.22230    
 1851   13.19633    
 1852   13.35229    
 1853   13.30507    
 1854   13.24272    
 1855   13.26627    
 1856   13.23912    
 1857   13.29619    
 1858   13.29823    
 1859   13.30455    
 1860   13.26617    
 1861   13.33800    
 1862   13.30788    
 1863   13.32168    
 1864   13.22303    
 1865   13.24064    
 1866   13.41324    
 1867   13.27964    
 1868   13.20844    
 1869   13.27879    
 1870   13.37713    
 1871   13.13285    
 1872   13.27230    
 1873   13.39941    
 1874   13.34310    
 1875   13.24157    
 1876   13.24492    
 1877   13.31545    
 1878   13.28481    
 1879   13.26487    
 1880   13.33510    
 1881   13.23251    
 1882   13.25712    
 1883   13.29150    
 1884   13.36083    
 1885   13.23239    
 1886   13.36622    
 1887   13.27660    
 1888   13.28508    
 1889   13.31823    
 1890   13.34490    
 1891   13.31633    
 1892   13.38267    
 1893   13.36499    
 1894   13.36140    
 1895   13.39610    
 1896   13.33829    
 1897   13.31671    
 1898   13.36056    
 1899   13.32293    
 1900   13.34701    
 1901   13.42431    
 1902   13.30102    
 1903   13.27347    
 1904   13.36772    
 1905   13.35589    
 1906   13.37873    
 1907   13.41749    
 1908   13.29255    
 1909   13.45246    
 1910   13.49861    
 1911   13.27816    
 1912   13.22120    
 1913   13.41539    
 1914   13.46402    
 1915   13.33114    
 1916   13.30316    
 1917   13.51079    
 1918   13.51317    
 1919   13.40145    
 1920   13.48093    
 1921   13.53838    
 1922   13.43751    
 1923   13.47159    
 1924   13.46959    
 1925   13.43588    
 1926   13.39020    
 1927   13.49981    
 1928   13.44162    
 1929   13.47061    
 1930   13.47060    
 1931   13.45673    
 1932   13.46903    
 1933   13.49750    
 1934   13.47958    
 1935   13.46123    
 1936   13.61973    
 1937   13.58557    
 1938   13.45913    
 1939   13.47083    
 1940   13.49425    
 1941   13.55975    
 1942   13.50193    
 1943   13.53010    
 1944   13.58060    
 1945   13.55134    
 1946   13.44978    
 1947   13.46832    
 1948   13.51762    
 1949   13.56665    
 1950   13.56307    
 1951   13.45236    
 1952   13.59011    
 1953   13.51905    
 1954   13.43938    
 1955   13.57285    
 1956   13.50264    
 1957   13.47149    
 1958   13.64619    
 1959   13.60082    
 1960   13.52928    
 1961   13.71896    
 1962   13.64114    
 1963   13.60446    
 1964   13.63547    
 1965   13.50040    
 1966   13.60331    
 1967   13.66178    
 1968   13.61881    
 1969   13.62457    
 1970   13.69432    
 1971   13.69912    
 1972   13.68585    
 1973   13.73839    
 1974   13.73143    
 1975   13.76337    
 1976   13.71164    
 1977   13.82700    
 1978   13.82810    
 1979   13.79449    
 1980   13.79896    
 1981   13.93983    
 1982   13.84907    
 1983   13.86168    
 1984   13.94239    
 1985   13.82177    
 1986   13.90814    
 1987   13.97972    
 1988   14.05924    
 1989   14.01304    
 1990   14.09687    
 1991   14.09626    
 1992   14.10888    
 1993   14.08161    
 1994   14.04874    
 1995   14.21755    
 1996   14.12313    
 1997   14.13680    
 1998   14.30781    
 1999   14.23268    
 2000   14.13078    
 2001   14.20598    
 2002   14.31479    
 2003   14.36513    
 2004   14.35143    
 2005   14.29171    
 2006   14.32003    
 2007   14.40853    
 2008   14.37932    
 2009   14.31508    
 2010   14.35991    
 2011   14.35740    
 2012   14.42989    
 2013   14.50977    
 2014   14.44147    
 2015   14.44427    
 2016   14.56909    
 2017   14.49680    
 2018   14.35881    
 2019   14.54325    
 2020   14.57839    
 2021   14.56039    
 2022   14.59788    
 2023   14.55485    
 2024   14.63222    
 2025   14.75365    
 2026   14.56367    
 2027   14.58219    
 2028   14.72047    
 2029   14.68103    
 2030   14.65463    
 2031   14.83640    
 2032   14.79460    
 2033   14.77150    
 2034   14.83020    
 2035   14.77889    
 2036   14.84014    
 2037   14.85399    
 2038   14.88997    
 2039   14.80357    
 2040   14.81570    
 2041   14.95457    
 2042   14.76717    
 2043   14.78069    
 2044   14.96681    
 2045   14.90586    
 2046   15.00637    
 2047   14.93571    
 2048   14.89812    
 2049   14.97091    
 2050   14.92764    
 2051   15.04585    
 2052   15.01700    
 2053   14.94857    
 2054   15.01481    
 2055   15.07454    
 2056   14.96552    
 2057   14.92028    
 2058   15.14091    
 2059   15.05394    
 2060   15.15961    
 2061   15.13653    
 2062   15.05816    
 2063   15.14345    
 2064   15.18209    
 2065   15.15284    
 2066   15.20556    
 2067   15.23244    
 2068   15.26197    
 2069   15.31358    
 2070   15.23532    
 2071   15.31010    
 2072   15.35582    
 2073   15.29213    
 2074   15.31695    
 2075   15.38741    
 2076   15.31351    
 2077   15.47224    
 2078   15.40984    
 2079   15.37687    
 2080   15.46416    
 2081   15.49586    
 2082   15.49460    
 2083   15.49574    
 2084   15.54598    
 2085   15.60457    
 2086   15.58736    
 2087   15.62252    
 2088   15.73222    
 2089   15.67456    
 2090   15.83306    
 2091   15.72528    
 2092   15.64180    
 2093   15.87550    
 2094   15.74465    
 2095   15.75558    
 2096   15.87076    
 2097   15.86450    
 2098   15.88579    
 2099   15.87597    
 2100   15.85753    
