# daily2longer    1 mea
# <a href=http://cmip-pcmdi.llnl.gov/cmip5/>CMIP5</a> global mean temperature computed at <a href=http://www.knmi.nl/selectfield_cmip5.cgi?someone@somewhere>KNMI Climate Explorer</a> tas_Amon_GISS-E2-H_rcp60_r1i1p2
# cutting out region lon=    0.000  360.000, lat=  -90.000   90.000
# file :: /data/storage/climexp/data/iglobal_tas_Amon_mod_rcp60_010.dat
# description :: CMIP5 RCP60 models Tglobal
# comment :: <a href=http://cmip-pcmdi.llnl.gov/cmip5/>CMIP5</a> global mean temperature computed at <a href=http://www.knmi.nl/selectfield_cmip5.cgi?someone@somewhere>KNMI Climate Explorer</a> tas_Amon_GISS-E2-H_rcp60_r1i1p2, cutting out region lon=    0.000  360.000, lat=  -90.000   90.000, via the KNMI Climate Explorer (http://climexp.knmi.nl)
# institution :: KNMI Climate Explorer
# history ::  2018-05-21  9:26:54 bin/selectyear 1850 2100 data/iglobal_tas_Amon_mod_rcp60_010.dat global_tas_Amon_mod_rcp60_+++_1850:2100\n 2018-05-17 23:23:54 dat2nc ./data/iglobal_tas_Amon_mod_rcp60_010.dat i CMIP5_RCP60_models_Tglobal ./data/iglobal_tas_Amon_mod_rcp60_010.nc n
# tas [Celsius] from GISS-E2-H model output prepared for CMIP5 RCP6 r1i1p2
 1850   14.90299    
 1851   14.92922    
 1852   14.82623    
 1853   14.94728    
 1854   14.88994    
 1855   14.89822    
 1856   14.79152    
 1857   14.72884    
 1858   14.70700    
 1859   14.74546    
 1860   14.72138    
 1861   14.82708    
 1862   14.78414    
 1863   14.83412    
 1864   14.89007    
 1865   14.80304    
 1866   14.89623    
 1867   14.93760    
 1868   14.96032    
 1869   15.04004    
 1870   15.05012    
 1871   15.09088    
 1872   15.03087    
 1873   15.07893    
 1874   15.06895    
 1875   14.99857    
 1876   14.96043    
 1877   14.95989    
 1878   15.09683    
 1879   15.04647    
 1880   15.10905    
 1881   15.08528    
 1882   15.01054    
 1883   15.01918    
 1884   14.72789    
 1885   14.63472    
 1886   14.83411    
 1887   14.77004    
 1888   14.78873    
 1889   14.87751    
 1890   14.83262    
 1891   14.84362    
 1892   14.92251    
 1893   14.87244    
 1894   15.00757    
 1895   15.00045    
 1896   15.04175    
 1897   15.04545    
 1898   15.02957    
 1899   15.11216    
 1900   15.13564    
 1901   15.15699    
 1902   15.06424    
 1903   14.88773    
 1904   14.99760    
 1905   14.97495    
 1906   14.98169    
 1907   15.08008    
 1908   15.13181    
 1909   15.20756    
 1910   15.08867    
 1911   15.19404    
 1912   15.16664    
 1913   15.12550    
 1914   15.11622    
 1915   15.06463    
 1916   15.12479    
 1917   15.22805    
 1918   15.17636    
 1919   15.12607    
 1920   15.08422    
 1921   15.23559    
 1922   15.22847    
 1923   15.20931    
 1924   15.25539    
 1925   15.40766    
 1926   15.33361    
 1927   15.33249    
 1928   15.38672    
 1929   15.39649    
 1930   15.37100    
 1931   15.23569    
 1932   15.24841    
 1933   15.23942    
 1934   15.20899    
 1935   15.29900    
 1936   15.30463    
 1937   15.34220    
 1938   15.34004    
 1939   15.33170    
 1940   15.29077    
 1941   15.30205    
 1942   15.33591    
 1943   15.28476    
 1944   15.31337    
 1945   15.34415    
 1946   15.37857    
 1947   15.26113    
 1948   15.22426    
 1949   15.37204    
 1950   15.30637    
 1951   15.25139    
 1952   15.24344    
 1953   15.29510    
 1954   15.13565    
 1955   15.22167    
 1956   15.24048    
 1957   15.31515    
 1958   15.30370    
 1959   15.29438    
 1960   15.31877    
 1961   15.24768    
 1962   15.24574    
 1963   15.29490    
 1964   15.00697    
 1965   15.09328    
 1966   15.15865    
 1967   15.22987    
 1968   15.19690    
 1969   15.04934    
 1970   15.13981    
 1971   15.27652    
 1972   15.25842    
 1973   15.25161    
 1974   15.26895    
 1975   15.22949    
 1976   15.24525    
 1977   15.25610    
 1978   15.40181    
 1979   15.51551    
 1980   15.52111    
 1981   15.48193    
 1982   15.51915    
 1983   15.30398    
 1984   15.39706    
 1985   15.52273    
 1986   15.52073    
 1987   15.54068    
 1988   15.63701    
 1989   15.55032    
 1990   15.58796    
 1991   15.64915    
 1992   15.37579    
 1993   15.42980    
 1994   15.49778    
 1995   15.55859    
 1996   15.68125    
 1997   15.76570    
 1998   15.71668    
 1999   15.61351    
 2000   15.78151    
 2001   15.91852    
 2002   15.85925    
 2003   15.77747    
 2004   15.94084    
 2005   15.98858    
 2006   16.01611    
 2007   15.96096    
 2008   15.98751    
 2009   15.99614    
 2010   15.95214    
 2011   16.00717    
 2012   16.02332    
 2013   16.09486    
 2014   16.11843    
 2015   16.13069    
 2016   16.10609    
 2017   16.12543    
 2018   16.14555    
 2019   16.11073    
 2020   16.16981    
 2021   16.15475    
 2022   16.17294    
 2023   16.29114    
 2024   16.40548    
 2025   16.34165    
 2026   16.32446    
 2027   16.32183    
 2028   16.38308    
 2029   16.36944    
 2030   16.37113    
 2031   16.36661    
 2032   16.42788    
 2033   16.46882    
 2034   16.48840    
 2035   16.54042    
 2036   16.56420    
 2037   16.62220    
 2038   16.58381    
 2039   16.58796    
 2040   16.60896    
 2041   16.67835    
 2042   16.61932    
 2043   16.64103    
 2044   16.64378    
 2045   16.66754    
 2046   16.73464    
 2047   16.75696    
 2048   16.81009    
 2049   16.77010    
 2050   16.82852    
 2051   16.79793    
 2052   16.79455    
 2053   16.80507    
 2054   16.86448    
 2055   16.85915    
 2056   16.88247    
 2057   16.86968    
 2058   16.91480    
 2059   16.94520    
 2060   16.93397    
 2061   17.01269    
 2062   17.05451    
 2063   17.08707    
 2064   17.13515    
 2065   17.09979    
 2066   17.13207    
 2067   17.08726    
 2068   17.16355    
 2069   17.20135    
 2070   17.29156    
 2071   17.28600    
 2072   17.30273    
 2073   17.46015    
 2074   17.33653    
 2075   17.40986    
 2076   17.34795    
 2077   17.37910    
 2078   17.40566    
 2079   17.43032    
 2080   17.33356    
 2081   17.33560    
 2082   17.41410    
 2083   17.49302    
 2084   17.55640    
 2085   17.52017    
 2086   17.57257    
 2087   17.58730    
 2088   17.61164    
 2089   17.62592    
 2090   17.66478    
 2091   17.68006    
 2092   17.64216    
 2093   17.77854    
 2094   17.75210    
 2095   17.70343    
 2096   17.72623    
 2097   17.77861    
 2098   17.81166    
 2099   17.77522    
 2100   17.75817    
