# daily2longer    1 mea
# <a href=http://cmip-pcmdi.llnl.gov/cmip5/>CMIP5</a> global mean temperature computed at <a href=http://www.knmi.nl/selectfield_cmip5.cgi?someone@somewhere>KNMI Climate Explorer</a> tas_Amon_NorESM1-M_rcp60_r1i1p1
# cutting out region lon=   -1.250  358.750, lat=  -90.000   90.000
# file :: /data/storage/climexp/data/iglobal_tas_Amon_mod_rcp60_024.dat
# description :: CMIP5 RCP60 models Tglobal
# comment :: <a href=http://cmip-pcmdi.llnl.gov/cmip5/>CMIP5</a> global mean temperature computed at <a href=http://www.knmi.nl/selectfield_cmip5.cgi?someone@somewhere>KNMI Climate Explorer</a> tas_Amon_NorESM1-M_rcp60_r1i1p1, cutting out region lon=   -1.250  358.750, lat=  -90.000   90.000, via the KNMI Climate Explorer (http://climexp.knmi.nl)
# institution :: KNMI Climate Explorer
# history ::  2018-05-21  9:26:55 bin/selectyear 1850 2100 data/iglobal_tas_Amon_mod_rcp60_024.dat global_tas_Amon_mod_rcp60_+++_1850:2100\n 2018-05-17 23:23:54 dat2nc ./data/iglobal_tas_Amon_mod_rcp60_024.dat i CMIP5_RCP60_models_Tglobal ./data/iglobal_tas_Amon_mod_rcp60_024.nc n
# tas [Celsius] from NorESM1-M model output prepared for CMIP5 RCP6 r1i1p1
 1850   13.11476    
 1851   13.06762    
 1852   13.17329    
 1853   13.04936    
 1854   13.04640    
 1855   13.09921    
 1856   13.00727    
 1857   13.17369    
 1858   13.22053    
 1859   13.13748    
 1860   13.02568    
 1861   13.15047    
 1862   13.18073    
 1863   13.08854    
 1864   13.33430    
 1865   13.36855    
 1866   13.22858    
 1867   13.17752    
 1868   13.29388    
 1869   13.22399    
 1870   13.12459    
 1871   13.13071    
 1872   13.22593    
 1873   13.19003    
 1874   13.16170    
 1875   13.03714    
 1876   13.30520    
 1877   13.35532    
 1878   13.11601    
 1879   13.11156    
 1880   13.20350    
 1881   13.19190    
 1882   13.04525    
 1883   13.17316    
 1884   12.98599    
 1885   12.97046    
 1886   12.95227    
 1887   12.98272    
 1888   13.12845    
 1889   13.30957    
 1890   13.16804    
 1891   13.24544    
 1892   13.26578    
 1893   13.06977    
 1894   13.05896    
 1895   13.17751    
 1896   13.07388    
 1897   12.98755    
 1898   13.10170    
 1899   13.10190    
 1900   13.30911    
 1901   13.33822    
 1902   13.10129    
 1903   13.01049    
 1904   13.02085    
 1905   12.94838    
 1906   13.09105    
 1907   13.05066    
 1908   13.04364    
 1909   13.00141    
 1910   13.23051    
 1911   13.31651    
 1912   13.12503    
 1913   13.21643    
 1914   13.37687    
 1915   13.25015    
 1916   13.29542    
 1917   13.26250    
 1918   13.17329    
 1919   13.22983    
 1920   13.15042    
 1921   13.13619    
 1922   13.22369    
 1923   13.24927    
 1924   13.28728    
 1925   13.26983    
 1926   13.40243    
 1927   13.16504    
 1928   13.24141    
 1929   13.20885    
 1930   13.33638    
 1931   13.20784    
 1932   13.29687    
 1933   13.28588    
 1934   13.46330    
 1935   13.51949    
 1936   13.31320    
 1937   13.26235    
 1938   13.41723    
 1939   13.44987    
 1940   13.44739    
 1941   13.35484    
 1942   13.26519    
 1943   13.40485    
 1944   13.43234    
 1945   13.24043    
 1946   13.29423    
 1947   13.25885    
 1948   13.27974    
 1949   13.40745    
 1950   13.17011    
 1951   13.30289    
 1952   13.27908    
 1953   13.21074    
 1954   13.18804    
 1955   13.32545    
 1956   13.49494    
 1957   13.36033    
 1958   13.33632    
 1959   13.41733    
 1960   13.35353    
 1961   13.41337    
 1962   13.30910    
 1963   13.20709    
 1964   13.04940    
 1965   13.19239    
 1966   13.29859    
 1967   13.17588    
 1968   13.32153    
 1969   13.18567    
 1970   13.44376    
 1971   13.34429    
 1972   13.17588    
 1973   13.20069    
 1974   13.16065    
 1975   13.16199    
 1976   13.33543    
 1977   13.45095    
 1978   13.53951    
 1979   13.40446    
 1980   13.45944    
 1981   13.44507    
 1982   13.46073    
 1983   13.45261    
 1984   13.50984    
 1985   13.55084    
 1986   13.57846    
 1987   13.62551    
 1988   13.60732    
 1989   13.77043    
 1990   13.87857    
 1991   13.60329    
 1992   13.45440    
 1993   13.54052    
 1994   13.52674    
 1995   13.52883    
 1996   13.68301    
 1997   13.66877    
 1998   13.68604    
 1999   13.84939    
 2000   13.80581    
 2001   13.77318    
 2002   13.80824    
 2003   13.90496    
 2004   13.98929    
 2005   13.99008    
 2006   14.01257    
 2007   13.88788    
 2008   13.98688    
 2009   13.98474    
 2010   14.01220    
 2011   14.01031    
 2012   13.87854    
 2013   13.94186    
 2014   14.10657    
 2015   14.00855    
 2016   13.93833    
 2017   14.05280    
 2018   14.08743    
 2019   13.92467    
 2020   14.03824    
 2021   14.19233    
 2022   14.27794    
 2023   14.44954    
 2024   14.38049    
 2025   14.24729    
 2026   14.31232    
 2027   14.20058    
 2028   14.22331    
 2029   14.35986    
 2030   14.32178    
 2031   14.33981    
 2032   14.18454    
 2033   14.31944    
 2034   14.32312    
 2035   14.36709    
 2036   14.40980    
 2037   14.53286    
 2038   14.46227    
 2039   14.36479    
 2040   14.40978    
 2041   14.34943    
 2042   14.56776    
 2043   14.45296    
 2044   14.49171    
 2045   14.49515    
 2046   14.56896    
 2047   14.70624    
 2048   14.79059    
 2049   14.60338    
 2050   14.62707    
 2051   14.61215    
 2052   14.85226    
 2053   14.72699    
 2054   14.69162    
 2055   14.70286    
 2056   14.78780    
 2057   14.73323    
 2058   14.76388    
 2059   14.71671    
 2060   14.92560    
 2061   15.01430    
 2062   14.87831    
 2063   14.76275    
 2064   14.95135    
 2065   14.98589    
 2066   15.00451    
 2067   15.20545    
 2068   15.18400    
 2069   15.15372    
 2070   15.15123    
 2071   15.17074    
 2072   15.23872    
 2073   15.34917    
 2074   15.28975    
 2075   15.27623    
 2076   15.38769    
 2077   15.28730    
 2078   15.18834    
 2079   15.25920    
 2080   15.25230    
 2081   15.23032    
 2082   15.27217    
 2083   15.39713    
 2084   15.64621    
 2085   15.52907    
 2086   15.42666    
 2087   15.42925    
 2088   15.61162    
 2089   15.68133    
 2090   15.66821    
 2091   15.73717    
 2092   15.73291    
 2093   15.80549    
 2094   15.78892    
 2095   15.57378    
 2096   15.50749    
 2097   15.55926    
 2098   15.69554    
 2099   15.80689    
 2100   15.78854    
