# daily2longer    1 mea
# <a href=http://cmip-pcmdi.llnl.gov/cmip5/>CMIP5</a> global mean temperature computed at <a href=http://www.knmi.nl/selectfield_cmip5.cgi?someone@somewhere>KNMI Climate Explorer</a> tas_Amon_GFDL-ESM2G_rcp60_r1i1p1
# cutting out region lon=    0.000  360.000, lat=  -90.000   90.000
# file :: /data/storage/climexp/data/iglobal_tas_Amon_mod_rcp60_007.dat
# description :: CMIP5 RCP60 models Tglobal
# comment :: <a href=http://cmip-pcmdi.llnl.gov/cmip5/>CMIP5</a> global mean temperature computed at <a href=http://www.knmi.nl/selectfield_cmip5.cgi?someone@somewhere>KNMI Climate Explorer</a> tas_Amon_GFDL-ESM2G_rcp60_r1i1p1, cutting out region lon=    0.000  360.000, lat=  -90.000   90.000, via the KNMI Climate Explorer (http://climexp.knmi.nl)
# institution :: KNMI Climate Explorer
# history ::  2018-05-21  9:26:54 bin/selectyear 1850 2100 data/iglobal_tas_Amon_mod_rcp60_007.dat global_tas_Amon_mod_rcp60_+++_1850:2100\n 2018-05-17 23:23:54 dat2nc ./data/iglobal_tas_Amon_mod_rcp60_007.dat i CMIP5_RCP60_models_Tglobal ./data/iglobal_tas_Amon_mod_rcp60_007.nc n
# tas [Celsius] from NOAA GFDL GFDL-ESM2G, RCP6 (run 1) experiment output for CMIP5 AR5 r1i1p1
 1861   13.26683    
 1862   13.22265    
 1863   13.25102    
 1864   13.09422    
 1865   13.00808    
 1866   13.19662    
 1867   13.34816    
 1868   13.32891    
 1869   13.32987    
 1870   13.21306    
 1871   13.24293    
 1872   13.25756    
 1873   13.36083    
 1874   13.26723    
 1875   13.29827    
 1876   13.37136    
 1877   13.49873    
 1878   13.34373    
 1879   13.44291    
 1880   13.42991    
 1881   13.38206    
 1882   13.62301    
 1883   13.46522    
 1884   12.87735    
 1885   12.78163    
 1886   13.01754    
 1887   12.97830    
 1888   12.93126    
 1889   13.07529    
 1890   13.15721    
 1891   13.15627    
 1892   13.07493    
 1893   13.18155    
 1894   13.25048    
 1895   13.26424    
 1896   13.22738    
 1897   13.20135    
 1898   13.17457    
 1899   13.16381    
 1900   13.17746    
 1901   13.27427    
 1902   13.35756    
 1903   13.19853    
 1904   13.21121    
 1905   13.27715    
 1906   13.29941    
 1907   13.29036    
 1908   13.20506    
 1909   13.27180    
 1910   13.30417    
 1911   13.46388    
 1912   13.40991    
 1913   13.12563    
 1914   13.20021    
 1915   13.52662    
 1916   13.48528    
 1917   13.56151    
 1918   13.56620    
 1919   13.46337    
 1920   13.40006    
 1921   13.57406    
 1922   13.34030    
 1923   13.47520    
 1924   13.69278    
 1925   13.77409    
 1926   13.80746    
 1927   13.57482    
 1928   13.58145    
 1929   13.50425    
 1930   13.54855    
 1931   13.39811    
 1932   13.37474    
 1933   13.38523    
 1934   13.28876    
 1935   13.48888    
 1936   13.49225    
 1937   13.59086    
 1938   13.43196    
 1939   13.27232    
 1940   13.54485    
 1941   13.64397    
 1942   13.49500    
 1943   13.41690    
 1944   13.27424    
 1945   13.36501    
 1946   13.27355    
 1947   13.53238    
 1948   13.45987    
 1949   13.37482    
 1950   13.38946    
 1951   13.25010    
 1952   13.23949    
 1953   13.34756    
 1954   13.37571    
 1955   13.38476    
 1956   13.42783    
 1957   13.41527    
 1958   13.40527    
 1959   13.36304    
 1960   13.38791    
 1961   13.45636    
 1962   13.43976    
 1963   13.33009    
 1964   13.07263    
 1965   13.24745    
 1966   13.28834    
 1967   13.18634    
 1968   13.15425    
 1969   13.11227    
 1970   13.36691    
 1971   13.35178    
 1972   13.41992    
 1973   13.48916    
 1974   13.33962    
 1975   13.52371    
 1976   13.53808    
 1977   13.27919    
 1978   13.31772    
 1979   13.38598    
 1980   13.42860    
 1981   13.66390    
 1982   13.50681    
 1983   13.23815    
 1984   13.47159    
 1985   13.80117    
 1986   13.75333    
 1987   13.59181    
 1988   13.70063    
 1989   13.63578    
 1990   13.85150    
 1991   13.86990    
 1992   13.41794    
 1993   13.47890    
 1994   13.65661    
 1995   13.80396    
 1996   13.87391    
 1997   13.97952    
 1998   13.99218    
 1999   13.96531    
 2000   14.01778    
 2001   14.27033    
 2002   14.37012    
 2003   14.21365    
 2004   14.18374    
 2005   14.26307    
 2006   14.06861    
 2007   14.12656    
 2008   14.15258    
 2009   14.14600    
 2010   14.17138    
 2011   14.07380    
 2012   14.08294    
 2013   14.06601    
 2014   14.16298    
 2015   14.27552    
 2016   14.34627    
 2017   14.13721    
 2018   14.13309    
 2019   14.19071    
 2020   14.23694    
 2021   14.41208    
 2022   14.19095    
 2023   14.28736    
 2024   14.15660    
 2025   14.06508    
 2026   14.10782    
 2027   14.16015    
 2028   14.27822    
 2029   14.21938    
 2030   14.29592    
 2031   14.29435    
 2032   14.35151    
 2033   14.27872    
 2034   14.29058    
 2035   14.35749    
 2036   14.38032    
 2037   14.37229    
 2038   14.36816    
 2039   14.41425    
 2040   14.41845    
 2041   14.44418    
 2042   14.60676    
 2043   14.46927    
 2044   14.40278    
 2045   14.52697    
 2046   14.74432    
 2047   14.58992    
 2048   14.48963    
 2049   14.55666    
 2050   14.59373    
 2051   14.75252    
 2052   14.47083    
 2053   14.49082    
 2054   14.45020    
 2055   14.57812    
 2056   14.68845    
 2057   14.71712    
 2058   14.65292    
 2059   14.73390    
 2060   14.71269    
 2061   14.82936    
 2062   14.78685    
 2063   14.73763    
 2064   14.80653    
 2065   14.80254    
 2066   14.85216    
 2067   14.93102    
 2068   14.90454    
 2069   14.85493    
 2070   14.91263    
 2071   14.91924    
 2072   14.96828    
 2073   15.03189    
 2074   15.05877    
 2075   15.03378    
 2076   14.97291    
 2077   15.15052    
 2078   15.11742    
 2079   15.38301    
 2080   15.15732    
 2081   15.30371    
 2082   15.22320    
 2083   15.20498    
 2084   15.27198    
 2085   15.32944    
 2086   15.32333    
 2087   15.37561    
 2088   15.28343    
 2089   15.30145    
 2090   15.27799    
 2091   15.57202    
 2092   15.39740    
 2093   15.25249    
 2094   15.44328    
 2095   15.72714    
 2096   15.62813    
 2097   15.41700    
 2098   15.52633    
 2099   15.53818    
 2100   15.57764    
