# daily2longer    1 mea
# <a href=http://cmip-pcmdi.llnl.gov/cmip5/>CMIP5</a> global mean temperature computed at <a href=http://www.knmi.nl/selectfield_cmip5.cgi?someone@somewhere>KNMI Climate Explorer</a> tas_Amon_CMCC-CMS_rcp45_r1i1p1
# cutting out region lon=   -0.938  359.062, lat=  -89.497   89.497
# file :: /data/storage/climexp/data/iglobal_tas_Amon_mod_rcp45_010_mean1_anom.dat
# description :: CMIP5 RCP45 models Tglobal
# comment :: daily2longer    1 mea, <a href=http://cmip-pcmdi.llnl.gov/cmip5/>CMIP5</a> global mean temperature computed at <a href=http://www.knmi.nl/selectfield_cmip5.cgi?someone@somewhere>KNMI Climate Explorer</a> tas_Amon_CMCC-CMS_rcp45_r1i1p1, cutting out region lon=   -0.938  359.062, lat=  -89.497   89.497, via the KNMI Climate Explorer (http://climexp.knmi.nl)
# institution :: KNMI Climate Explorer
# history ::  2018-05-21  9:17:03 bin/selectyear 1850 2100 data/iglobal_tas_Amon_mod_rcp45_010_mean1_anom.dat global_tas_Amon_mod_rcp45_+++_mean1_anom_1850:2100\n 2018-05-21  9:16:29 dat2nc ./data/iglobal_tas_Amon_mod_rcp45_010_mean1_anom.dat i CMIP5_RCP45_models_Tglobal ./data/iglobal_tas_Amon_mod_rcp45_010_mean1_anom.nc n
# tas [Celsius] from CMCC-CMS model output prepared for CMIP5 RCP4.5 r1i1p1
 1850   13.75054    
 1851   14.00008    
 1852   13.84650    
 1853   13.68391    
 1854   13.77431    
 1855   13.83549    
 1856   13.58156    
 1857   13.74752    
 1858   13.86468    
 1859   13.51196    
 1860   13.77533    
 1861   14.04771    
 1862   13.72206    
 1863   13.80444    
 1864   13.69246    
 1865   13.68654    
 1866   14.05754    
 1867   13.89304    
 1868   13.81800    
 1869   13.83543    
 1870   13.73574    
 1871   13.82036    
 1872   13.81458    
 1873   13.63916    
 1874   13.73812    
 1875   13.70915    
 1876   13.77355    
 1877   13.87511    
 1878   13.97275    
 1879   13.82131    
 1880   13.97765    
 1881   13.81022    
 1882   13.74711    
 1883   13.91080    
 1884   13.93084    
 1885   13.99463    
 1886   13.93880    
 1887   13.83274    
 1888   13.85246    
 1889   13.97776    
 1890   13.95634    
 1891   13.89463    
 1892   13.86772    
 1893   13.91182    
 1894   13.94385    
 1895   13.96125    
 1896   13.84322    
 1897   14.01475    
 1898   14.08144    
 1899   13.93080    
 1900   13.88141    
 1901   13.79398    
 1902   13.75634    
 1903   13.74603    
 1904   13.70450    
 1905   13.84947    
 1906   13.79516    
 1907   13.78300    
 1908   13.87632    
 1909   13.99825    
 1910   13.85760    
 1911   13.89531    
 1912   13.96812    
 1913   13.89465    
 1914   13.73746    
 1915   13.74646    
 1916   13.78957    
 1917   13.81978    
 1918   13.94860    
 1919   13.96566    
 1920   13.84809    
 1921   13.83977    
 1922   13.86122    
 1923   13.86004    
 1924   13.81132    
 1925   13.83311    
 1926   13.90259    
 1927   13.77003    
 1928   13.69546    
 1929   13.79861    
 1930   13.65354    
 1931   13.74293    
 1932   13.84238    
 1933   13.81137    
 1934   13.72460    
 1935   13.67638    
 1936   13.76451    
 1937   13.62434    
 1938   13.64318    
 1939   13.78927    
 1940   13.79577    
 1941   13.90135    
 1942   13.83177    
 1943   13.75613    
 1944   13.68748    
 1945   13.63640    
 1946   13.77345    
 1947   13.75831    
 1948   13.73425    
 1949   13.82029    
 1950   13.85594    
 1951   13.88793    
 1952   13.77300    
 1953   13.81619    
 1954   13.97038    
 1955   13.90665    
 1956   13.98729    
 1957   13.91370    
 1958   13.71597    
 1959   13.90241    
 1960   14.05559    
 1961   13.77402    
 1962   13.78681    
 1963   13.72459    
 1964   13.80740    
 1965   13.93027    
 1966   13.76616    
 1967   13.80024    
 1968   13.89177    
 1969   13.67343    
 1970   13.50919    
 1971   13.87318    
 1972   13.84612    
 1973   13.70476    
 1974   13.72214    
 1975   13.87250    
 1976   13.97277    
 1977   13.91069    
 1978   14.03128    
 1979   13.98799    
 1980   13.87095    
 1981   13.90133    
 1982   13.82975    
 1983   13.82651    
 1984   14.17680    
 1985   14.25233    
 1986   14.02999    
 1987   13.88154    
 1988   14.05598    
 1989   14.20992    
 1990   14.23627    
 1991   14.33426    
 1992   14.46366    
 1993   14.41889    
 1994   14.41087    
 1995   14.20626    
 1996   14.25500    
 1997   14.53634    
 1998   14.45457    
 1999   14.28284    
 2000   14.38069    
 2001   14.69087    
 2002   14.69777    
 2003   14.39423    
 2004   14.34601    
 2005   14.50290    
 2006   14.50890    
 2007   14.59247    
 2008   14.40739    
 2009   14.52803    
 2010   14.76910    
 2011   14.46008    
 2012   14.60307    
 2013   14.93268    
 2014   14.70135    
 2015   14.88439    
 2016   14.88914    
 2017   14.77130    
 2018   14.88806    
 2019   14.94127    
 2020   15.02044    
 2021   15.03226    
 2022   14.84278    
 2023   14.93383    
 2024   15.28036    
 2025   15.03176    
 2026   15.04125    
 2027   15.07676    
 2028   15.03825    
 2029   15.15085    
 2030   15.37975    
 2031   15.28382    
 2032   15.31050    
 2033   15.42394    
 2034   15.18288    
 2035   15.48256    
 2036   15.63759    
 2037   15.27529    
 2038   15.28802    
 2039   15.55473    
 2040   15.41061    
 2041   15.49141    
 2042   15.53506    
 2043   15.83411    
 2044   15.63273    
 2045   15.67678    
 2046   15.83261    
 2047   15.61499    
 2048   15.52965    
 2049   15.76476    
 2050   15.99932    
 2051   15.72665    
 2052   15.72102    
 2053   16.00742    
 2054   15.86820    
 2055   15.90724    
 2056   15.83186    
 2057   15.95772    
 2058   16.08411    
 2059   16.07993    
 2060   16.05926    
 2061   16.00256    
 2062   15.98519    
 2063   16.15012    
 2064   16.22272    
 2065   16.00818    
 2066   16.18482    
 2067   16.43773    
 2068   16.02947    
 2069   16.14177    
 2070   16.38923    
 2071   16.20160    
 2072   16.32255    
 2073   16.53661    
 2074   16.33426    
 2075   16.45273    
 2076   16.54334    
 2077   16.37554    
 2078   16.37656    
 2079   16.60266    
 2080   16.35095    
 2081   16.42005    
 2082   16.51329    
 2083   16.51274    
 2084   16.48234    
 2085   16.45950    
 2086   16.50938    
 2087   16.48807    
 2088   16.53517    
 2089   16.70430    
 2090   16.54111    
 2091   16.47161    
 2092   16.58672    
 2093   16.53313    
 2094   16.59587    
 2095   16.75296    
 2096   16.45449    
 2097   16.55928    
 2098   16.77267    
 2099   16.35007    
 2100   16.56604    
