# daily2longer    1 mea
# ensemble mea of file global_tas_Amon_IPSL-CM5A-LR_rcp45_%%.dat
# using members   0 to   3
# <a href=http://cmip-pcmdi.llnl.gov/cmip5/>CMIP5</a> global mean temperature computed at <a href=http://www.knmi.nl/selectfield_cmip5.cgi?someone@somewhere>KNMI Climate Explorer</a> tas_Amon_IPSL-CM5A-LR_rcp45_r1i1p1
# cutting out region lon=   -1.875  358.125, lat=  -90.000   90.000
# file :: /data/storage/climexp/data/iglobal_tas_Amon_mod_rcp45_031_mean1_anom.dat
# description :: CMIP5 RCP45 models Tglobal
# comment :: daily2longer    1 mea, ensemble mea of file global_tas_Amon_IPSL-CM5A-LR_rcp45_%%.dat, using members   0 to   3, <a href=http://cmip-pcmdi.llnl.gov/cmip5/>CMIP5</a> global mean temperature computed at <a href=http://www.knmi.nl/selectfield_cmip5.cgi?someone@somewhere>KNMI Climate Explorer</a> tas_Amon_IPSL-CM5A-LR_rcp45_r1i1p1, cutting out region lon=   -1.875  358.125, lat=  -90.000   90.000, via the KNMI Climate Explorer (http://climexp.knmi.nl)
# institution :: KNMI Climate Explorer
# history ::  2018-05-21  9:17:03 bin/selectyear 1850 2100 data/iglobal_tas_Amon_mod_rcp45_031_mean1_anom.dat global_tas_Amon_mod_rcp45_+++_mean1_anom_1850:2100\n 2018-05-21  9:16:31 dat2nc ./data/iglobal_tas_Amon_mod_rcp45_031_mean1_anom.dat i CMIP5_RCP45_models_Tglobal ./data/iglobal_tas_Amon_mod_rcp45_031_mean1_anom.nc n
# tas [Celsius] from IPSL-CM5A-LR model output prepared for CMIP5 RCP4.5 r1i1p1
 1850   12.04688    
 1851   12.04842    
 1852   12.14078    
 1853   12.12414    
 1854   12.11781    
 1855   12.05828    
 1856   11.90107    
 1857   11.89123    
 1858   11.96494    
 1859   11.96536    
 1860   11.98813    
 1861   11.99085    
 1862   12.06901    
 1863   12.10855    
 1864   12.13673    
 1865   12.16656    
 1866   12.14977    
 1867   12.04630    
 1868   12.10382    
 1869   12.19722    
 1870   12.15928    
 1871   12.14655    
 1872   12.09960    
 1873   12.16679    
 1874   12.16057    
 1875   12.29838    
 1876   12.24240    
 1877   12.15623    
 1878   12.27069    
 1879   12.21032    
 1880   12.18445    
 1881   12.38049    
 1882   12.33752    
 1883   12.14489    
 1884   11.85547    
 1885   11.82033    
 1886   11.90057    
 1887   11.93645    
 1888   11.99300    
 1889   11.95032    
 1890   11.95727    
 1891   11.97515    
 1892   12.00607    
 1893   12.05140    
 1894   12.07035    
 1895   12.10441    
 1896   12.10628    
 1897   12.05625    
 1898   12.06978    
 1899   12.10246    
 1900   12.10922    
 1901   12.16899    
 1902   12.14717    
 1903   12.00457    
 1904   12.13061    
 1905   12.15492    
 1906   12.15209    
 1907   12.17589    
 1908   12.20880    
 1909   12.23174    
 1910   12.20280    
 1911   12.27409    
 1912   12.22246    
 1913   12.16700    
 1914   12.30287    
 1915   12.32033    
 1916   12.20831    
 1917   12.27680    
 1918   12.26856    
 1919   12.17280    
 1920   12.26041    
 1921   12.36986    
 1922   12.37955    
 1923   12.36687    
 1924   12.29823    
 1925   12.29659    
 1926   12.40680    
 1927   12.44314    
 1928   12.37625    
 1929   12.38935    
 1930   12.43583    
 1931   12.38301    
 1932   12.39904    
 1933   12.37316    
 1934   12.34079    
 1935   12.25487    
 1936   12.49258    
 1937   12.56569    
 1938   12.48018    
 1939   12.43670    
 1940   12.46016    
 1941   12.52530    
 1942   12.49382    
 1943   12.52386    
 1944   12.54562    
 1945   12.56257    
 1946   12.58338    
 1947   12.55072    
 1948   12.52512    
 1949   12.61300    
 1950   12.59971    
 1951   12.56080    
 1952   12.50208    
 1953   12.55134    
 1954   12.54953    
 1955   12.47203    
 1956   12.52519    
 1957   12.59513    
 1958   12.51935    
 1959   12.51434    
 1960   12.65546    
 1961   12.63256    
 1962   12.51094    
 1963   12.36640    
 1964   12.22316    
 1965   12.30901    
 1966   12.38293    
 1967   12.46311    
 1968   12.40861    
 1969   12.33494    
 1970   12.44645    
 1971   12.52567    
 1972   12.57264    
 1973   12.59132    
 1974   12.57157    
 1975   12.56391    
 1976   12.66116    
 1977   12.63673    
 1978   12.61998    
 1979   12.71923    
 1980   12.73155    
 1981   12.86465    
 1982   12.75327    
 1983   12.71430    
 1984   12.80491    
 1985   12.81514    
 1986   12.83819    
 1987   12.90717    
 1988   12.98839    
 1989   13.04384    
 1990   13.09385    
 1991   13.00285    
 1992   12.85034    
 1993   12.95369    
 1994   12.94442    
 1995   13.02586    
 1996   13.08907    
 1997   13.14116    
 1998   13.24817    
 1999   13.29739    
 2000   13.29313    
 2001   13.36065    
 2002   13.41482    
 2003   13.43543    
 2004   13.45136    
 2005   13.51643    
 2006   13.43542    
 2007   13.46514    
 2008   13.49825    
 2009   13.44444    
 2010   13.50741    
 2011   13.56070    
 2012   13.58228    
 2013   13.65992    
 2014   13.75770    
 2015   13.65512    
 2016   13.69964    
 2017   13.64390    
 2018   13.71330    
 2019   13.76340    
 2020   13.72697    
 2021   13.82729    
 2022   13.93225    
 2023   13.86628    
 2024   13.92126    
 2025   13.90874    
 2026   14.00753    
 2027   13.97041    
 2028   14.00156    
 2029   14.15935    
 2030   14.07753    
 2031   14.03868    
 2032   14.14420    
 2033   14.18058    
 2034   14.26189    
 2035   14.28907    
 2036   14.34433    
 2037   14.35266    
 2038   14.37541    
 2039   14.40587    
 2040   14.47481    
 2041   14.40529    
 2042   14.39814    
 2043   14.41945    
 2044   14.44922    
 2045   14.53613    
 2046   14.58524    
 2047   14.69704    
 2048   14.72412    
 2049   14.80249    
 2050   14.73744    
 2051   14.72531    
 2052   14.77701    
 2053   14.79780    
 2054   14.73392    
 2055   14.79758    
 2056   14.85484    
 2057   14.88866    
 2058   14.99578    
 2059   14.98179    
 2060   14.91797    
 2061   14.94832    
 2062   15.01979    
 2063   15.01963    
 2064   15.03074    
 2065   15.05991    
 2066   15.01441    
 2067   15.00837    
 2068   15.07162    
 2069   15.00721    
 2070   15.11985    
 2071   15.11470    
 2072   15.02882    
 2073   15.10327    
 2074   15.15293    
 2075   15.12409    
 2076   15.17979    
 2077   15.20542    
 2078   15.18135    
 2079   15.10052    
 2080   15.16228    
 2081   15.28085    
 2082   15.23346    
 2083   15.24097    
 2084   15.17317    
 2085   15.23303    
 2086   15.31358    
 2087   15.28318    
 2088   15.31434    
 2089   15.33321    
 2090   15.33217    
 2091   15.26993    
 2092   15.33148    
 2093   15.34790    
 2094   15.38586    
 2095   15.27173    
 2096   15.32550    
 2097   15.31834    
 2098   15.30131    
 2099   15.45033    
 2100   15.38744    
