# daily2longer    1 mea
# <a href=http://cmip-pcmdi.llnl.gov/cmip5/>CMIP5</a> global mean temperature computed at <a href=http://www.knmi.nl/selectfield_cmip5.cgi?someone@somewhere>KNMI Climate Explorer</a> tas_Amon_MIROC-ESM_rcp45_r1i1p1
# cutting out region lon=   -1.406  358.594, lat=  -89.247   89.247
# file :: /data/storage/climexp/data/iglobal_tas_Amon_mod_rcp45_036_mean1_anom.dat
# description :: CMIP5 RCP45 models Tglobal
# comment :: daily2longer    1 mea, <a href=http://cmip-pcmdi.llnl.gov/cmip5/>CMIP5</a> global mean temperature computed at <a href=http://www.knmi.nl/selectfield_cmip5.cgi?someone@somewhere>KNMI Climate Explorer</a> tas_Amon_MIROC-ESM_rcp45_r1i1p1, cutting out region lon=   -1.406  358.594, lat=  -89.247   89.247, via the KNMI Climate Explorer (http://climexp.knmi.nl)
# institution :: KNMI Climate Explorer
# history ::  2018-05-21  9:17:03 bin/selectyear 1850 2100 data/iglobal_tas_Amon_mod_rcp45_036_mean1_anom.dat global_tas_Amon_mod_rcp45_+++_mean1_anom_1850:2100\n 2018-05-21  9:16:32 dat2nc ./data/iglobal_tas_Amon_mod_rcp45_036_mean1_anom.dat i CMIP5_RCP45_models_Tglobal ./data/iglobal_tas_Amon_mod_rcp45_036_mean1_anom.nc n
# tas [Celsius] from MIROC-ESM model output prepared for CMIP5 RCP4.5 r1i1p1
 1850   13.30165    
 1851   13.41270    
 1852   13.30130    
 1853   13.38052    
 1854   13.41603    
 1855   13.44075    
 1856   13.23430    
 1857   13.28083    
 1858   13.22945    
 1859   13.28783    
 1860   13.33110    
 1861   13.24988    
 1862   13.37707    
 1863   13.26262    
 1864   13.15815    
 1865   13.35586    
 1866   13.29137    
 1867   13.37801    
 1868   13.41000    
 1869   13.63581    
 1870   13.48222    
 1871   13.40498    
 1872   13.42609    
 1873   13.48122    
 1874   13.50353    
 1875   13.44365    
 1876   13.38893    
 1877   13.33066    
 1878   13.31510    
 1879   13.57792    
 1880   13.33859    
 1881   13.29192    
 1882   13.33000    
 1883   13.31049    
 1884   13.02835    
 1885   13.07843    
 1886   13.11582    
 1887   13.34960    
 1888   13.32343    
 1889   13.34769    
 1890   13.39411    
 1891   13.26750    
 1892   13.16940    
 1893   13.27132    
 1894   13.33580    
 1895   13.37266    
 1896   13.40221    
 1897   13.31995    
 1898   13.34482    
 1899   13.52416    
 1900   13.43929    
 1901   13.49176    
 1902   13.41630    
 1903   13.28326    
 1904   13.20889    
 1905   13.27876    
 1906   13.31290    
 1907   13.30913    
 1908   13.24825    
 1909   13.37691    
 1910   13.36679    
 1911   13.39293    
 1912   13.43286    
 1913   13.20638    
 1914   13.28394    
 1915   13.32684    
 1916   13.40622    
 1917   13.33862    
 1918   13.32238    
 1919   13.47625    
 1920   13.40134    
 1921   13.46511    
 1922   13.58537    
 1923   13.77726    
 1924   13.73775    
 1925   13.60874    
 1926   13.69658    
 1927   13.72132    
 1928   13.66672    
 1929   13.57843    
 1930   13.61169    
 1931   13.64473    
 1932   13.49110    
 1933   13.52894    
 1934   13.44046    
 1935   13.52619    
 1936   13.64580    
 1937   13.79901    
 1938   13.66349    
 1939   13.58457    
 1940   13.69170    
 1941   13.63330    
 1942   13.56982    
 1943   13.75673    
 1944   13.79366    
 1945   13.73272    
 1946   13.78547    
 1947   13.75112    
 1948   13.84828    
 1949   13.82126    
 1950   14.00060    
 1951   13.89371    
 1952   13.78639    
 1953   13.71051    
 1954   13.72545    
 1955   13.73139    
 1956   13.66224    
 1957   13.67140    
 1958   13.83645    
 1959   13.74958    
 1960   13.73438    
 1961   13.85140    
 1962   13.85602    
 1963   13.79176    
 1964   13.47861    
 1965   13.36940    
 1966   13.50898    
 1967   13.67987    
 1968   13.51503    
 1969   13.50637    
 1970   13.52381    
 1971   13.54729    
 1972   13.55621    
 1973   13.53622    
 1974   13.69271    
 1975   13.62628    
 1976   13.74606    
 1977   13.92147    
 1978   13.96029    
 1979   13.87429    
 1980   13.81251    
 1981   13.86173    
 1982   13.75713    
 1983   13.68634    
 1984   13.74436    
 1985   13.81258    
 1986   13.91861    
 1987   13.94778    
 1988   13.99236    
 1989   13.98947    
 1990   14.17856    
 1991   14.03741    
 1992   13.73191    
 1993   13.79290    
 1994   13.91402    
 1995   13.95637    
 1996   14.10273    
 1997   14.23947    
 1998   14.14841    
 1999   14.19787    
 2000   14.29060    
 2001   14.41524    
 2002   14.28481    
 2003   14.20037    
 2004   14.05650    
 2005   14.16246    
 2006   14.28756    
 2007   14.32692    
 2008   14.29151    
 2009   14.24382    
 2010   14.44182    
 2011   14.49981    
 2012   14.63721    
 2013   14.60139    
 2014   14.62773    
 2015   14.60672    
 2016   14.57625    
 2017   14.61975    
 2018   14.65168    
 2019   14.80001    
 2020   14.78085    
 2021   14.96405    
 2022   14.97010    
 2023   14.92205    
 2024   14.97779    
 2025   15.01227    
 2026   15.25310    
 2027   15.20969    
 2028   15.03433    
 2029   15.19898    
 2030   15.07989    
 2031   15.24645    
 2032   15.31951    
 2033   15.29896    
 2034   15.51268    
 2035   15.51214    
 2036   15.41794    
 2037   15.49023    
 2038   15.51333    
 2039   15.45947    
 2040   15.64614    
 2041   15.55536    
 2042   15.60712    
 2043   15.58733    
 2044   15.67012    
 2045   15.59998    
 2046   15.72597    
 2047   15.72696    
 2048   15.85240    
 2049   15.87769    
 2050   15.82663    
 2051   15.85641    
 2052   15.88660    
 2053   15.85540    
 2054   15.84465    
 2055   15.79447    
 2056   15.67257    
 2057   15.90921    
 2058   16.09689    
 2059   16.04989    
 2060   16.04636    
 2061   16.04197    
 2062   16.27425    
 2063   16.27090    
 2064   16.29073    
 2065   16.24682    
 2066   16.35814    
 2067   16.43268    
 2068   16.40369    
 2069   16.20197    
 2070   16.28093    
 2071   16.38864    
 2072   16.48972    
 2073   16.46846    
 2074   16.44811    
 2075   16.55470    
 2076   16.57122    
 2077   16.61443    
 2078   16.47191    
 2079   16.45601    
 2080   16.54951    
 2081   16.48488    
 2082   16.56227    
 2083   16.45869    
 2084   16.51746    
 2085   16.52368    
 2086   16.44958    
 2087   16.39050    
 2088   16.40951    
 2089   16.37567    
 2090   16.56169    
 2091   16.63091    
 2092   16.60954    
 2093   16.57658    
 2094   16.56071    
 2095   16.44007    
 2096   16.52878    
 2097   16.50293    
 2098   16.67326    
 2099   16.63044    
 2100   16.61635    
