# daily2longer    1 mea
# <a href=http://cmip-pcmdi.llnl.gov/cmip5/>CMIP5</a> global mean temperature computed at <a href=http://www.knmi.nl/selectfield_cmip5.cgi?someone@somewhere>KNMI Climate Explorer</a> tas_Amon_MRI-CGCM3_rcp45_r1i1p1
# cutting out region lon=   -0.562  359.438, lat=  -89.698   89.698
# file :: /data/storage/climexp/data/iglobal_tas_Amon_mod_rcp45_039_mean1_anom.dat
# description :: CMIP5 RCP45 models Tglobal
# comment :: daily2longer    1 mea, <a href=http://cmip-pcmdi.llnl.gov/cmip5/>CMIP5</a> global mean temperature computed at <a href=http://www.knmi.nl/selectfield_cmip5.cgi?someone@somewhere>KNMI Climate Explorer</a> tas_Amon_MRI-CGCM3_rcp45_r1i1p1, cutting out region lon=   -0.562  359.438, lat=  -89.698   89.698, via the KNMI Climate Explorer (http://climexp.knmi.nl)
# institution :: KNMI Climate Explorer
# history ::  2018-05-21  9:17:04 bin/selectyear 1850 2100 data/iglobal_tas_Amon_mod_rcp45_039_mean1_anom.dat global_tas_Amon_mod_rcp45_+++_mean1_anom_1850:2100\n 2018-05-21  9:16:32 dat2nc ./data/iglobal_tas_Amon_mod_rcp45_039_mean1_anom.dat i CMIP5_RCP45_models_Tglobal ./data/iglobal_tas_Amon_mod_rcp45_039_mean1_anom.nc n
# tas [Celsius] from MRI-CGCM3 model output prepared for CMIP5 RCP4.5 r1i1p1
 1850   13.48627    
 1851   13.56132    
 1852   13.53228    
 1853   13.56858    
 1854   13.53506    
 1855   13.56682    
 1856   13.46345    
 1857   13.52175    
 1858   13.64899    
 1859   13.60989    
 1860   13.60247    
 1861   13.60275    
 1862   13.65926    
 1863   13.62469    
 1864   13.62404    
 1865   13.59373    
 1866   13.56858    
 1867   13.50879    
 1868   13.57661    
 1869   13.55123    
 1870   13.65017    
 1871   13.64402    
 1872   13.67752    
 1873   13.61016    
 1874   13.72504    
 1875   13.69019    
 1876   13.67804    
 1877   13.47569    
 1878   13.57820    
 1879   13.75934    
 1880   13.62492    
 1881   13.70547    
 1882   13.76473    
 1883   13.54250    
 1884   13.23664    
 1885   13.40200    
 1886   13.39036    
 1887   13.39858    
 1888   13.48605    
 1889   13.57094    
 1890   13.49152    
 1891   13.50846    
 1892   13.57213    
 1893   13.66882    
 1894   13.58867    
 1895   13.61371    
 1896   13.62236    
 1897   13.52919    
 1898   13.55352    
 1899   13.62405    
 1900   13.54855    
 1901   13.55055    
 1902   13.61020    
 1903   13.19477    
 1904   13.30317    
 1905   13.43336    
 1906   13.53170    
 1907   13.54464    
 1908   13.75568    
 1909   13.75791    
 1910   13.67016    
 1911   13.59610    
 1912   13.60939    
 1913   13.64442    
 1914   13.69586    
 1915   13.68625    
 1916   13.68436    
 1917   13.70286    
 1918   13.74357    
 1919   13.61677    
 1920   13.77571    
 1921   13.84496    
 1922   13.79204    
 1923   13.62166    
 1924   13.75650    
 1925   13.74597    
 1926   13.63778    
 1927   13.65901    
 1928   13.76825    
 1929   13.69404    
 1930   13.67545    
 1931   13.67500    
 1932   13.72012    
 1933   13.57872    
 1934   13.78335    
 1935   13.95055    
 1936   13.81231    
 1937   13.87766    
 1938   13.85291    
 1939   13.84331    
 1940   13.76585    
 1941   13.66422    
 1942   13.82353    
 1943   13.68181    
 1944   13.65346    
 1945   13.68170    
 1946   13.85887    
 1947   13.70629    
 1948   13.84771    
 1949   13.87226    
 1950   13.70655    
 1951   13.71783    
 1952   13.69892    
 1953   13.78663    
 1954   13.82214    
 1955   13.82495    
 1956   13.77793    
 1957   13.67163    
 1958   13.74802    
 1959   13.79059    
 1960   13.82360    
 1961   13.84609    
 1962   13.75427    
 1963   13.88981    
 1964   13.76990    
 1965   13.66773    
 1966   13.68077    
 1967   13.70319    
 1968   13.76657    
 1969   13.87390    
 1970   13.85759    
 1971   13.92249    
 1972   13.85429    
 1973   13.79782    
 1974   13.73931    
 1975   13.85868    
 1976   13.96076    
 1977   14.02332    
 1978   13.90961    
 1979   13.96215    
 1980   13.90029    
 1981   13.94758    
 1982   13.96071    
 1983   13.96216    
 1984   14.00747    
 1985   14.02275    
 1986   13.79672    
 1987   13.94137    
 1988   13.86509    
 1989   14.01136    
 1990   14.02260    
 1991   14.04508    
 1992   13.75641    
 1993   13.87213    
 1994   13.77172    
 1995   13.95887    
 1996   14.01051    
 1997   13.99408    
 1998   14.00653    
 1999   13.96689    
 2000   14.05471    
 2001   14.05671    
 2002   14.10183    
 2003   14.17163    
 2004   14.16393    
 2005   14.20102    
 2006   14.10723    
 2007   14.09424    
 2008   14.18118    
 2009   14.21901    
 2010   14.17172    
 2011   14.28644    
 2012   14.14182    
 2013   14.24139    
 2014   14.38318    
 2015   14.26675    
 2016   14.21216    
 2017   14.33311    
 2018   14.24786    
 2019   14.35751    
 2020   14.32667    
 2021   14.52180    
 2022   14.51820    
 2023   14.53587    
 2024   14.53685    
 2025   14.70379    
 2026   14.68403    
 2027   14.59530    
 2028   14.67220    
 2029   14.68259    
 2030   14.61266    
 2031   14.78535    
 2032   14.76257    
 2033   14.60886    
 2034   14.65839    
 2035   14.69071    
 2036   14.71989    
 2037   14.70404    
 2038   14.77498    
 2039   14.81006    
 2040   14.87290    
 2041   14.89631    
 2042   14.74782    
 2043   14.76523    
 2044   14.87374    
 2045   14.80803    
 2046   14.92787    
 2047   15.01248    
 2048   15.10548    
 2049   15.02124    
 2050   15.13804    
 2051   15.23733    
 2052   15.22857    
 2053   15.00468    
 2054   15.05577    
 2055   15.22475    
 2056   15.16953    
 2057   15.02979    
 2058   15.01830    
 2059   15.07182    
 2060   15.11417    
 2061   15.13529    
 2062   15.15284    
 2063   15.16988    
 2064   15.31807    
 2065   15.26588    
 2066   15.09402    
 2067   15.13987    
 2068   15.25209    
 2069   15.30076    
 2070   15.31217    
 2071   15.37858    
 2072   15.46945    
 2073   15.40630    
 2074   15.40187    
 2075   15.49450    
 2076   15.38928    
 2077   15.53532    
 2078   15.44401    
 2079   15.45063    
 2080   15.43969    
 2081   15.68139    
 2082   15.54985    
 2083   15.63770    
 2084   15.57194    
 2085   15.55909    
 2086   15.71091    
 2087   15.52794    
 2088   15.55528    
 2089   15.66259    
 2090   15.63975    
 2091   15.67887    
 2092   15.75975    
 2093   15.68707    
 2094   15.69403    
 2095   15.72993    
 2096   15.71972    
 2097   15.60235    
 2098   15.66106    
 2099   15.78106    
 2100   15.97486    
