# daily2longer    1 mea
# <a href=http://cmip-pcmdi.llnl.gov/cmip5/>CMIP5</a> global mean temperature computed at <a href=http://www.knmi.nl/selectfield_cmip5.cgi?someone@somewhere>KNMI Climate Explorer</a> tas_Amon_IPSL-CM5A-MR_rcp45_r1i1p1
# cutting out region lon=   -1.250  358.750, lat=  -90.000   90.000
# file :: /data/storage/climexp/data/iglobal_tas_Amon_mod_rcp45_032_mean1_anom.dat
# description :: CMIP5 RCP45 models Tglobal
# comment :: daily2longer    1 mea, <a href=http://cmip-pcmdi.llnl.gov/cmip5/>CMIP5</a> global mean temperature computed at <a href=http://www.knmi.nl/selectfield_cmip5.cgi?someone@somewhere>KNMI Climate Explorer</a> tas_Amon_IPSL-CM5A-MR_rcp45_r1i1p1, cutting out region lon=   -1.250  358.750, lat=  -90.000   90.000, via the KNMI Climate Explorer (http://climexp.knmi.nl)
# institution :: KNMI Climate Explorer
# history ::  2018-05-21  9:17:03 bin/selectyear 1850 2100 data/iglobal_tas_Amon_mod_rcp45_032_mean1_anom.dat global_tas_Amon_mod_rcp45_+++_mean1_anom_1850:2100\n 2018-05-21  9:16:31 dat2nc ./data/iglobal_tas_Amon_mod_rcp45_032_mean1_anom.dat i CMIP5_RCP45_models_Tglobal ./data/iglobal_tas_Amon_mod_rcp45_032_mean1_anom.nc n
# tas [Celsius] from IPSL-CM5A-MR model output prepared for CMIP5 RCP4.5 r1i1p1
 1850   12.94450    
 1851   12.94182    
 1852   12.96899    
 1853   13.17987    
 1854   13.17076    
 1855   13.05164    
 1856   12.92900    
 1857   12.86158    
 1858   12.96222    
 1859   12.91783    
 1860   12.99414    
 1861   13.15584    
 1862   13.01263    
 1863   12.98951    
 1864   12.94989    
 1865   13.07274    
 1866   13.15474    
 1867   13.05877    
 1868   13.17988    
 1869   13.08492    
 1870   13.18219    
 1871   13.14404    
 1872   13.11396    
 1873   13.27008    
 1874   13.14417    
 1875   13.09385    
 1876   13.11151    
 1877   13.14726    
 1878   13.21284    
 1879   13.13773    
 1880   13.21711    
 1881   13.25089    
 1882   13.13806    
 1883   13.05409    
 1884   12.83534    
 1885   12.70929    
 1886   12.77337    
 1887   12.91542    
 1888   12.90842    
 1889   12.92187    
 1890   12.87284    
 1891   12.97055    
 1892   12.99232    
 1893   13.10796    
 1894   13.10036    
 1895   13.07465    
 1896   13.15428    
 1897   13.13108    
 1898   13.04249    
 1899   13.06970    
 1900   13.14027    
 1901   13.17293    
 1902   13.28342    
 1903   13.06363    
 1904   13.00236    
 1905   12.97370    
 1906   13.19162    
 1907   13.18698    
 1908   13.23328    
 1909   13.06156    
 1910   13.17707    
 1911   13.16717    
 1912   13.12851    
 1913   13.13025    
 1914   13.17128    
 1915   13.23191    
 1916   13.26125    
 1917   13.30247    
 1918   13.30101    
 1919   13.30369    
 1920   13.33421    
 1921   13.34607    
 1922   13.25718    
 1923   13.14499    
 1924   13.18921    
 1925   13.27126    
 1926   13.24867    
 1927   13.34481    
 1928   13.40421    
 1929   13.62694    
 1930   13.35140    
 1931   13.28396    
 1932   13.25007    
 1933   13.27413    
 1934   13.39497    
 1935   13.52287    
 1936   13.52336    
 1937   13.44009    
 1938   13.42984    
 1939   13.41603    
 1940   13.48254    
 1941   13.54423    
 1942   13.48293    
 1943   13.38496    
 1944   13.44014    
 1945   13.35655    
 1946   13.33125    
 1947   13.31609    
 1948   13.29427    
 1949   13.51257    
 1950   13.55568    
 1951   13.32095    
 1952   13.24933    
 1953   13.25124    
 1954   13.43116    
 1955   13.32115    
 1956   13.38696    
 1957   13.41663    
 1958   13.50242    
 1959   13.55536    
 1960   13.54027    
 1961   13.44430    
 1962   13.30376    
 1963   13.19797    
 1964   13.26258    
 1965   13.46889    
 1966   13.26154    
 1967   13.41598    
 1968   13.37148    
 1969   13.38439    
 1970   13.37743    
 1971   13.57499    
 1972   13.67002    
 1973   13.45634    
 1974   13.43244    
 1975   13.33915    
 1976   13.39118    
 1977   13.59070    
 1978   13.55106    
 1979   13.56119    
 1980   13.77472    
 1981   13.67010    
 1982   13.69167    
 1983   13.72012    
 1984   13.67963    
 1985   13.48578    
 1986   13.62052    
 1987   13.77636    
 1988   13.86114    
 1989   13.84322    
 1990   13.82995    
 1991   13.58934    
 1992   13.44191    
 1993   13.66537    
 1994   13.62888    
 1995   13.86006    
 1996   14.08635    
 1997   14.01108    
 1998   13.94767    
 1999   14.01403    
 2000   14.12286    
 2001   14.05696    
 2002   14.12356    
 2003   14.15442    
 2004   14.15724    
 2005   14.30411    
 2006   14.22549    
 2007   14.15403    
 2008   14.29852    
 2009   14.43367    
 2010   14.42780    
 2011   14.45705    
 2012   14.51596    
 2013   14.49842    
 2014   14.48579    
 2015   14.52755    
 2016   14.58100    
 2017   14.51165    
 2018   14.52420    
 2019   14.61762    
 2020   14.65524    
 2021   14.51185    
 2022   14.61934    
 2023   14.84283    
 2024   14.79231    
 2025   14.83198    
 2026   14.83207    
 2027   14.81403    
 2028   14.93833    
 2029   15.03957    
 2030   15.14209    
 2031   15.13264    
 2032   15.06461    
 2033   15.04533    
 2034   15.30138    
 2035   15.08717    
 2036   15.00845    
 2037   15.16652    
 2038   15.13361    
 2039   15.25329    
 2040   15.10898    
 2041   15.14685    
 2042   15.18488    
 2043   15.32703    
 2044   15.29616    
 2045   15.38230    
 2046   15.18128    
 2047   15.39500    
 2048   15.27755    
 2049   15.35169    
 2050   15.55678    
 2051   15.40377    
 2052   15.57028    
 2053   15.50848    
 2054   15.56895    
 2055   15.40968    
 2056   15.45379    
 2057   15.58827    
 2058   15.68750    
 2059   15.72963    
 2060   15.87685    
 2061   15.84187    
 2062   15.77097    
 2063   15.61007    
 2064   15.68508    
 2065   15.90436    
 2066   15.78816    
 2067   15.78524    
 2068   15.93015    
 2069   15.91188    
 2070   15.91542    
 2071   16.16440    
 2072   16.00106    
 2073   16.02243    
 2074   15.89481    
 2075   15.94408    
 2076   16.12811    
 2077   16.11709    
 2078   16.03969    
 2079   16.11707    
 2080   16.14209    
 2081   16.14967    
 2082   16.08344    
 2083   16.15073    
 2084   16.17770    
 2085   16.14901    
 2086   16.15006    
 2087   16.11627    
 2088   16.26362    
 2089   16.07562    
 2090   16.10740    
 2091   16.27079    
 2092   16.23402    
 2093   16.09880    
 2094   15.96339    
 2095   16.27596    
 2096   16.30237    
 2097   16.19935    
 2098   16.10723    
 2099   16.27260    
 2100   16.19101    
