# daily2longer    1 mea
# <a href=http://cmip-pcmdi.llnl.gov/cmip5/>CMIP5</a> global mean temperature computed at <a href=http://www.knmi.nl/selectfield_cmip5.cgi?someone@somewhere>KNMI Climate Explorer</a> tas_Amon_NorESM1-M_rcp45_r1i1p1
# cutting out region lon=   -1.250  358.750, lat=  -90.000   90.000
# file :: /data/storage/climexp/data/iglobal_tas_Amon_mod_rcp45_041_mean1_anom.dat
# description :: CMIP5 RCP45 models Tglobal
# comment :: daily2longer    1 mea, <a href=http://cmip-pcmdi.llnl.gov/cmip5/>CMIP5</a> global mean temperature computed at <a href=http://www.knmi.nl/selectfield_cmip5.cgi?someone@somewhere>KNMI Climate Explorer</a> tas_Amon_NorESM1-M_rcp45_r1i1p1, cutting out region lon=   -1.250  358.750, lat=  -90.000   90.000, via the KNMI Climate Explorer (http://climexp.knmi.nl)
# institution :: KNMI Climate Explorer
# history ::  2018-05-21  9:17:04 bin/selectyear 1850 2100 data/iglobal_tas_Amon_mod_rcp45_041_mean1_anom.dat global_tas_Amon_mod_rcp45_+++_mean1_anom_1850:2100\n 2018-05-21  9:16:32 dat2nc ./data/iglobal_tas_Amon_mod_rcp45_041_mean1_anom.dat i CMIP5_RCP45_models_Tglobal ./data/iglobal_tas_Amon_mod_rcp45_041_mean1_anom.nc n
# tas [Celsius] from NorESM1-M model output prepared for CMIP5 RCP4.5 r1i1p1
 1850   13.11461    
 1851   13.06747    
 1852   13.17315    
 1853   13.04919    
 1854   13.04626    
 1855   13.09905    
 1856   13.00714    
 1857   13.17355    
 1858   13.22036    
 1859   13.13734    
 1860   13.02554    
 1861   13.15032    
 1862   13.18058    
 1863   13.08842    
 1864   13.33416    
 1865   13.36840    
 1866   13.22841    
 1867   13.17738    
 1868   13.29374    
 1869   13.22383    
 1870   13.12447    
 1871   13.13058    
 1872   13.22579    
 1873   13.18990    
 1874   13.16158    
 1875   13.03700    
 1876   13.30505    
 1877   13.35517    
 1878   13.11589    
 1879   13.11142    
 1880   13.20334    
 1881   13.19175    
 1882   13.04512    
 1883   13.17300    
 1884   12.98586    
 1885   12.97032    
 1886   12.95214    
 1887   12.98255    
 1888   13.12831    
 1889   13.30942    
 1890   13.16789    
 1891   13.24529    
 1892   13.26565    
 1893   13.06963    
 1894   13.05883    
 1895   13.17736    
 1896   13.07375    
 1897   12.98743    
 1898   13.10156    
 1899   13.10176    
 1900   13.30899    
 1901   13.33808    
 1902   13.10112    
 1903   13.01034    
 1904   13.02070    
 1905   12.94823    
 1906   13.09090    
 1907   13.05052    
 1908   13.04348    
 1909   13.00128    
 1910   13.23038    
 1911   13.31639    
 1912   13.12489    
 1913   13.21630    
 1914   13.37672    
 1915   13.25000    
 1916   13.29525    
 1917   13.26236    
 1918   13.17315    
 1919   13.22968    
 1920   13.15031    
 1921   13.13604    
 1922   13.22357    
 1923   13.24913    
 1924   13.28715    
 1925   13.26966    
 1926   13.40231    
 1927   13.16489    
 1928   13.24128    
 1929   13.20869    
 1930   13.33626    
 1931   13.20771    
 1932   13.29670    
 1933   13.28576    
 1934   13.46313    
 1935   13.51934    
 1936   13.31305    
 1937   13.26223    
 1938   13.41710    
 1939   13.44973    
 1940   13.44726    
 1941   13.35469    
 1942   13.26504    
 1943   13.40471    
 1944   13.43223    
 1945   13.24029    
 1946   13.29408    
 1947   13.25869    
 1948   13.27960    
 1949   13.40732    
 1950   13.16997    
 1951   13.30278    
 1952   13.27893    
 1953   13.21061    
 1954   13.18791    
 1955   13.32529    
 1956   13.49480    
 1957   13.36020    
 1958   13.33617    
 1959   13.41721    
 1960   13.35339    
 1961   13.41323    
 1962   13.30898    
 1963   13.20694    
 1964   13.04927    
 1965   13.19223    
 1966   13.29847    
 1967   13.17575    
 1968   13.32140    
 1969   13.18553    
 1970   13.44362    
 1971   13.34414    
 1972   13.17572    
 1973   13.20056    
 1974   13.16052    
 1975   13.16183    
 1976   13.33528    
 1977   13.45080    
 1978   13.53935    
 1979   13.40429    
 1980   13.45929    
 1981   13.44492    
 1982   13.46061    
 1983   13.45248    
 1984   13.50972    
 1985   13.55070    
 1986   13.57835    
 1987   13.62537    
 1988   13.60717    
 1989   13.77032    
 1990   13.87841    
 1991   13.60314    
 1992   13.45427    
 1993   13.54037    
 1994   13.52660    
 1995   13.52869    
 1996   13.68288    
 1997   13.66862    
 1998   13.68588    
 1999   13.84925    
 2000   13.80566    
 2001   13.77306    
 2002   13.80812    
 2003   13.90482    
 2004   13.98914    
 2005   13.98994    
 2006   13.96590    
 2007   13.83336    
 2008   13.87569    
 2009   13.83273    
 2010   13.90969    
 2011   13.94338    
 2012   14.05674    
 2013   14.08914    
 2014   14.09319    
 2015   13.92938    
 2016   14.11486    
 2017   14.09408    
 2018   14.11410    
 2019   14.26365    
 2020   14.19749    
 2021   14.22148    
 2022   14.23154    
 2023   14.49016    
 2024   14.34779    
 2025   14.32266    
 2026   14.23209    
 2027   14.23831    
 2028   14.43321    
 2029   14.45355    
 2030   14.48678    
 2031   14.39109    
 2032   14.49511    
 2033   14.50581    
 2034   14.41986    
 2035   14.49941    
 2036   14.58971    
 2037   14.60284    
 2038   14.68795    
 2039   14.68549    
 2040   14.78913    
 2041   14.68624    
 2042   14.72499    
 2043   14.77958    
 2044   14.87700    
 2045   14.90319    
 2046   14.65279    
 2047   14.69132    
 2048   14.74036    
 2049   14.77489    
 2050   14.74528    
 2051   14.84207    
 2052   14.86885    
 2053   14.81085    
 2054   14.83313    
 2055   14.89105    
 2056   14.85201    
 2057   14.96562    
 2058   14.97919    
 2059   14.91346    
 2060   14.98842    
 2061   15.00497    
 2062   15.01055    
 2063   15.02772    
 2064   14.98615    
 2065   15.06956    
 2066   15.12608    
 2067   15.01181    
 2068   15.01688    
 2069   15.07315    
 2070   15.08374    
 2071   15.22720    
 2072   15.19109    
 2073   15.25827    
 2074   15.20285    
 2075   15.12176    
 2076   15.13967    
 2077   15.17332    
 2078   15.17917    
 2079   15.27357    
 2080   15.22103    
 2081   15.25233    
 2082   15.23017    
 2083   15.24822    
 2084   15.34256    
 2085   15.31491    
 2086   15.12855    
 2087   15.12677    
 2088   15.08978    
 2089   15.30814    
 2090   15.40902    
 2091   15.42774    
 2092   15.37820    
 2093   15.34457    
 2094   15.38147    
 2095   15.46412    
 2096   15.45638    
 2097   15.42269    
 2098   15.40762    
 2099   15.38528    
 2100   15.37108    
