# daily2longer    1 mea
# ensemble mea of file global_tas_Amon_MIROC5_rcp45_%%.dat
# using members   0 to   2
# <a href=http://cmip-pcmdi.llnl.gov/cmip5/>CMIP5</a> global mean temperature computed at <a href=http://www.knmi.nl/selectfield_cmip5.cgi?someone@somewhere>KNMI Climate Explorer</a> tas_Amon_MIROC5_rcp45_r1i1p1
# cutting out region lon=   -0.703  359.297, lat=  -89.622   89.622
# file :: /data/storage/climexp/data/iglobal_tas_Amon_mod_rcp45_034_mean1_anom.dat
# description :: CMIP5 RCP45 models Tglobal
# comment :: daily2longer    1 mea, ensemble mea of file global_tas_Amon_MIROC5_rcp45_%%.dat, using members   0 to   2, <a href=http://cmip-pcmdi.llnl.gov/cmip5/>CMIP5</a> global mean temperature computed at <a href=http://www.knmi.nl/selectfield_cmip5.cgi?someone@somewhere>KNMI Climate Explorer</a> tas_Amon_MIROC5_rcp45_r1i1p1, cutting out region lon=   -0.703  359.297, lat=  -89.622   89.622, via the KNMI Climate Explorer (http://climexp.knmi.nl)
# institution :: KNMI Climate Explorer
# history ::  2018-05-21  9:17:03 bin/selectyear 1850 2100 data/iglobal_tas_Amon_mod_rcp45_034_mean1_anom.dat global_tas_Amon_mod_rcp45_+++_mean1_anom_1850:2100\n 2018-05-21  9:16:32 dat2nc ./data/iglobal_tas_Amon_mod_rcp45_034_mean1_anom.dat i CMIP5_RCP45_models_Tglobal ./data/iglobal_tas_Amon_mod_rcp45_034_mean1_anom.nc n
# tas [Celsius] from MIROC5 model output prepared for CMIP5 RCP4.5 r1i1p1
 1850   14.42840    
 1851   14.44847    
 1852   14.42351    
 1853   14.53027    
 1854   14.47249    
 1855   14.46026    
 1856   14.46502    
 1857   14.39463    
 1858   14.40227    
 1859   14.35301    
 1860   14.37684    
 1861   14.43264    
 1862   14.49317    
 1863   14.54918    
 1864   14.48712    
 1865   14.40769    
 1866   14.43275    
 1867   14.45782    
 1868   14.51737    
 1869   14.47149    
 1870   14.43727    
 1871   14.50317    
 1872   14.55458    
 1873   14.55114    
 1874   14.47893    
 1875   14.57123    
 1876   14.65131    
 1877   14.56118    
 1878   14.51537    
 1879   14.40574    
 1880   14.47771    
 1881   14.54284    
 1882   14.52574    
 1883   14.46756    
 1884   14.28016    
 1885   14.24052    
 1886   14.25506    
 1887   14.26323    
 1888   14.30367    
 1889   14.34846    
 1890   14.40164    
 1891   14.36985    
 1892   14.23936    
 1893   14.29949    
 1894   14.39454    
 1895   14.46674    
 1896   14.46826    
 1897   14.43388    
 1898   14.40757    
 1899   14.45144    
 1900   14.51900    
 1901   14.43911    
 1902   14.41022    
 1903   14.34570    
 1904   14.28289    
 1905   14.30764    
 1906   14.41555    
 1907   14.53161    
 1908   14.43006    
 1909   14.48641    
 1910   14.50773    
 1911   14.49770    
 1912   14.48974    
 1913   14.40488    
 1914   14.35679    
 1915   14.39073    
 1916   14.47142    
 1917   14.50074    
 1918   14.55575    
 1919   14.50318    
 1920   14.48135    
 1921   14.55154    
 1922   14.68493    
 1923   14.77854    
 1924   14.73088    
 1925   14.59761    
 1926   14.52388    
 1927   14.54225    
 1928   14.56361    
 1929   14.63179    
 1930   14.66498    
 1931   14.75404    
 1932   14.90858    
 1933   14.65063    
 1934   14.51605    
 1935   14.53960    
 1936   14.54996    
 1937   14.64452    
 1938   14.65799    
 1939   14.66076    
 1940   14.67459    
 1941   14.68201    
 1942   14.78173    
 1943   14.83422    
 1944   14.66681    
 1945   14.64557    
 1946   14.74284    
 1947   14.81762    
 1948   14.78903    
 1949   14.74615    
 1950   14.84925    
 1951   15.05861    
 1952   14.94252    
 1953   14.59323    
 1954   14.53498    
 1955   14.63348    
 1956   14.75358    
 1957   14.76595    
 1958   14.72462    
 1959   14.77243    
 1960   14.85705    
 1961   14.79357    
 1962   14.54505    
 1963   14.53951    
 1964   14.49834    
 1965   14.55680    
 1966   14.61968    
 1967   14.52070    
 1968   14.50175    
 1969   14.50488    
 1970   14.56880    
 1971   14.58836    
 1972   14.55577    
 1973   14.53651    
 1974   14.67894    
 1975   14.71723    
 1976   14.79866    
 1977   14.70896    
 1978   14.75892    
 1979   14.68036    
 1980   14.69527    
 1981   14.80877    
 1982   14.81224    
 1983   14.63376    
 1984   14.52202    
 1985   14.55831    
 1986   14.70267    
 1987   14.86494    
 1988   14.92027    
 1989   14.89502    
 1990   14.86751    
 1991   14.84971    
 1992   14.65337    
 1993   14.83226    
 1994   14.86661    
 1995   14.79832    
 1996   14.78337    
 1997   14.97280    
 1998   15.05308    
 1999   15.05898    
 2000   15.09946    
 2001   15.16517    
 2002   15.25606    
 2003   15.25259    
 2004   15.30539    
 2005   15.27147    
 2006   15.23544    
 2007   15.29009    
 2008   15.38088    
 2009   15.40390    
 2010   15.30316    
 2011   15.24678    
 2012   15.23027    
 2013   15.32642    
 2014   15.55319    
 2015   15.70269    
 2016   15.57981    
 2017   15.37355    
 2018   15.33247    
 2019   15.39627    
 2020   15.59202    
 2021   15.64191    
 2022   15.54042    
 2023   15.54492    
 2024   15.57152    
 2025   15.67926    
 2026   15.72839    
 2027   15.86803    
 2028   15.67018    
 2029   15.57782    
 2030   15.69666    
 2031   15.89819    
 2032   15.94673    
 2033   15.94148    
 2034   15.77027    
 2035   15.70641    
 2036   15.79284    
 2037   15.98324    
 2038   16.11456    
 2039   15.96543    
 2040   15.85546    
 2041   15.89874    
 2042   16.19836    
 2043   16.33043    
 2044   16.12137    
 2045   15.91146    
 2046   15.99012    
 2047   16.15304    
 2048   16.35051    
 2049   16.25956    
 2050   16.10009    
 2051   16.08912    
 2052   16.12081    
 2053   16.25838    
 2054   16.54051    
 2055   16.43245    
 2056   16.16166    
 2057   16.07912    
 2058   16.17390    
 2059   16.34874    
 2060   16.56817    
 2061   16.43503    
 2062   16.24275    
 2063   16.31271    
 2064   16.36786    
 2065   16.54763    
 2066   16.63933    
 2067   16.49064    
 2068   16.40456    
 2069   16.31499    
 2070   16.42618    
 2071   16.57368    
 2072   16.59900    
 2073   16.48131    
 2074   16.42077    
 2075   16.42542    
 2076   16.47238    
 2077   16.66183    
 2078   16.72771    
 2079   16.63555    
 2080   16.54722    
 2081   16.48505    
 2082   16.58003    
 2083   16.62711    
 2084   16.70607    
 2085   16.71041    
 2086   16.56511    
 2087   16.54233    
 2088   16.59571    
 2089   16.81327    
 2090   16.95037    
 2091   16.69353    
 2092   16.49764    
 2093   16.56636    
 2094   16.66355    
 2095   16.79314    
 2096   16.71509    
 2097   16.67790    
 2098   16.70778    
 2099   16.82673    
 2100   16.73861    
