# daily2longer    1 mea
# <a href=http://cmip-pcmdi.llnl.gov/cmip5/>CMIP5</a> global mean temperature computed at <a href=http://www.knmi.nl/selectfield_cmip5.cgi?someone@somewhere>KNMI Climate Explorer</a> tas_Amon_MIROC-ESM-CHEM_rcp45_r1i1p1
# cutting out region lon=   -1.406  358.594, lat=  -89.247   89.247
# file :: /data/storage/climexp/data/iglobal_tas_Amon_mod_rcp45_035_mean1_anom.dat
# description :: CMIP5 RCP45 models Tglobal
# comment :: daily2longer    1 mea, <a href=http://cmip-pcmdi.llnl.gov/cmip5/>CMIP5</a> global mean temperature computed at <a href=http://www.knmi.nl/selectfield_cmip5.cgi?someone@somewhere>KNMI Climate Explorer</a> tas_Amon_MIROC-ESM-CHEM_rcp45_r1i1p1, cutting out region lon=   -1.406  358.594, lat=  -89.247   89.247, via the KNMI Climate Explorer (http://climexp.knmi.nl)
# institution :: KNMI Climate Explorer
# history ::  2018-05-21  9:17:03 bin/selectyear 1850 2100 data/iglobal_tas_Amon_mod_rcp45_035_mean1_anom.dat global_tas_Amon_mod_rcp45_+++_mean1_anom_1850:2100\n 2018-05-21  9:16:32 dat2nc ./data/iglobal_tas_Amon_mod_rcp45_035_mean1_anom.dat i CMIP5_RCP45_models_Tglobal ./data/iglobal_tas_Amon_mod_rcp45_035_mean1_anom.nc n
# tas [Celsius] from MIROC-ESM-CHEM model output prepared for CMIP5 RCP4.5 r1i1p1
 1850   13.28318    
 1851   13.41705    
 1852   13.35413    
 1853   13.43973    
 1854   13.40404    
 1855   13.28167    
 1856   13.29070    
 1857   13.20935    
 1858   13.26489    
 1859   13.30913    
 1860   13.27571    
 1861   13.25535    
 1862   13.26182    
 1863   13.33255    
 1864   13.23356    
 1865   13.12007    
 1866   13.35739    
 1867   13.46229    
 1868   13.42296    
 1869   13.20154    
 1870   13.24599    
 1871   13.38370    
 1872   13.27613    
 1873   13.36452    
 1874   13.35717    
 1875   13.28958    
 1876   13.18532    
 1877   13.30252    
 1878   13.42487    
 1879   13.33852    
 1880   13.36653    
 1881   13.45400    
 1882   13.64196    
 1883   13.40801    
 1884   13.01636    
 1885   12.99456    
 1886   13.04459    
 1887   13.12947    
 1888   13.18411    
 1889   13.26004    
 1890   13.32203    
 1891   13.20987    
 1892   13.14898    
 1893   13.27080    
 1894   13.37474    
 1895   13.38809    
 1896   13.38798    
 1897   13.53446    
 1898   13.55022    
 1899   13.40916    
 1900   13.38249    
 1901   13.42631    
 1902   13.31745    
 1903   13.26723    
 1904   13.18981    
 1905   13.23287    
 1906   13.26495    
 1907   13.23114    
 1908   13.20684    
 1909   13.15414    
 1910   13.40015    
 1911   13.36258    
 1912   13.38536    
 1913   13.33969    
 1914   13.33073    
 1915   13.26063    
 1916   13.40478    
 1917   13.44296    
 1918   13.52522    
 1919   13.47249    
 1920   13.53070    
 1921   13.54343    
 1922   13.55011    
 1923   13.65737    
 1924   13.68033    
 1925   13.61996    
 1926   13.55339    
 1927   13.52092    
 1928   13.52953    
 1929   13.40855    
 1930   13.41025    
 1931   13.49492    
 1932   13.56202    
 1933   13.57613    
 1934   13.62338    
 1935   13.68384    
 1936   13.65761    
 1937   13.65012    
 1938   13.59512    
 1939   13.77077    
 1940   13.70076    
 1941   13.72588    
 1942   13.60432    
 1943   13.74752    
 1944   13.70567    
 1945   13.61566    
 1946   13.62418    
 1947   13.59055    
 1948   13.71167    
 1949   13.50399    
 1950   13.50325    
 1951   13.46609    
 1952   13.48868    
 1953   13.62133    
 1954   13.66503    
 1955   13.53925    
 1956   13.67185    
 1957   13.60353    
 1958   13.77064    
 1959   13.59166    
 1960   13.47056    
 1961   13.60752    
 1962   13.65646    
 1963   13.57287    
 1964   13.55233    
 1965   13.54750    
 1966   13.46696    
 1967   13.62071    
 1968   13.53504    
 1969   13.54847    
 1970   13.61298    
 1971   13.60921    
 1972   13.58839    
 1973   13.56984    
 1974   13.62776    
 1975   13.66832    
 1976   13.71232    
 1977   13.73385    
 1978   13.86120    
 1979   13.97915    
 1980   13.91546    
 1981   13.83837    
 1982   13.70005    
 1983   13.63246    
 1984   13.68856    
 1985   13.92772    
 1986   13.81805    
 1987   13.77829    
 1988   13.93407    
 1989   14.02007    
 1990   14.00186    
 1991   13.97863    
 1992   13.61887    
 1993   13.67678    
 1994   13.64414    
 1995   13.92007    
 1996   14.03009    
 1997   13.95368    
 1998   14.03036    
 1999   14.03527    
 2000   13.97143    
 2001   14.17125    
 2002   14.07447    
 2003   14.03295    
 2004   14.10851    
 2005   14.22995    
 2006   14.25378    
 2007   14.28764    
 2008   14.47301    
 2009   14.38978    
 2010   14.44318    
 2011   14.49569    
 2012   14.40475    
 2013   14.47914    
 2014   14.53365    
 2015   14.59999    
 2016   14.49156    
 2017   14.56725    
 2018   14.61809    
 2019   14.56029    
 2020   14.60681    
 2021   14.76817    
 2022   14.64816    
 2023   14.77649    
 2024   15.02373    
 2025   14.94519    
 2026   15.17161    
 2027   15.17081    
 2028   15.12854    
 2029   15.25587    
 2030   15.21807    
 2031   14.99394    
 2032   15.24231    
 2033   15.26808    
 2034   15.11156    
 2035   15.17006    
 2036   15.26145    
 2037   15.26931    
 2038   15.35797    
 2039   15.40321    
 2040   15.30531    
 2041   15.45378    
 2042   15.48487    
 2043   15.57205    
 2044   15.57491    
 2045   15.70836    
 2046   15.58370    
 2047   15.48136    
 2048   15.70550    
 2049   15.78516    
 2050   15.82783    
 2051   15.85595    
 2052   15.89413    
 2053   15.90224    
 2054   15.89592    
 2055   15.90898    
 2056   16.04275    
 2057   16.03692    
 2058   16.05148    
 2059   16.18150    
 2060   16.25011    
 2061   16.14502    
 2062   16.09644    
 2063   16.22174    
 2064   16.25981    
 2065   16.32486    
 2066   16.21539    
 2067   16.03128    
 2068   16.12692    
 2069   16.10964    
 2070   16.05360    
 2071   16.21863    
 2072   16.38422    
 2073   16.41873    
 2074   16.29054    
 2075   16.35494    
 2076   16.38325    
 2077   16.40555    
 2078   16.45315    
 2079   16.47096    
 2080   16.47082    
 2081   16.40910    
 2082   16.54709    
 2083   16.63066    
 2084   16.66364    
 2085   16.54423    
 2086   16.49689    
 2087   16.49171    
 2088   16.55275    
 2089   16.61021    
 2090   16.48261    
 2091   16.52302    
 2092   16.53208    
 2093   16.38597    
 2094   16.47481    
 2095   16.40829    
 2096   16.56855    
 2097   16.66484    
 2098   16.58104    
 2099   16.51551    
 2100   16.64202    
