# daily2longer    1 mea
# <a href=http://cmip-pcmdi.llnl.gov/cmip5/>CMIP5</a> global mean temperature computed at <a href=http://www.knmi.nl/selectfield_cmip5.cgi?someone@somewhere>KNMI Climate Explorer</a> tas_Amon_bcc-csm1-1-m_rcp45_r1i1p1
# cutting out region lon=   -0.562  359.438, lat=  -89.698   89.698
# file :: /data/storage/climexp/data/iglobal_tas_Amon_mod_rcp45_002_mean1_anom.dat
# description :: CMIP5 RCP45 models Tglobal
# comment :: daily2longer    1 mea, <a href=http://cmip-pcmdi.llnl.gov/cmip5/>CMIP5</a> global mean temperature computed at <a href=http://www.knmi.nl/selectfield_cmip5.cgi?someone@somewhere>KNMI Climate Explorer</a> tas_Amon_bcc-csm1-1-m_rcp45_r1i1p1, cutting out region lon=   -0.562  359.438, lat=  -89.698   89.698, via the KNMI Climate Explorer (http://climexp.knmi.nl)
# institution :: KNMI Climate Explorer
# history ::  2018-05-21  9:17:02 bin/selectyear 1850 2100 data/iglobal_tas_Amon_mod_rcp45_002_mean1_anom.dat global_tas_Amon_mod_rcp45_+++_mean1_anom_1850:2100\n 2018-05-21  9:16:29 dat2nc ./data/iglobal_tas_Amon_mod_rcp45_002_mean1_anom.dat i CMIP5_RCP45_models_Tglobal ./data/iglobal_tas_Amon_mod_rcp45_002_mean1_anom.nc n
# tas [Celsius] from bcc-csm1-1-m model output prepared for CMIP5 RCP4.5 r1i1p1
 1850   13.92935    
 1851   14.03657    
 1852   13.97500    
 1853   14.13969    
 1854   14.30899    
 1855   14.18640    
 1856   14.34612    
 1857   14.01630    
 1858   14.01338    
 1859   14.26659    
 1860   14.24080    
 1861   14.18336    
 1862   14.26644    
 1863   14.28367    
 1864   14.38994    
 1865   14.20778    
 1866   14.26146    
 1867   14.38256    
 1868   14.36555    
 1869   14.41782    
 1870   14.39976    
 1871   14.46128    
 1872   14.45405    
 1873   14.49202    
 1874   14.52546    
 1875   14.43292    
 1876   14.48393    
 1877   14.50606    
 1878   14.51931    
 1879   14.60654    
 1880   14.59564    
 1881   14.65811    
 1882   14.48707    
 1883   14.61281    
 1884   14.24816    
 1885   14.04786    
 1886   14.24471    
 1887   14.30176    
 1888   14.27216    
 1889   14.50476    
 1890   14.50806    
 1891   14.17211    
 1892   14.48034    
 1893   14.44745    
 1894   14.59305    
 1895   14.55870    
 1896   14.41188    
 1897   14.53448    
 1898   14.54185    
 1899   14.71157    
 1900   14.73888    
 1901   14.65569    
 1902   14.64196    
 1903   14.24199    
 1904   14.30201    
 1905   14.36665    
 1906   14.52993    
 1907   14.63526    
 1908   14.58002    
 1909   14.60606    
 1910   14.59665    
 1911   14.63602    
 1912   14.70207    
 1913   14.56259    
 1914   14.57307    
 1915   14.61217    
 1916   14.72547    
 1917   14.60403    
 1918   14.87045    
 1919   14.62800    
 1920   14.78764    
 1921   14.82059    
 1922   14.70885    
 1923   14.72069    
 1924   14.69661    
 1925   14.62116    
 1926   14.58418    
 1927   14.66375    
 1928   14.60619    
 1929   14.52894    
 1930   14.62707    
 1931   14.66811    
 1932   14.75209    
 1933   14.66999    
 1934   14.64236    
 1935   14.77003    
 1936   14.60697    
 1937   14.57435    
 1938   14.55885    
 1939   14.75477    
 1940   14.69274    
 1941   14.65757    
 1942   14.68569    
 1943   14.64417    
 1944   14.61482    
 1945   14.75309    
 1946   14.73525    
 1947   14.69975    
 1948   14.71717    
 1949   14.80261    
 1950   14.63656    
 1951   14.80685    
 1952   14.85308    
 1953   14.69955    
 1954   14.67080    
 1955   14.83345    
 1956   14.81250    
 1957   14.82908    
 1958   14.78182    
 1959   14.73860    
 1960   14.75993    
 1961   14.77814    
 1962   14.88608    
 1963   14.66906    
 1964   14.52384    
 1965   14.71441    
 1966   14.76856    
 1967   14.75969    
 1968   14.70295    
 1969   14.85466    
 1970   14.87481    
 1971   14.83111    
 1972   14.92621    
 1973   14.85700    
 1974   14.84741    
 1975   14.93500    
 1976   14.87488    
 1977   14.90162    
 1978   14.92748    
 1979   14.96741    
 1980   15.13474    
 1981   15.11083    
 1982   14.92209    
 1983   14.90469    
 1984   14.92948    
 1985   14.97711    
 1986   15.07298    
 1987   15.15858    
 1988   15.15439    
 1989   15.34529    
 1990   15.33283    
 1991   15.16830    
 1992   14.88152    
 1993   14.98580    
 1994   15.08643    
 1995   15.17345    
 1996   15.43278    
 1997   15.32966    
 1998   15.54770    
 1999   15.54212    
 2000   15.46460    
 2001   15.65897    
 2002   15.77961    
 2003   15.75562    
 2004   15.75191    
 2005   15.87983    
 2006   15.79573    
 2007   15.75154    
 2008   15.76163    
 2009   15.72111    
 2010   15.59858    
 2011   15.75432    
 2012   15.80759    
 2013   15.99711    
 2014   15.81982    
 2015   15.93159    
 2016   15.97044    
 2017   16.04660    
 2018   16.01786    
 2019   16.17687    
 2020   16.20737    
 2021   16.19241    
 2022   16.12018    
 2023   16.18976    
 2024   16.12986    
 2025   16.05638    
 2026   16.10069    
 2027   16.21490    
 2028   16.20125    
 2029   16.25547    
 2030   16.30299    
 2031   16.25462    
 2032   16.36817    
 2033   16.36015    
 2034   16.42799    
 2035   16.48072    
 2036   16.36489    
 2037   16.41970    
 2038   16.53323    
 2039   16.46505    
 2040   16.48174    
 2041   16.50566    
 2042   16.50402    
 2043   16.50234    
 2044   16.56580    
 2045   16.47124    
 2046   16.42052    
 2047   16.48081    
 2048   16.49287    
 2049   16.47167    
 2050   16.52522    
 2051   16.47915    
 2052   16.51837    
 2053   16.56637    
 2054   16.42057    
 2055   16.56615    
 2056   16.50989    
 2057   16.55286    
 2058   16.60870    
 2059   16.55414    
 2060   16.69544    
 2061   16.63191    
 2062   16.63295    
 2063   16.54376    
 2064   16.69031    
 2065   16.73833    
 2066   16.77860    
 2067   16.88228    
 2068   16.80394    
 2069   16.71680    
 2070   16.75823    
 2071   16.67302    
 2072   16.73030    
 2073   16.83514    
 2074   16.66622    
 2075   16.70731    
 2076   16.67696    
 2077   16.88037    
 2078   16.92768    
 2079   16.87798    
 2080   16.95628    
 2081   16.86557    
 2082   16.91766    
 2083   16.76545    
 2084   16.99259    
 2085   16.76899    
 2086   16.71140    
 2087   16.67243    
 2088   16.96006    
 2089   16.90319    
 2090   16.72102    
 2091   16.79559    
 2092   16.75765    
 2093   16.89171    
 2094   16.87250    
 2095   16.79109    
 2096   16.87385    
 2097   16.91101    
 2098   16.93748    
 2099   16.95705    
 2100   16.87396    
