# daily2longer    1 mea
# ensemble mea of file global_tas_Amon_MPI-ESM-MR_rcp45_%%.dat
# using members   0 to   2
# <a href=http://cmip-pcmdi.llnl.gov/cmip5/>CMIP5</a> global mean temperature computed at <a href=http://www.knmi.nl/selectfield_cmip5.cgi?someone@somewhere>KNMI Climate Explorer</a> tas_Amon_MPI-ESM-MR_rcp45_r1i1p1
# cutting out region lon=   -0.938  359.062, lat=  -89.497   89.497
# file :: /data/storage/climexp/data/iglobal_tas_Amon_mod_rcp45_038_mean1_anom.dat
# description :: CMIP5 RCP45 models Tglobal
# comment :: daily2longer    1 mea, ensemble mea of file global_tas_Amon_MPI-ESM-MR_rcp45_%%.dat, using members   0 to   2, <a href=http://cmip-pcmdi.llnl.gov/cmip5/>CMIP5</a> global mean temperature computed at <a href=http://www.knmi.nl/selectfield_cmip5.cgi?someone@somewhere>KNMI Climate Explorer</a> tas_Amon_MPI-ESM-MR_rcp45_r1i1p1, cutting out region lon=   -0.938  359.062, lat=  -89.497   89.497, via the KNMI Climate Explorer (http://climexp.knmi.nl)
# institution :: KNMI Climate Explorer
# history ::  2018-05-21  9:17:04 bin/selectyear 1850 2100 data/iglobal_tas_Amon_mod_rcp45_038_mean1_anom.dat global_tas_Amon_mod_rcp45_+++_mean1_anom_1850:2100\n 2018-05-21  9:16:32 dat2nc ./data/iglobal_tas_Amon_mod_rcp45_038_mean1_anom.dat i CMIP5_RCP45_models_Tglobal ./data/iglobal_tas_Amon_mod_rcp45_038_mean1_anom.nc n
# tas [Celsius] from MPI-ESM-MR model output prepared for CMIP5 RCP4.5 r1i1p1
 1850   13.77172    
 1851   13.75292    
 1852   13.76456    
 1853   13.75894    
 1854   13.77553    
 1855   13.80618    
 1856   13.64867    
 1857   13.54928    
 1858   13.61637    
 1859   13.69673    
 1860   13.72974    
 1861   13.62017    
 1862   13.68138    
 1863   13.70373    
 1864   13.70064    
 1865   13.71293    
 1866   13.80755    
 1867   13.74330    
 1868   13.69353    
 1869   13.65365    
 1870   13.72596    
 1871   13.72239    
 1872   13.62057    
 1873   13.64953    
 1874   13.75007    
 1875   13.76103    
 1876   13.63614    
 1877   13.66736    
 1878   13.63328    
 1879   13.69552    
 1880   13.73588    
 1881   13.70972    
 1882   13.73937    
 1883   13.62599    
 1884   13.41148    
 1885   13.39839    
 1886   13.37405    
 1887   13.41553    
 1888   13.49808    
 1889   13.49172    
 1890   13.44364    
 1891   13.41928    
 1892   13.41645    
 1893   13.52048    
 1894   13.54977    
 1895   13.59039    
 1896   13.64704    
 1897   13.58462    
 1898   13.57123    
 1899   13.60772    
 1900   13.66078    
 1901   13.71730    
 1902   13.73062    
 1903   13.62048    
 1904   13.59652    
 1905   13.65354    
 1906   13.67634    
 1907   13.71682    
 1908   13.69507    
 1909   13.67544    
 1910   13.73447    
 1911   13.70018    
 1912   13.67711    
 1913   13.56655    
 1914   13.64692    
 1915   13.71519    
 1916   13.66921    
 1917   13.70821    
 1918   13.72988    
 1919   13.76452    
 1920   13.86313    
 1921   13.77974    
 1922   13.82784    
 1923   13.77275    
 1924   13.81184    
 1925   13.82039    
 1926   13.84277    
 1927   13.84924    
 1928   13.78291    
 1929   13.79246    
 1930   13.83276    
 1931   13.80611    
 1932   13.77112    
 1933   13.75543    
 1934   13.82254    
 1935   13.86285    
 1936   13.81995    
 1937   13.83620    
 1938   13.87672    
 1939   13.84850    
 1940   13.78697    
 1941   13.81412    
 1942   13.78904    
 1943   13.84395    
 1944   13.91642    
 1945   13.98634    
 1946   13.94868    
 1947   13.93513    
 1948   13.97941    
 1949   13.96653    
 1950   13.93597    
 1951   13.90245    
 1952   13.91666    
 1953   13.97172    
 1954   13.92375    
 1955   13.95152    
 1956   13.98246    
 1957   14.04905    
 1958   14.01125    
 1959   13.97725    
 1960   13.97868    
 1961   14.06791    
 1962   14.07217    
 1963   13.92620    
 1964   13.78345    
 1965   13.75153    
 1966   13.84688    
 1967   13.98633    
 1968   13.96247    
 1969   13.98282    
 1970   14.03889    
 1971   14.09575    
 1972   14.02576    
 1973   14.07216    
 1974   14.08826    
 1975   14.10359    
 1976   14.03014    
 1977   14.05878    
 1978   14.16887    
 1979   14.18412    
 1980   14.21977    
 1981   14.23863    
 1982   14.21856    
 1983   14.06182    
 1984   14.16418    
 1985   14.20202    
 1986   14.28652    
 1987   14.32671    
 1988   14.36535    
 1989   14.41936    
 1990   14.44196    
 1991   14.46573    
 1992   14.13851    
 1993   14.24407    
 1994   14.25967    
 1995   14.35419    
 1996   14.44031    
 1997   14.64104    
 1998   14.64302    
 1999   14.60481    
 2000   14.66087    
 2001   14.68833    
 2002   14.70939    
 2003   14.68670    
 2004   14.75845    
 2005   14.73272    
 2006   14.73039    
 2007   14.81852    
 2008   14.87552    
 2009   14.88512    
 2010   14.83839    
 2011   14.82016    
 2012   14.84861    
 2013   14.94442    
 2014   14.94989    
 2015   14.98868    
 2016   15.03297    
 2017   15.00376    
 2018   15.07364    
 2019   15.04247    
 2020   15.12009    
 2021   15.16839    
 2022   15.13383    
 2023   15.14747    
 2024   15.20960    
 2025   15.28331    
 2026   15.28561    
 2027   15.32200    
 2028   15.28791    
 2029   15.26844    
 2030   15.24912    
 2031   15.24957    
 2032   15.28187    
 2033   15.29629    
 2034   15.33061    
 2035   15.31751    
 2036   15.37893    
 2037   15.45954    
 2038   15.57030    
 2039   15.58606    
 2040   15.51869    
 2041   15.42735    
 2042   15.40557    
 2043   15.47593    
 2044   15.50425    
 2045   15.57747    
 2046   15.58048    
 2047   15.70270    
 2048   15.66260    
 2049   15.59497    
 2050   15.65111    
 2051   15.70664    
 2052   15.74601    
 2053   15.76907    
 2054   15.71787    
 2055   15.78863    
 2056   15.91108    
 2057   15.89100    
 2058   15.81475    
 2059   15.88721    
 2060   15.91852    
 2061   15.92142    
 2062   15.99532    
 2063   15.98603    
 2064   15.94487    
 2065   15.97530    
 2066   16.03873    
 2067   16.10914    
 2068   16.01826    
 2069   15.99430    
 2070   15.96619    
 2071   16.04833    
 2072   16.04562    
 2073   16.01791    
 2074   16.09688    
 2075   16.10600    
 2076   16.09840    
 2077   16.18613    
 2078   16.25211    
 2079   16.02703    
 2080   15.91791    
 2081   16.14182    
 2082   16.25966    
 2083   16.16051    
 2084   16.10870    
 2085   16.10740    
 2086   16.12513    
 2087   16.12049    
 2088   16.15051    
 2089   16.12773    
 2090   16.19004    
 2091   16.23591    
 2092   16.18244    
 2093   16.15508    
 2094   16.18979    
 2095   16.21486    
 2096   16.19703    
 2097   16.16926    
 2098   16.31326    
 2099   16.24410    
 2100   16.16020    
