# daily2longer    1 mea
# <a href=http://cmip-pcmdi.llnl.gov/cmip5/>CMIP5</a> global mean temperature computed at <a href=http://www.knmi.nl/selectfield_cmip5.cgi?someone@somewhere>KNMI Climate Explorer</a> tas_Amon_GISS-E2-R_rcp45_r1i1p2
# cutting out region lon=    0.000  360.000, lat=  -90.000   90.000
# file :: /data/storage/climexp/data/iglobal_tas_Amon_mod_rcp45_025_mean1_anom.dat
# description :: CMIP5 RCP45 models Tglobal
# comment :: daily2longer    1 mea, <a href=http://cmip-pcmdi.llnl.gov/cmip5/>CMIP5</a> global mean temperature computed at <a href=http://www.knmi.nl/selectfield_cmip5.cgi?someone@somewhere>KNMI Climate Explorer</a> tas_Amon_GISS-E2-R_rcp45_r1i1p2, cutting out region lon=    0.000  360.000, lat=  -90.000   90.000, via the KNMI Climate Explorer (http://climexp.knmi.nl)
# institution :: KNMI Climate Explorer
# history ::  2018-05-21  9:17:03 bin/selectyear 1850 2100 data/iglobal_tas_Amon_mod_rcp45_025_mean1_anom.dat global_tas_Amon_mod_rcp45_+++_mean1_anom_1850:2100\n 2018-05-21  9:16:31 dat2nc ./data/iglobal_tas_Amon_mod_rcp45_025_mean1_anom.dat i CMIP5_RCP45_models_Tglobal ./data/iglobal_tas_Amon_mod_rcp45_025_mean1_anom.nc n
# tas [Celsius] from GISS-E2-R model output prepared for CMIP5 RCP4.5 r1i1p2
 1850   14.43773    
 1851   14.56478    
 1852   14.50725    
 1853   14.56789    
 1854   14.35911    
 1855   14.41815    
 1856   14.39180    
 1857   14.25714    
 1858   14.32341    
 1859   14.32267    
 1860   14.45191    
 1861   14.51234    
 1862   14.35316    
 1863   14.43183    
 1864   14.48315    
 1865   14.35377    
 1866   14.25566    
 1867   14.44406    
 1868   14.57086    
 1869   14.57901    
 1870   14.68609    
 1871   14.56757    
 1872   14.64535    
 1873   14.61195    
 1874   14.59066    
 1875   14.56880    
 1876   14.56853    
 1877   14.55427    
 1878   14.48331    
 1879   14.48477    
 1880   14.56580    
 1881   14.65159    
 1882   14.52020    
 1883   14.54537    
 1884   14.17701    
 1885   14.19261    
 1886   14.41340    
 1887   14.32816    
 1888   14.38462    
 1889   14.30118    
 1890   14.44925    
 1891   14.42676    
 1892   14.38981    
 1893   14.47111    
 1894   14.57468    
 1895   14.64719    
 1896   14.53313    
 1897   14.57883    
 1898   14.54523    
 1899   14.61329    
 1900   14.58481    
 1901   14.53059    
 1902   14.48801    
 1903   14.43796    
 1904   14.40877    
 1905   14.51131    
 1906   14.44739    
 1907   14.44281    
 1908   14.49088    
 1909   14.47374    
 1910   14.55155    
 1911   14.61701    
 1912   14.57534    
 1913   14.40766    
 1914   14.50159    
 1915   14.57332    
 1916   14.56862    
 1917   14.58409    
 1918   14.63345    
 1919   14.61268    
 1920   14.55569    
 1921   14.57581    
 1922   14.66478    
 1923   14.62979    
 1924   14.64245    
 1925   14.53068    
 1926   14.63513    
 1927   14.70335    
 1928   14.63955    
 1929   14.69347    
 1930   14.70918    
 1931   14.75472    
 1932   14.79057    
 1933   14.68777    
 1934   14.78512    
 1935   14.81862    
 1936   14.77440    
 1937   14.85211    
 1938   14.83690    
 1939   14.81686    
 1940   14.76884    
 1941   14.87151    
 1942   14.74023    
 1943   14.68999    
 1944   14.80782    
 1945   14.78442    
 1946   14.75605    
 1947   14.84182    
 1948   14.87315    
 1949   14.85962    
 1950   14.78257    
 1951   14.69456    
 1952   14.75199    
 1953   14.77884    
 1954   14.85131    
 1955   14.80400    
 1956   14.77635    
 1957   14.75452    
 1958   14.85135    
 1959   14.83437    
 1960   14.82251    
 1961   14.84050    
 1962   14.82784    
 1963   14.79662    
 1964   14.65985    
 1965   14.59698    
 1966   14.73019    
 1967   14.78784    
 1968   14.83819    
 1969   14.71909    
 1970   14.67283    
 1971   14.83461    
 1972   14.90013    
 1973   14.86492    
 1974   14.77044    
 1975   14.84141    
 1976   14.81649    
 1977   14.71476    
 1978   14.92874    
 1979   14.90507    
 1980   14.93397    
 1981   15.05912    
 1982   14.93049    
 1983   14.74979    
 1984   14.77005    
 1985   14.81373    
 1986   14.91362    
 1987   14.87367    
 1988   14.94743    
 1989   14.98373    
 1990   15.05328    
 1991   14.89254    
 1992   14.52789    
 1993   14.65500    
 1994   14.82391    
 1995   14.94836    
 1996   14.92318    
 1997   15.04359    
 1998   14.99331    
 1999   15.08538    
 2000   15.12989    
 2001   15.20755    
 2002   15.22494    
 2003   15.39180    
 2004   15.30723    
 2005   15.31084    
 2006   15.32187    
 2007   15.31184    
 2008   15.32956    
 2009   15.21065    
 2010   15.24572    
 2011   15.33237    
 2012   15.43192    
 2013   15.37106    
 2014   15.37453    
 2015   15.42871    
 2016   15.35856    
 2017   15.38032    
 2018   15.44899    
 2019   15.36056    
 2020   15.42273    
 2021   15.46973    
 2022   15.50107    
 2023   15.57521    
 2024   15.53261    
 2025   15.47049    
 2026   15.49471    
 2027   15.58157    
 2028   15.66676    
 2029   15.66735    
 2030   15.68230    
 2031   15.77317    
 2032   15.60172    
 2033   15.62263    
 2034   15.67238    
 2035   15.75266    
 2036   15.73729    
 2037   15.85636    
 2038   15.78296    
 2039   15.79340    
 2040   15.94840    
 2041   15.90369    
 2042   15.82165    
 2043   15.85746    
 2044   15.88903    
 2045   15.93247    
 2046   15.89709    
 2047   16.01348    
 2048   15.96786    
 2049   15.96263    
 2050   16.01255    
 2051   16.00350    
 2052   15.92966    
 2053   16.02203    
 2054   16.05418    
 2055   16.06819    
 2056   16.12498    
 2057   16.05866    
 2058   16.05205    
 2059   16.05110    
 2060   16.06344    
 2061   16.11674    
 2062   16.12332    
 2063   16.11305    
 2064   16.13834    
 2065   16.20028    
 2066   16.17238    
 2067   16.18104    
 2068   16.20734    
 2069   16.13376    
 2070   16.14263    
 2071   16.16366    
 2072   16.17457    
 2073   16.17907    
 2074   16.23858    
 2075   16.18284    
 2076   16.19120    
 2077   16.18780    
 2078   16.14639    
 2079   16.23774    
 2080   16.19855    
 2081   16.39739    
 2082   16.36125    
 2083   16.36563    
 2084   16.32089    
 2085   16.36011    
 2086   16.43219    
 2087   16.37164    
 2088   16.36049    
 2089   16.44891    
 2090   16.41078    
 2091   16.34851    
 2092   16.30222    
 2093   16.34528    
 2094   16.23462    
 2095   16.32289    
 2096   16.33775    
 2097   16.30322    
 2098   16.34186    
 2099   16.42318    
 2100   16.44216    
