# daily2longer    1 mea
# <a href=http://cmip-pcmdi.llnl.gov/cmip5/>CMIP5</a> global mean temperature computed at <a href=http://www.knmi.nl/selectfield_cmip5.cgi?someone@somewhere>KNMI Climate Explorer</a> tas_Amon_HadGEM2-AO_rcp45_r1i1p1
# cutting out region lon=   -0.938  359.062, lat=  -90.000   90.000
# file :: /data/storage/climexp/data/iglobal_tas_Amon_mod_rcp45_027_mean1_anom.dat
# description :: CMIP5 RCP45 models Tglobal
# comment :: daily2longer    1 mea, <a href=http://cmip-pcmdi.llnl.gov/cmip5/>CMIP5</a> global mean temperature computed at <a href=http://www.knmi.nl/selectfield_cmip5.cgi?someone@somewhere>KNMI Climate Explorer</a> tas_Amon_HadGEM2-AO_rcp45_r1i1p1, cutting out region lon=   -0.938  359.062, lat=  -90.000   90.000, via the KNMI Climate Explorer (http://climexp.knmi.nl)
# institution :: KNMI Climate Explorer
# history ::  2018-05-21  9:17:03 bin/selectyear 1850 2100 data/iglobal_tas_Amon_mod_rcp45_027_mean1_anom.dat global_tas_Amon_mod_rcp45_+++_mean1_anom_1850:2100\n 2018-05-21  9:16:31 dat2nc ./data/iglobal_tas_Amon_mod_rcp45_027_mean1_anom.dat i CMIP5_RCP45_models_Tglobal ./data/iglobal_tas_Amon_mod_rcp45_027_mean1_anom.nc n
# tas [Celsius] from HadGEM2-AO model output prepared for CMIP5 RCP4.5 r1i1p1
 1860   13.93193    
 1861   13.92228    
 1862   13.98455    
 1863   14.07157    
 1864   13.99425    
 1865   14.08602    
 1866   14.05984    
 1867   14.02530    
 1868   13.99839    
 1869   14.00361    
 1870   13.97709    
 1871   14.03760    
 1872   14.06162    
 1873   14.06478    
 1874   13.98098    
 1875   13.93137    
 1876   13.73294    
 1877   13.92884    
 1878   13.92569    
 1879   13.95590    
 1880   13.99406    
 1881   14.15651    
 1882   14.15988    
 1883   14.07327    
 1884   13.78127    
 1885   13.81541    
 1886   13.91803    
 1887   13.93563    
 1888   13.84328    
 1889   13.73944    
 1890   13.63329    
 1891   13.50337    
 1892   13.66396    
 1893   13.68805    
 1894   13.80983    
 1895   13.87457    
 1896   13.85354    
 1897   14.00768    
 1898   14.03789    
 1899   14.06042    
 1900   13.96087    
 1901   13.88119    
 1902   13.85009    
 1903   13.59148    
 1904   13.56932    
 1905   13.81375    
 1906   13.86888    
 1907   13.92306    
 1908   13.98780    
 1909   13.94931    
 1910   13.86097    
 1911   13.93617    
 1912   13.87365    
 1913   13.74637    
 1914   13.80136    
 1915   13.92437    
 1916   13.84819    
 1917   13.98624    
 1918   14.06069    
 1919   14.15196    
 1920   14.24599    
 1921   14.08266    
 1922   14.16768    
 1923   14.17810    
 1924   14.05493    
 1925   14.04454    
 1926   13.96754    
 1927   14.19814    
 1928   14.12059    
 1929   14.11211    
 1930   14.04553    
 1931   13.97771    
 1932   14.16137    
 1933   14.05992    
 1934   14.04692    
 1935   14.01817    
 1936   14.16733    
 1937   14.25002    
 1938   14.21109    
 1939   14.23239    
 1940   14.18346    
 1941   14.28261    
 1942   14.28862    
 1943   14.12964    
 1944   14.07927    
 1945   14.18027    
 1946   14.22415    
 1947   14.29174    
 1948   14.25991    
 1949   14.35077    
 1950   14.33271    
 1951   14.25330    
 1952   14.22495    
 1953   14.19633    
 1954   14.05407    
 1955   14.10359    
 1956   14.15126    
 1957   14.23758    
 1958   14.22959    
 1959   14.25022    
 1960   14.19663    
 1961   14.13360    
 1962   14.17210    
 1963   14.08851    
 1964   13.80481    
 1965   13.76023    
 1966   13.89850    
 1967   13.97003    
 1968   13.92928    
 1969   13.93723    
 1970   13.99418    
 1971   13.91568    
 1972   13.96115    
 1973   14.05548    
 1974   14.07535    
 1975   13.90012    
 1976   13.91848    
 1977   13.92151    
 1978   13.96400    
 1979   14.12055    
 1980   14.20371    
 1981   14.26370    
 1982   14.10347    
 1983   14.04457    
 1984   14.10399    
 1985   14.40992    
 1986   14.32316    
 1987   14.30861    
 1988   14.42960    
 1989   14.43092    
 1990   14.44353    
 1991   14.28831    
 1992   14.14643    
 1993   14.24730    
 1994   14.21379    
 1995   14.19977    
 1996   14.36693    
 1997   14.56371    
 1998   14.54899    
 1999   14.61306    
 2000   14.62682    
 2001   14.73573    
 2002   14.83303    
 2003   14.88103    
 2004   14.95296    
 2005   15.07865    
 2006   15.14944    
 2007   14.94725    
 2008   14.88106    
 2009   15.00850    
 2010   15.04196    
 2011   15.02195    
 2012   15.18165    
 2013   15.33136    
 2014   15.29569    
 2015   15.16245    
 2016   15.21375    
 2017   15.12192    
 2018   15.07621    
 2019   15.17114    
 2020   15.11361    
 2021   15.21337    
 2022   15.24779    
 2023   15.42130    
 2024   15.45381    
 2025   15.39594    
 2026   15.36760    
 2027   15.42601    
 2028   15.36376    
 2029   15.36275    
 2030   15.51189    
 2031   15.64135    
 2032   15.62047    
 2033   15.63196    
 2034   15.71753    
 2035   15.68597    
 2036   15.82576    
 2037   15.81945    
 2038   15.77425    
 2039   15.72509    
 2040   15.85261    
 2041   15.89166    
 2042   15.89055    
 2043   15.92691    
 2044   15.98018    
 2045   15.96992    
 2046   15.91366    
 2047   15.95182    
 2048   15.85392    
 2049   16.06971    
 2050   15.98451    
 2051   16.14215    
 2052   16.14850    
 2053   16.32792    
 2054   16.24800    
 2055   16.30167    
 2056   16.26465    
 2057   16.41332    
 2058   16.37781    
 2059   16.45542    
 2060   16.35901    
 2061   16.43571    
 2062   16.36572    
 2063   16.42160    
 2064   16.51168    
 2065   16.57933    
 2066   16.53487    
 2067   16.55686    
 2068   16.71919    
 2069   16.81998    
 2070   16.84564    
 2071   16.76768    
 2072   16.78512    
 2073   16.80019    
 2074   16.60556    
 2075   16.62498    
 2076   16.63467    
 2077   16.79333    
 2078   16.81082    
 2079   16.76299    
 2080   16.75898    
 2081   16.72902    
 2082   16.89953    
 2083   16.66663    
 2084   16.88578    
 2085   16.92246    
 2086   16.91742    
 2087   16.98283    
 2088   16.91906    
 2089   16.95026    
 2090   16.97334    
 2091   16.89761    
 2092   17.03405    
 2093   16.88703    
 2094   16.85078    
 2095   16.78266    
 2096   16.82667    
 2097   16.94495    
 2098   17.17004    
 2099   17.03274    
 2100   16.99529    
