# daily2longer    1 mea
# <a href=http://cmip-pcmdi.llnl.gov/cmip5/>CMIP5</a> global mean temperature computed at <a href=http://www.knmi.nl/selectfield_cmip5.cgi?someone@somewhere>KNMI Climate Explorer</a> tas_Amon_ACCESS1-0_rcp45_r1i1p1
# cutting out region lon=   -0.938  359.062, lat=  -90.000   90.000
# file :: /data/storage/climexp/data/iglobal_tas_Amon_mod_rcp45_000_mean1_anom.dat
# description :: CMIP5 RCP45 models Tglobal
# comment :: daily2longer    1 mea, <a href=http://cmip-pcmdi.llnl.gov/cmip5/>CMIP5</a> global mean temperature computed at <a href=http://www.knmi.nl/selectfield_cmip5.cgi?someone@somewhere>KNMI Climate Explorer</a> tas_Amon_ACCESS1-0_rcp45_r1i1p1, cutting out region lon=   -0.938  359.062, lat=  -90.000   90.000, via the KNMI Climate Explorer (http://climexp.knmi.nl)
# institution :: KNMI Climate Explorer
# history ::  2018-05-21  9:17:02 bin/selectyear 1850 2100 data/iglobal_tas_Amon_mod_rcp45_000_mean1_anom.dat global_tas_Amon_mod_rcp45_+++_mean1_anom_1850:2100\n 2018-05-21  9:16:29 dat2nc ./data/iglobal_tas_Amon_mod_rcp45_000_mean1_anom.dat i CMIP5_RCP45_models_Tglobal ./data/iglobal_tas_Amon_mod_rcp45_000_mean1_anom.nc n
# tas [Celsius] from ACCESS1-0 model output prepared for CMIP5 RCP4.5 r1i1p1
 1850   13.73844    
 1851   13.63101    
 1852   13.65145    
 1853   13.84332    
 1854   13.88360    
 1855   13.84687    
 1856   13.77638    
 1857   13.70611    
 1858   13.66358    
 1859   13.61267    
 1860   13.75776    
 1861   13.71625    
 1862   13.66867    
 1863   13.78445    
 1864   13.79680    
 1865   13.69498    
 1866   13.60056    
 1867   13.75047    
 1868   13.69232    
 1869   13.85584    
 1870   13.72734    
 1871   13.76869    
 1872   13.65158    
 1873   13.70225    
 1874   13.81123    
 1875   13.74168    
 1876   13.68855    
 1877   13.64493    
 1878   13.80820    
 1879   13.81660    
 1880   13.67649    
 1881   13.61703    
 1882   13.70867    
 1883   13.43049    
 1884   13.29879    
 1885   13.37203    
 1886   13.31947    
 1887   13.56014    
 1888   13.56549    
 1889   13.37158    
 1890   13.40229    
 1891   13.33585    
 1892   13.54543    
 1893   13.48880    
 1894   13.53547    
 1895   13.52249    
 1896   13.48732    
 1897   13.67108    
 1898   13.80580    
 1899   13.78494    
 1900   13.73937    
 1901   13.75490    
 1902   13.69891    
 1903   13.64207    
 1904   13.66342    
 1905   13.62719    
 1906   13.55401    
 1907   13.64786    
 1908   13.64493    
 1909   13.75912    
 1910   13.73245    
 1911   13.51446    
 1912   13.63276    
 1913   13.51461    
 1914   13.65328    
 1915   13.72807    
 1916   13.76185    
 1917   13.86512    
 1918   13.81379    
 1919   13.92849    
 1920   13.83951    
 1921   13.74636    
 1922   13.83570    
 1923   13.94737    
 1924   13.94993    
 1925   13.78910    
 1926   13.89389    
 1927   13.86415    
 1928   13.91382    
 1929   13.87714    
 1930   13.83757    
 1931   13.83710    
 1932   13.74710    
 1933   13.72570    
 1934   13.66335    
 1935   13.66841    
 1936   13.60328    
 1937   13.72094    
 1938   13.67931    
 1939   13.75010    
 1940   13.67167    
 1941   13.71864    
 1942   13.84316    
 1943   13.84346    
 1944   13.78340    
 1945   13.82776    
 1946   13.98355    
 1947   13.96678    
 1948   13.90261    
 1949   14.00467    
 1950   14.03347    
 1951   14.07711    
 1952   13.96492    
 1953   13.96792    
 1954   13.86448    
 1955   13.98056    
 1956   13.98481    
 1957   13.91324    
 1958   13.90807    
 1959   13.77110    
 1960   13.79456    
 1961   13.99323    
 1962   13.92837    
 1963   13.82376    
 1964   13.59612    
 1965   13.69703    
 1966   13.68718    
 1967   13.64699    
 1968   13.70797    
 1969   13.83461    
 1970   13.71915    
 1971   13.77533    
 1972   13.86775    
 1973   13.84092    
 1974   13.81215    
 1975   13.81426    
 1976   14.00011    
 1977   13.99913    
 1978   14.06576    
 1979   13.96884    
 1980   13.96310    
 1981   13.96626    
 1982   13.96214    
 1983   13.81093    
 1984   13.86742    
 1985   13.82975    
 1986   13.81851    
 1987   14.02491    
 1988   14.05294    
 1989   14.18162    
 1990   14.14590    
 1991   14.08324    
 1992   13.79568    
 1993   13.93432    
 1994   14.08281    
 1995   14.10677    
 1996   14.16505    
 1997   14.18519    
 1998   14.29160    
 1999   14.40377    
 2000   14.42379    
 2001   14.37477    
 2002   14.40718    
 2003   14.37127    
 2004   14.56352    
 2005   14.46038    
 2006   14.43541    
 2007   14.54247    
 2008   14.51978    
 2009   14.58846    
 2010   14.70269    
 2011   14.62562    
 2012   14.83172    
 2013   14.74504    
 2014   14.82526    
 2015   14.77114    
 2016   14.94375    
 2017   14.87556    
 2018   14.93447    
 2019   14.97923    
 2020   14.93627    
 2021   14.86445    
 2022   14.89141    
 2023   15.08534    
 2024   14.91195    
 2025   14.95066    
 2026   15.14246    
 2027   15.04699    
 2028   15.08644    
 2029   14.98692    
 2030   14.95636    
 2031   15.17999    
 2032   15.29322    
 2033   15.30216    
 2034   15.32717    
 2035   15.31456    
 2036   15.35645    
 2037   15.30954    
 2038   15.34485    
 2039   15.32363    
 2040   15.11532    
 2041   15.19919    
 2042   15.32034    
 2043   15.43481    
 2044   15.52715    
 2045   15.42757    
 2046   15.44115    
 2047   15.46419    
 2048   15.47035    
 2049   15.70141    
 2050   15.62726    
 2051   15.65096    
 2052   15.66552    
 2053   15.73622    
 2054   15.64184    
 2055   15.78102    
 2056   15.91945    
 2057   15.90725    
 2058   15.82333    
 2059   15.84255    
 2060   15.85450    
 2061   15.87123    
 2062   15.85250    
 2063   16.02685    
 2064   16.06149    
 2065   16.06236    
 2066   15.98503    
 2067   15.98869    
 2068   16.05495    
 2069   16.00221    
 2070   16.01832    
 2071   16.14060    
 2072   16.16688    
 2073   16.02079    
 2074   16.18591    
 2075   16.17720    
 2076   16.15332    
 2077   16.30280    
 2078   16.44011    
 2079   16.38290    
 2080   16.32726    
 2081   16.48424    
 2082   16.41508    
 2083   16.34186    
 2084   16.45033    
 2085   16.48292    
 2086   16.55553    
 2087   16.36632    
 2088   16.45269    
 2089   16.54767    
 2090   16.27650    
 2091   16.34610    
 2092   16.38560    
 2093   16.30664    
 2094   16.31710    
 2095   16.48329    
 2096   16.39003    
 2097   16.45178    
 2098   16.60434    
 2099   16.51011    
 2100   16.46393    
