# daily2longer    1 mea
# <a href=http://cmip-pcmdi.llnl.gov/cmip5/>CMIP5</a> global mean temperature computed at <a href=http://www.knmi.nl/selectfield_cmip5.cgi?someone@somewhere>KNMI Climate Explorer</a> tas_Amon_NorESM1-ME_rcp45_r1i1p1
# cutting out region lon=   -1.250  358.750, lat=  -90.000   90.000
# file :: /data/storage/climexp/data/iglobal_tas_Amon_mod_rcp45_040_mean1_anom.dat
# description :: CMIP5 RCP45 models Tglobal
# comment :: daily2longer    1 mea, <a href=http://cmip-pcmdi.llnl.gov/cmip5/>CMIP5</a> global mean temperature computed at <a href=http://www.knmi.nl/selectfield_cmip5.cgi?someone@somewhere>KNMI Climate Explorer</a> tas_Amon_NorESM1-ME_rcp45_r1i1p1, cutting out region lon=   -1.250  358.750, lat=  -90.000   90.000, via the KNMI Climate Explorer (http://climexp.knmi.nl)
# institution :: KNMI Climate Explorer
# history ::  2018-05-21  9:17:04 bin/selectyear 1850 2100 data/iglobal_tas_Amon_mod_rcp45_040_mean1_anom.dat global_tas_Amon_mod_rcp45_+++_mean1_anom_1850:2100\n 2018-05-21  9:16:32 dat2nc ./data/iglobal_tas_Amon_mod_rcp45_040_mean1_anom.dat i CMIP5_RCP45_models_Tglobal ./data/iglobal_tas_Amon_mod_rcp45_040_mean1_anom.nc n
# tas [Celsius] from NorESM1-ME model output prepared for CMIP5 RCP4.5 r1i1p1
 1850   12.96439    
 1851   13.01423    
 1852   12.79017    
 1853   12.66576    
 1854   12.76696    
 1855   12.87189    
 1856   12.73768    
 1857   12.74088    
 1858   12.86618    
 1859   13.00265    
 1860   12.84445    
 1861   12.78916    
 1862   12.84917    
 1863   12.81739    
 1864   12.73306    
 1865   12.72538    
 1866   12.70624    
 1867   12.73446    
 1868   12.76810    
 1869   12.87730    
 1870   12.85497    
 1871   12.90143    
 1872   12.87787    
 1873   12.59362    
 1874   12.71119    
 1875   12.83531    
 1876   12.72787    
 1877   12.82237    
 1878   12.82893    
 1879   12.64023    
 1880   12.80865    
 1881   12.80170    
 1882   12.77743    
 1883   12.78674    
 1884   12.40254    
 1885   12.57043    
 1886   12.58715    
 1887   12.68078    
 1888   12.61201    
 1889   12.73885    
 1890   12.62932    
 1891   12.61593    
 1892   12.63950    
 1893   12.72235    
 1894   12.70575    
 1895   12.88651    
 1896   12.85885    
 1897   12.79109    
 1898   12.68710    
 1899   12.79683    
 1900   12.76885    
 1901   12.70370    
 1902   12.74781    
 1903   12.60673    
 1904   12.52943    
 1905   12.56811    
 1906   12.75516    
 1907   12.83562    
 1908   12.75465    
 1909   12.64655    
 1910   12.85399    
 1911   12.77681    
 1912   12.77738    
 1913   12.75252    
 1914   12.92218    
 1915   13.02252    
 1916   12.74981    
 1917   12.73508    
 1918   12.93376    
 1919   12.76794    
 1920   12.77439    
 1921   12.87067    
 1922   12.75761    
 1923   12.72871    
 1924   12.87408    
 1925   13.00924    
 1926   12.92793    
 1927   12.96379    
 1928   12.87719    
 1929   12.79795    
 1930   12.91132    
 1931   12.95749    
 1932   13.07362    
 1933   12.89697    
 1934   12.96888    
 1935   12.91604    
 1936   12.93923    
 1937   13.00524    
 1938   13.12337    
 1939   13.15089    
 1940   13.02545    
 1941   12.96407    
 1942   12.91528    
 1943   12.92771    
 1944   12.94162    
 1945   13.02995    
 1946   13.04559    
 1947   12.90182    
 1948   12.77754    
 1949   12.74114    
 1950   12.98161    
 1951   12.77052    
 1952   12.79173    
 1953   12.85536    
 1954   12.93327    
 1955   12.99996    
 1956   12.85682    
 1957   12.94347    
 1958   13.05168    
 1959   13.04214    
 1960   13.15997    
 1961   13.06825    
 1962   12.84088    
 1963   12.78103    
 1964   12.75894    
 1965   12.84183    
 1966   12.88095    
 1967   12.97335    
 1968   12.91333    
 1969   12.75991    
 1970   12.83302    
 1971   12.92153    
 1972   12.98268    
 1973   12.97873    
 1974   12.90366    
 1975   12.81017    
 1976   12.91907    
 1977   12.94863    
 1978   13.10931    
 1979   13.22729    
 1980   13.16502    
 1981   13.24301    
 1982   13.27257    
 1983   13.03989    
 1984   13.17579    
 1985   13.09011    
 1986   13.04303    
 1987   13.16570    
 1988   13.25640    
 1989   13.20566    
 1990   13.43525    
 1991   13.23679    
 1992   12.94804    
 1993   12.93413    
 1994   13.03946    
 1995   13.09003    
 1996   13.07854    
 1997   13.12767    
 1998   13.21092    
 1999   13.34921    
 2000   13.52752    
 2001   13.47586    
 2002   13.52283    
 2003   13.73631    
 2004   13.72750    
 2005   13.73652    
 2006   13.61581    
 2007   13.53641    
 2008   13.56664    
 2009   13.59305    
 2010   13.58539    
 2011   13.51875    
 2012   13.62943    
 2013   13.87232    
 2014   13.70612    
 2015   13.75506    
 2016   13.89844    
 2017   13.89578    
 2018   13.70802    
 2019   13.69467    
 2020   13.80234    
 2021   13.70543    
 2022   13.80958    
 2023   13.88335    
 2024   13.91488    
 2025   13.95793    
 2026   13.87840    
 2027   13.95782    
 2028   14.12477    
 2029   14.04434    
 2030   14.03598    
 2031   14.02159    
 2032   14.12195    
 2033   14.03184    
 2034   14.03178    
 2035   14.06392    
 2036   14.21554    
 2037   14.11988    
 2038   14.23062    
 2039   14.11925    
 2040   14.31533    
 2041   14.28344    
 2042   14.24529    
 2043   14.27710    
 2044   14.28712    
 2045   14.37583    
 2046   14.55001    
 2047   14.43360    
 2048   14.35166    
 2049   14.37759    
 2050   14.54987    
 2051   14.70340    
 2052   14.70442    
 2053   14.53529    
 2054   14.55011    
 2055   14.60813    
 2056   14.62866    
 2057   14.48028    
 2058   14.69718    
 2059   14.80406    
 2060   14.60822    
 2061   14.51566    
 2062   14.53252    
 2063   14.81814    
 2064   14.73133    
 2065   14.68368    
 2066   14.63758    
 2067   14.65005    
 2068   14.77777    
 2069   14.76446    
 2070   14.93034    
 2071   14.85753    
 2072   14.95119    
 2073   15.00975    
 2074   14.87917    
 2075   14.83799    
 2076   14.81807    
 2077   14.83795    
 2078   14.94328    
 2079   14.94862    
 2080   14.87093    
 2081   14.93595    
 2082   14.87667    
 2083   14.84004    
 2084   14.98670    
 2085   14.96527    
 2086   14.97956    
 2087   14.94731    
 2088   14.92033    
 2089   15.13181    
 2090   15.20230    
 2091   15.00147    
 2092   14.99694    
 2093   14.91895    
 2094   14.91074    
 2095   15.01841    
 2096   14.99827    
 2097   14.94785    
 2098   14.98378    
 2099   15.01979    
 2100   15.19998    
