# daily2longer    1 mea
# <a href=http://cmip-pcmdi.llnl.gov/cmip5/>CMIP5</a> global mean temperature computed at <a href=http://www.knmi.nl/selectfield_cmip5.cgi?someone@somewhere>KNMI Climate Explorer</a> tas_Amon_CNRM-CM5_rcp45_r1i1p1
# cutting out region lon=   -0.703  359.297, lat=  -89.622   89.622
# file :: /data/storage/climexp/data/iglobal_tas_Amon_mod_rcp45_011_mean1_anom.dat
# description :: CMIP5 RCP45 models Tglobal
# comment :: daily2longer    1 mea, <a href=http://cmip-pcmdi.llnl.gov/cmip5/>CMIP5</a> global mean temperature computed at <a href=http://www.knmi.nl/selectfield_cmip5.cgi?someone@somewhere>KNMI Climate Explorer</a> tas_Amon_CNRM-CM5_rcp45_r1i1p1, cutting out region lon=   -0.703  359.297, lat=  -89.622   89.622, via the KNMI Climate Explorer (http://climexp.knmi.nl)
# institution :: KNMI Climate Explorer
# history ::  2018-05-21  9:17:03 bin/selectyear 1850 2100 data/iglobal_tas_Amon_mod_rcp45_011_mean1_anom.dat global_tas_Amon_mod_rcp45_+++_mean1_anom_1850:2100\n 2018-05-21  9:16:30 dat2nc ./data/iglobal_tas_Amon_mod_rcp45_011_mean1_anom.dat i CMIP5_RCP45_models_Tglobal ./data/iglobal_tas_Amon_mod_rcp45_011_mean1_anom.nc n
# tas [Celsius] from CNRM-CM5 model output prepared for CMIP5 RCP4.5 r1i1p1
 1850   13.25419    
 1851   13.23278    
 1852   13.25815    
 1853   13.42826    
 1854   13.13379    
 1855   13.22414    
 1856   13.33980    
 1857   13.22265    
 1858   13.25446    
 1859   13.28561    
 1860   13.33442    
 1861   13.36909    
 1862   13.27327    
 1863   13.24585    
 1864   13.25779    
 1865   13.46234    
 1866   13.37750    
 1867   13.25572    
 1868   13.25054    
 1869   13.34045    
 1870   13.20586    
 1871   13.19459    
 1872   13.33744    
 1873   13.26769    
 1874   13.37573    
 1875   13.38001    
 1876   13.26542    
 1877   13.32907    
 1878   13.42286    
 1879   13.32411    
 1880   13.44272    
 1881   13.38347    
 1882   13.58539    
 1883   13.22870    
 1884   12.71215    
 1885   12.89544    
 1886   12.98617    
 1887   13.24998    
 1888   13.36123    
 1889   13.36086    
 1890   13.22995    
 1891   13.17993    
 1892   13.36685    
 1893   13.55854    
 1894   13.38731    
 1895   13.42086    
 1896   13.56659    
 1897   13.57472    
 1898   13.56002    
 1899   13.66956    
 1900   13.65934    
 1901   13.67127    
 1902   13.70690    
 1903   13.40232    
 1904   13.39245    
 1905   13.37361    
 1906   13.34358    
 1907   13.42486    
 1908   13.61688    
 1909   13.40402    
 1910   13.55656    
 1911   13.50106    
 1912   13.34425    
 1913   13.12507    
 1914   13.23957    
 1915   13.35371    
 1916   13.37987    
 1917   13.42601    
 1918   13.22703    
 1919   13.27061    
 1920   13.49381    
 1921   13.36560    
 1922   13.56544    
 1923   13.34936    
 1924   13.46124    
 1925   13.43250    
 1926   13.50720    
 1927   13.48280    
 1928   13.47177    
 1929   13.32573    
 1930   13.42848    
 1931   13.37651    
 1932   13.30725    
 1933   13.37766    
 1934   13.46816    
 1935   13.43264    
 1936   13.70825    
 1937   13.53132    
 1938   13.48667    
 1939   13.57368    
 1940   13.52962    
 1941   13.63031    
 1942   13.67213    
 1943   13.53286    
 1944   13.71270    
 1945   13.51384    
 1946   13.59133    
 1947   13.67069    
 1948   13.58834    
 1949   13.70255    
 1950   13.63258    
 1951   13.65595    
 1952   13.55144    
 1953   13.53012    
 1954   13.55911    
 1955   13.58597    
 1956   13.72489    
 1957   13.82874    
 1958   13.61119    
 1959   13.56289    
 1960   13.69015    
 1961   13.64523    
 1962   13.56897    
 1963   13.56954    
 1964   13.23655    
 1965   13.36941    
 1966   13.57843    
 1967   13.50952    
 1968   13.62494    
 1969   13.52300    
 1970   13.53527    
 1971   13.75682    
 1972   13.61359    
 1973   13.48685    
 1974   13.60558    
 1975   13.42196    
 1976   13.41412    
 1977   13.49142    
 1978   13.46736    
 1979   13.64629    
 1980   13.65491    
 1981   13.77434    
 1982   13.71979    
 1983   13.45702    
 1984   13.59837    
 1985   13.59928    
 1986   13.82821    
 1987   13.75283    
 1988   13.79039    
 1989   13.75789    
 1990   14.00900    
 1991   13.92627    
 1992   13.49494    
 1993   13.73714    
 1994   13.96422    
 1995   13.81451    
 1996   13.83440    
 1997   14.04483    
 1998   13.99996    
 1999   13.94775    
 2000   14.11856    
 2001   14.05093    
 2002   14.17458    
 2003   14.23016    
 2004   14.28993    
 2005   14.34086    
 2006   14.28618    
 2007   14.15313    
 2008   14.40982    
 2009   14.32812    
 2010   14.25469    
 2011   14.31610    
 2012   14.28956    
 2013   14.37057    
 2014   14.45488    
 2015   14.28363    
 2016   14.43767    
 2017   14.50793    
 2018   14.33431    
 2019   14.40100    
 2020   14.32956    
 2021   14.37613    
 2022   14.42641    
 2023   14.48137    
 2024   14.46815    
 2025   14.54000    
 2026   14.61054    
 2027   14.66075    
 2028   14.45717    
 2029   14.68397    
 2030   14.60000    
 2031   14.73352    
 2032   14.71691    
 2033   14.75210    
 2034   14.72075    
 2035   14.89120    
 2036   14.68869    
 2037   14.76740    
 2038   14.90134    
 2039   14.94639    
 2040   14.91839    
 2041   15.02331    
 2042   14.96637    
 2043   14.96722    
 2044   14.95298    
 2045   14.93877    
 2046   15.08082    
 2047   15.19670    
 2048   15.09622    
 2049   15.11409    
 2050   15.00496    
 2051   15.20149    
 2052   15.13376    
 2053   15.26621    
 2054   15.30914    
 2055   15.39991    
 2056   15.24286    
 2057   15.22836    
 2058   15.31937    
 2059   15.32676    
 2060   15.42806    
 2061   15.48474    
 2062   15.43440    
 2063   15.51221    
 2064   15.48386    
 2065   15.46342    
 2066   15.37955    
 2067   15.47137    
 2068   15.32227    
 2069   15.50320    
 2070   15.54364    
 2071   15.64603    
 2072   15.75581    
 2073   15.69183    
 2074   15.62318    
 2075   15.69160    
 2076   15.69145    
 2077   15.77379    
 2078   15.69022    
 2079   15.76893    
 2080   15.68654    
 2081   15.82078    
 2082   15.73488    
 2083   15.86527    
 2084   15.87650    
 2085   15.81330    
 2086   15.74514    
 2087   15.89486    
 2088   15.80082    
 2089   15.82246    
 2090   15.78123    
 2091   15.83400    
 2092   15.82044    
 2093   15.96945    
 2094   15.85282    
 2095   15.98338    
 2096   16.02960    
 2097   15.92822    
 2098   15.90424    
 2099   15.87554    
 2100   15.90349    
