# daily2longer    1 mea
# ensemble mea of file global_tas_Amon_CESM1-CAM5_rcp45_%%.dat
# using members   0 to   2
# <a href=http://cmip-pcmdi.llnl.gov/cmip5/>CMIP5</a> global mean temperature computed at <a href=http://www.knmi.nl/selectfield_cmip5.cgi?someone@somewhere>KNMI Climate Explorer</a> tas_Amon_CESM1-CAM5_rcp45_r1i1p1
# cutting out region lon=   -0.625  359.375, lat=  -90.000   90.000
# file :: /data/storage/climexp/data/iglobal_tas_Amon_mod_rcp45_008_mean1_anom.dat
# description :: CMIP5 RCP45 models Tglobal
# comment :: daily2longer    1 mea, ensemble mea of file global_tas_Amon_CESM1-CAM5_rcp45_%%.dat, using members   0 to   2, <a href=http://cmip-pcmdi.llnl.gov/cmip5/>CMIP5</a> global mean temperature computed at <a href=http://www.knmi.nl/selectfield_cmip5.cgi?someone@somewhere>KNMI Climate Explorer</a> tas_Amon_CESM1-CAM5_rcp45_r1i1p1, cutting out region lon=   -0.625  359.375, lat=  -90.000   90.000, via the KNMI Climate Explorer (http://climexp.knmi.nl)
# institution :: KNMI Climate Explorer
# history ::  2018-05-21  9:17:02 bin/selectyear 1850 2100 data/iglobal_tas_Amon_mod_rcp45_008_mean1_anom.dat global_tas_Amon_mod_rcp45_+++_mean1_anom_1850:2100\n 2018-05-21  9:16:29 dat2nc ./data/iglobal_tas_Amon_mod_rcp45_008_mean1_anom.dat i CMIP5_RCP45_models_Tglobal ./data/iglobal_tas_Amon_mod_rcp45_008_mean1_anom.nc n
# tas [Celsius] from CESM1-CAM5 model output prepared for CMIP5 RCP4.5 r1i1p1
 1850   13.19719    
 1851   13.17994    
 1852   13.16144    
 1853   13.20828    
 1854   13.15232    
 1855   13.05010    
 1856   13.02538    
 1857   13.09138    
 1858   13.10612    
 1859   13.13687    
 1860   13.06878    
 1861   13.04141    
 1862   13.13461    
 1863   13.29632    
 1864   13.19051    
 1865   13.12653    
 1866   13.20896    
 1867   13.17681    
 1868   13.16739    
 1869   13.21147    
 1870   13.23440    
 1871   13.16776    
 1872   13.18810    
 1873   13.18783    
 1874   13.13834    
 1875   13.15625    
 1876   13.11540    
 1877   13.13034    
 1878   13.17446    
 1879   13.22431    
 1880   13.20499    
 1881   13.19887    
 1882   13.20807    
 1883   13.17547    
 1884   12.86852    
 1885   12.91544    
 1886   12.99650    
 1887   12.96069    
 1888   13.05976    
 1889   13.02116    
 1890   12.98047    
 1891   12.94687    
 1892   12.94584    
 1893   12.89757    
 1894   12.98381    
 1895   13.04745    
 1896   13.09237    
 1897   13.02940    
 1898   13.08437    
 1899   13.13557    
 1900   13.10960    
 1901   13.04381    
 1902   13.00741    
 1903   12.74791    
 1904   12.87939    
 1905   13.04540    
 1906   12.93494    
 1907   12.89855    
 1908   12.98587    
 1909   12.99612    
 1910   13.07222    
 1911   13.04597    
 1912   12.99126    
 1913   12.90102    
 1914   12.99379    
 1915   13.10001    
 1916   13.09485    
 1917   13.15967    
 1918   13.14448    
 1919   13.10554    
 1920   13.16038    
 1921   13.21235    
 1922   13.20342    
 1923   13.18701    
 1924   13.12778    
 1925   13.24952    
 1926   13.38040    
 1927   13.29640    
 1928   13.25793    
 1929   13.18025    
 1930   13.20953    
 1931   13.24414    
 1932   13.16823    
 1933   13.20244    
 1934   13.25026    
 1935   13.31731    
 1936   13.22333    
 1937   13.21837    
 1938   13.24952    
 1939   13.23765    
 1940   13.20676    
 1941   13.22480    
 1942   13.18535    
 1943   13.22486    
 1944   13.28925    
 1945   13.32821    
 1946   13.27075    
 1947   13.23492    
 1948   13.27755    
 1949   13.29417    
 1950   13.29683    
 1951   13.28745    
 1952   13.32383    
 1953   13.30228    
 1954   13.25418    
 1955   13.20975    
 1956   13.11957    
 1957   13.24151    
 1958   13.34180    
 1959   13.38655    
 1960   13.34072    
 1961   13.26242    
 1962   13.41980    
 1963   13.27348    
 1964   13.07568    
 1965   13.11419    
 1966   13.17347    
 1967   13.21749    
 1968   13.22038    
 1969   13.28313    
 1970   13.33228    
 1971   13.28301    
 1972   13.26676    
 1973   13.31055    
 1974   13.34795    
 1975   13.31610    
 1976   13.31831    
 1977   13.29616    
 1978   13.30853    
 1979   13.37757    
 1980   13.43883    
 1981   13.55347    
 1982   13.50927    
 1983   13.29360    
 1984   13.31570    
 1985   13.38164    
 1986   13.44225    
 1987   13.55312    
 1988   13.50451    
 1989   13.51279    
 1990   13.50006    
 1991   13.49764    
 1992   13.43109    
 1993   13.54566    
 1994   13.50016    
 1995   13.54229    
 1996   13.58224    
 1997   13.61580    
 1998   13.74386    
 1999   13.77186    
 2000   13.72072    
 2001   13.75237    
 2002   13.89660    
 2003   13.91828    
 2004   13.89136    
 2005   13.90852    
 2006   13.95857    
 2007   13.96774    
 2008   13.95869    
 2009   13.94489    
 2010   13.97456    
 2011   13.98627    
 2012   14.04874    
 2013   14.06649    
 2014   14.01304    
 2015   14.13085    
 2016   14.19706    
 2017   14.20888    
 2018   14.21238    
 2019   14.13030    
 2020   14.15379    
 2021   14.26365    
 2022   14.31655    
 2023   14.34142    
 2024   14.43632    
 2025   14.44581    
 2026   14.46708    
 2027   14.48342    
 2028   14.49128    
 2029   14.47252    
 2030   14.62824    
 2031   14.60911    
 2032   14.63933    
 2033   14.70968    
 2034   14.68978    
 2035   14.73704    
 2036   14.86523    
 2037   14.95037    
 2038   14.81452    
 2039   14.84339    
 2040   14.99744    
 2041   14.93949    
 2042   14.88905    
 2043   14.94283    
 2044   14.99521    
 2045   15.03019    
 2046   15.07959    
 2047   15.11939    
 2048   15.06434    
 2049   15.12159    
 2050   15.19001    
 2051   15.14224    
 2052   15.05016    
 2053   15.17637    
 2054   15.20483    
 2055   15.27097    
 2056   15.21618    
 2057   15.31106    
 2058   15.42452    
 2059   15.46014    
 2060   15.40794    
 2061   15.33931    
 2062   15.34538    
 2063   15.49995    
 2064   15.55782    
 2065   15.35884    
 2066   15.45691    
 2067   15.56103    
 2068   15.70967    
 2069   15.79774    
 2070   15.68102    
 2071   15.62745    
 2072   15.62553    
 2073   15.75624    
 2074   15.72643    
 2075   15.70860    
 2076   15.68838    
 2077   15.75280    
 2078   15.74776    
 2079   15.73693    
 2080   15.77336    
 2081   15.81852    
 2082   15.87464    
 2083   15.89997    
 2084   15.87785    
 2085   15.85049    
 2086   15.93320    
 2087   15.92919    
 2088   15.86097    
 2089   15.97704    
 2090   16.10723    
 2091   16.07844    
 2092   15.88735    
 2093   15.84732    
 2094   15.90282    
 2095   16.00848    
 2096   16.01323    
 2097   15.97874    
 2098   16.01001    
 2099   16.03920    
 2100   16.17145    
