# daily2longer    1 mea
# <a href=http://cmip-pcmdi.llnl.gov/cmip5/>CMIP5</a> global mean temperature computed at <a href=http://www.knmi.nl/selectfield_cmip5.cgi?someone@somewhere>KNMI Climate Explorer</a> tas_Amon_IPSL-CM5B-LR_rcp45_r1i1p1
# cutting out region lon=   -1.875  358.125, lat=  -90.000   90.000
# file :: /data/storage/climexp/data/iglobal_tas_Amon_mod_rcp45_033_mean1_anom.dat
# description :: CMIP5 RCP45 models Tglobal
# comment :: daily2longer    1 mea, <a href=http://cmip-pcmdi.llnl.gov/cmip5/>CMIP5</a> global mean temperature computed at <a href=http://www.knmi.nl/selectfield_cmip5.cgi?someone@somewhere>KNMI Climate Explorer</a> tas_Amon_IPSL-CM5B-LR_rcp45_r1i1p1, cutting out region lon=   -1.875  358.125, lat=  -90.000   90.000, via the KNMI Climate Explorer (http://climexp.knmi.nl)
# institution :: KNMI Climate Explorer
# history ::  2018-05-21  9:17:03 bin/selectyear 1850 2100 data/iglobal_tas_Amon_mod_rcp45_033_mean1_anom.dat global_tas_Amon_mod_rcp45_+++_mean1_anom_1850:2100\n 2018-05-21  9:16:32 dat2nc ./data/iglobal_tas_Amon_mod_rcp45_033_mean1_anom.dat i CMIP5_RCP45_models_Tglobal ./data/iglobal_tas_Amon_mod_rcp45_033_mean1_anom.nc n
# tas [Celsius] from IPSL-CM5B-LR model output prepared for CMIP5 RCP4.5 r1i1p1
 1850   12.84610    
 1851   12.91472    
 1852   12.84464    
 1853   12.79708    
 1854   12.84281    
 1855   12.71761    
 1856   12.55002    
 1857   12.58331    
 1858   12.58767    
 1859   12.64818    
 1860   12.77950    
 1861   12.91555    
 1862   12.89233    
 1863   12.83040    
 1864   12.89428    
 1865   12.78217    
 1866   12.87179    
 1867   12.81595    
 1868   12.89713    
 1869   12.91518    
 1870   12.93327    
 1871   13.03425    
 1872   12.81462    
 1873   12.88500    
 1874   12.74805    
 1875   12.78206    
 1876   12.74751    
 1877   12.80803    
 1878   12.96293    
 1879   12.94656    
 1880   12.74111    
 1881   12.86107    
 1882   12.96929    
 1883   12.96484    
 1884   12.43571    
 1885   12.62281    
 1886   12.69366    
 1887   12.57131    
 1888   12.66904    
 1889   12.58099    
 1890   12.83989    
 1891   12.87341    
 1892   12.75635    
 1893   12.80556    
 1894   12.71980    
 1895   12.75294    
 1896   12.74454    
 1897   12.73407    
 1898   12.69781    
 1899   12.87579    
 1900   12.94956    
 1901   12.86348    
 1902   12.80982    
 1903   12.58915    
 1904   12.81798    
 1905   13.05534    
 1906   12.94956    
 1907   12.90291    
 1908   12.97549    
 1909   13.15236    
 1910   13.23991    
 1911   13.11605    
 1912   13.00857    
 1913   12.91085    
 1914   13.00634    
 1915   12.96309    
 1916   13.04994    
 1917   13.20513    
 1918   13.14744    
 1919   13.17779    
 1920   13.15637    
 1921   13.17757    
 1922   13.24163    
 1923   13.20003    
 1924   13.04965    
 1925   13.10640    
 1926   13.10851    
 1927   13.13014    
 1928   13.04929    
 1929   13.17686    
 1930   13.29478    
 1931   13.17470    
 1932   13.06068    
 1933   13.05840    
 1934   13.07413    
 1935   13.00667    
 1936   13.10015    
 1937   13.35459    
 1938   13.26742    
 1939   13.26812    
 1940   13.21998    
 1941   13.33121    
 1942   13.10432    
 1943   13.20293    
 1944   13.14734    
 1945   13.21827    
 1946   13.28564    
 1947   13.21840    
 1948   13.28988    
 1949   13.27707    
 1950   13.35333    
 1951   13.20313    
 1952   13.30000    
 1953   13.38642    
 1954   13.38949    
 1955   13.25605    
 1956   13.29972    
 1957   13.43365    
 1958   13.36130    
 1959   13.27928    
 1960   13.28749    
 1961   13.27817    
 1962   13.19227    
 1963   13.09665    
 1964   12.93560    
 1965   13.01202    
 1966   13.08871    
 1967   13.09887    
 1968   13.21605    
 1969   13.29038    
 1970   13.27338    
 1971   13.49798    
 1972   13.40320    
 1973   13.50400    
 1974   13.58568    
 1975   13.49471    
 1976   13.30022    
 1977   13.38721    
 1978   13.45717    
 1979   13.59087    
 1980   13.61202    
 1981   13.58270    
 1982   13.38243    
 1983   13.43882    
 1984   13.67782    
 1985   13.46231    
 1986   13.48727    
 1987   13.69903    
 1988   13.53343    
 1989   13.67831    
 1990   13.87674    
 1991   13.64079    
 1992   13.37471    
 1993   13.28338    
 1994   13.60677    
 1995   13.57854    
 1996   13.63585    
 1997   13.83205    
 1998   13.71847    
 1999   13.65950    
 2000   13.82506    
 2001   13.94122    
 2002   13.73881    
 2003   13.87798    
 2004   13.92649    
 2005   13.88723    
 2006   13.78795    
 2007   13.87345    
 2008   13.99646    
 2009   13.87433    
 2010   13.89368    
 2011   13.86170    
 2012   14.08186    
 2013   14.08762    
 2014   14.01037    
 2015   13.96366    
 2016   14.02144    
 2017   14.12109    
 2018   14.09882    
 2019   13.97450    
 2020   14.06489    
 2021   14.12820    
 2022   14.18211    
 2023   14.17863    
 2024   14.21143    
 2025   14.27098    
 2026   14.23503    
 2027   14.31272    
 2028   14.43001    
 2029   14.45420    
 2030   14.35056    
 2031   14.43493    
 2032   14.44710    
 2033   14.44486    
 2034   14.57227    
 2035   14.46755    
 2036   14.65111    
 2037   14.67783    
 2038   14.58364    
 2039   14.52324    
 2040   14.64378    
 2041   14.75704    
 2042   14.71272    
 2043   14.62001    
 2044   14.73336    
 2045   14.82899    
 2046   14.88705    
 2047   14.68624    
 2048   14.62337    
 2049   14.75506    
 2050   14.90482    
 2051   14.70031    
 2052   14.79051    
 2053   14.92967    
 2054   14.80131    
 2055   14.84447    
 2056   15.03187    
 2057   15.06610    
 2058   15.05680    
 2059   14.93793    
 2060   15.15526    
 2061   15.20191    
 2062   15.01000    
 2063   15.04428    
 2064   15.28211    
 2065   15.23124    
 2066   15.12662    
 2067   15.10413    
 2068   15.05721    
 2069   15.15888    
 2070   15.36274    
 2071   15.20086    
 2072   15.09270    
 2073   15.17671    
 2074   15.26521    
 2075   15.13421    
 2076   15.26949    
 2077   15.26481    
 2078   15.32195    
 2079   15.22264    
 2080   15.34838    
 2081   15.30876    
 2082   15.41978    
 2083   15.29301    
 2084   15.37138    
 2085   15.25560    
 2086   15.21481    
 2087   15.20096    
 2088   15.28888    
 2089   15.27849    
 2090   15.30653    
 2091   15.20037    
 2092   15.32359    
 2093   15.42744    
 2094   15.28459    
 2095   15.44023    
 2096   15.58487    
 2097   15.31057    
 2098   15.31754    
 2099   15.19141    
 2100   15.40857    
