# daily2longer    1 mea
# ensemble mea of file global_tas_Amon_MPI-ESM-LR_rcp45_%%.dat
# using members   0 to   2
# <a href=http://cmip-pcmdi.llnl.gov/cmip5/>CMIP5</a> global mean temperature computed at <a href=http://www.knmi.nl/selectfield_cmip5.cgi?someone@somewhere>KNMI Climate Explorer</a> tas_Amon_MPI-ESM-LR_rcp45_r1i1p1
# cutting out region lon=   -0.938  359.062, lat=  -89.497   89.497
# file :: /data/storage/climexp/data/iglobal_tas_Amon_mod_rcp45_037_mean1_anom.dat
# description :: CMIP5 RCP45 models Tglobal
# comment :: daily2longer    1 mea, ensemble mea of file global_tas_Amon_MPI-ESM-LR_rcp45_%%.dat, using members   0 to   2, <a href=http://cmip-pcmdi.llnl.gov/cmip5/>CMIP5</a> global mean temperature computed at <a href=http://www.knmi.nl/selectfield_cmip5.cgi?someone@somewhere>KNMI Climate Explorer</a> tas_Amon_MPI-ESM-LR_rcp45_r1i1p1, cutting out region lon=   -0.938  359.062, lat=  -89.497   89.497, via the KNMI Climate Explorer (http://climexp.knmi.nl)
# institution :: KNMI Climate Explorer
# history ::  2018-05-21  9:17:04 bin/selectyear 1850 2100 data/iglobal_tas_Amon_mod_rcp45_037_mean1_anom.dat global_tas_Amon_mod_rcp45_+++_mean1_anom_1850:2100\n 2018-05-21  9:16:32 dat2nc ./data/iglobal_tas_Amon_mod_rcp45_037_mean1_anom.dat i CMIP5_RCP45_models_Tglobal ./data/iglobal_tas_Amon_mod_rcp45_037_mean1_anom.nc n
# tas [Celsius] from MPI-ESM-LR model output prepared for CMIP5 RCP4.5 r1i1p1
 1850   13.47684    
 1851   13.47520    
 1852   13.43516    
 1853   13.43325    
 1854   13.44745    
 1855   13.34977    
 1856   13.34262    
 1857   13.38908    
 1858   13.38984    
 1859   13.38360    
 1860   13.36810    
 1861   13.42195    
 1862   13.36425    
 1863   13.43112    
 1864   13.36590    
 1865   13.42859    
 1866   13.41429    
 1867   13.56288    
 1868   13.54195    
 1869   13.46952    
 1870   13.48508    
 1871   13.46500    
 1872   13.43989    
 1873   13.45359    
 1874   13.53405    
 1875   13.62851    
 1876   13.53654    
 1877   13.50359    
 1878   13.44508    
 1879   13.37362    
 1880   13.38380    
 1881   13.46218    
 1882   13.39525    
 1883   13.23672    
 1884   12.99168    
 1885   12.97036    
 1886   13.12497    
 1887   13.14199    
 1888   13.20849    
 1889   13.22403    
 1890   13.24413    
 1891   13.26299    
 1892   13.28367    
 1893   13.36376    
 1894   13.47401    
 1895   13.49051    
 1896   13.47416    
 1897   13.41125    
 1898   13.46368    
 1899   13.48781    
 1900   13.44052    
 1901   13.43284    
 1902   13.44555    
 1903   13.35965    
 1904   13.36454    
 1905   13.35636    
 1906   13.40165    
 1907   13.36793    
 1908   13.44387    
 1909   13.53415    
 1910   13.55183    
 1911   13.50425    
 1912   13.52269    
 1913   13.41711    
 1914   13.47958    
 1915   13.54911    
 1916   13.57353    
 1917   13.50410    
 1918   13.55601    
 1919   13.62438    
 1920   13.64876    
 1921   13.49322    
 1922   13.47299    
 1923   13.57090    
 1924   13.59102    
 1925   13.58030    
 1926   13.51293    
 1927   13.48969    
 1928   13.51367    
 1929   13.52911    
 1930   13.58436    
 1931   13.64756    
 1932   13.56344    
 1933   13.46467    
 1934   13.58086    
 1935   13.67384    
 1936   13.64727    
 1937   13.60014    
 1938   13.64008    
 1939   13.61876    
 1940   13.65160    
 1941   13.73778    
 1942   13.68942    
 1943   13.58315    
 1944   13.59420    
 1945   13.66380    
 1946   13.67188    
 1947   13.73383    
 1948   13.75322    
 1949   13.59608    
 1950   13.65094    
 1951   13.58442    
 1952   13.63551    
 1953   13.70074    
 1954   13.62817    
 1955   13.63613    
 1956   13.64970    
 1957   13.74213    
 1958   13.71666    
 1959   13.71268    
 1960   13.66834    
 1961   13.75970    
 1962   13.76638    
 1963   13.84262    
 1964   13.68787    
 1965   13.55614    
 1966   13.62671    
 1967   13.68439    
 1968   13.83928    
 1969   13.79360    
 1970   13.75122    
 1971   13.76542    
 1972   13.88000    
 1973   13.88231    
 1974   13.85383    
 1975   13.91339    
 1976   13.91388    
 1977   13.95108    
 1978   13.98122    
 1979   14.07930    
 1980   14.10644    
 1981   14.07363    
 1982   14.06665    
 1983   13.92255    
 1984   14.02732    
 1985   14.00131    
 1986   14.02908    
 1987   14.08072    
 1988   14.05639    
 1989   14.29708    
 1990   14.40285    
 1991   14.25098    
 1992   13.89844    
 1993   13.95283    
 1994   14.10189    
 1995   14.20856    
 1996   14.26571    
 1997   14.28950    
 1998   14.35469    
 1999   14.30489    
 2000   14.33427    
 2001   14.36971    
 2002   14.38066    
 2003   14.53102    
 2004   14.60653    
 2005   14.53643    
 2006   14.59207    
 2007   14.63494    
 2008   14.59504    
 2009   14.62580    
 2010   14.62039    
 2011   14.77293    
 2012   14.81560    
 2013   14.75596    
 2014   14.73902    
 2015   14.86818    
 2016   14.90850    
 2017   14.75113    
 2018   14.73762    
 2019   14.77559    
 2020   14.76754    
 2021   14.88312    
 2022   14.80102    
 2023   14.80353    
 2024   14.93738    
 2025   15.01744    
 2026   15.09706    
 2027   15.04086    
 2028   15.00417    
 2029   15.08933    
 2030   14.98297    
 2031   15.10985    
 2032   15.17657    
 2033   15.24975    
 2034   15.12259    
 2035   15.11708    
 2036   15.22433    
 2037   15.22011    
 2038   15.30931    
 2039   15.50804    
 2040   15.52474    
 2041   15.31545    
 2042   15.34188    
 2043   15.46244    
 2044   15.39194    
 2045   15.27192    
 2046   15.34253    
 2047   15.49081    
 2048   15.53546    
 2049   15.49549    
 2050   15.55524    
 2051   15.62681    
 2052   15.69651    
 2053   15.56300    
 2054   15.65018    
 2055   15.71734    
 2056   15.65768    
 2057   15.57584    
 2058   15.68882    
 2059   15.60516    
 2060   15.64562    
 2061   15.64004    
 2062   15.70172    
 2063   15.85900    
 2064   15.78672    
 2065   15.73524    
 2066   15.76717    
 2067   15.81919    
 2068   15.84337    
 2069   15.93960    
 2070   15.85543    
 2071   15.61086    
 2072   15.58247    
 2073   15.78965    
 2074   15.99445    
 2075   15.97649    
 2076   15.88058    
 2077   15.84382    
 2078   15.84038    
 2079   15.86227    
 2080   15.89041    
 2081   15.96627    
 2082   15.96177    
 2083   15.87733    
 2084   15.79204    
 2085   15.92237    
 2086   16.08234    
 2087   16.01734    
 2088   15.94095    
 2089   15.96307    
 2090   15.98899    
 2091   15.85604    
 2092   15.92897    
 2093   16.08905    
 2094   16.08376    
 2095   15.97325    
 2096   16.00228    
 2097   15.97143    
 2098   15.96215    
 2099   16.01082    
 2100   16.13157    
