# daily2longer    1 mea
# <a href=http://cmip-pcmdi.llnl.gov/cmip5/>CMIP5</a> global mean temperature computed at <a href=http://www.knmi.nl/selectfield_cmip5.cgi?someone@somewhere>KNMI Climate Explorer</a> tas_Amon_GISS-E2-H_rcp45_r1i1p1
# cutting out region lon=    0.000  360.000, lat=  -90.000   90.000
# file :: /data/storage/climexp/data/iglobal_tas_Amon_mod_rcp45_020_mean1_anom.dat
# description :: CMIP5 RCP45 models Tglobal
# comment :: daily2longer    1 mea, <a href=http://cmip-pcmdi.llnl.gov/cmip5/>CMIP5</a> global mean temperature computed at <a href=http://www.knmi.nl/selectfield_cmip5.cgi?someone@somewhere>KNMI Climate Explorer</a> tas_Amon_GISS-E2-H_rcp45_r1i1p1, cutting out region lon=    0.000  360.000, lat=  -90.000   90.000, via the KNMI Climate Explorer (http://climexp.knmi.nl)
# institution :: KNMI Climate Explorer
# history ::  2018-05-21  9:17:03 bin/selectyear 1850 2100 data/iglobal_tas_Amon_mod_rcp45_020_mean1_anom.dat global_tas_Amon_mod_rcp45_+++_mean1_anom_1850:2100\n 2018-05-21  9:16:30 dat2nc ./data/iglobal_tas_Amon_mod_rcp45_020_mean1_anom.dat i CMIP5_RCP45_models_Tglobal ./data/iglobal_tas_Amon_mod_rcp45_020_mean1_anom.nc n
# tas [Celsius] from GISS-E2-H model output prepared for CMIP5 RCP4.5 r1i1p1
 1850   14.83121    
 1851   14.82396    
 1852   14.63890    
 1853   14.75167    
 1854   14.75059    
 1855   14.64506    
 1856   14.64534    
 1857   14.44377    
 1858   14.52492    
 1859   14.66210    
 1860   14.64549    
 1861   14.75192    
 1862   14.70219    
 1863   14.67073    
 1864   14.75888    
 1865   14.71064    
 1866   14.68797    
 1867   14.70923    
 1868   14.74441    
 1869   14.79898    
 1870   14.75382    
 1871   14.73059    
 1872   14.72167    
 1873   14.77441    
 1874   14.82400    
 1875   14.87496    
 1876   14.79631    
 1877   14.91275    
 1878   14.85715    
 1879   14.94852    
 1880   14.84849    
 1881   14.89835    
 1882   14.90253    
 1883   14.97435    
 1884   14.58145    
 1885   14.48194    
 1886   14.63028    
 1887   14.60266    
 1888   14.67161    
 1889   14.72997    
 1890   14.69305    
 1891   14.62979    
 1892   14.78278    
 1893   14.84005    
 1894   14.86392    
 1895   14.83662    
 1896   14.89524    
 1897   14.78037    
 1898   14.93360    
 1899   14.86281    
 1900   14.86825    
 1901   14.88061    
 1902   14.91238    
 1903   14.74540    
 1904   14.78157    
 1905   14.73157    
 1906   14.93244    
 1907   14.87382    
 1908   14.93558    
 1909   14.97852    
 1910   14.95356    
 1911   14.95590    
 1912   15.02289    
 1913   14.95324    
 1914   14.87246    
 1915   14.93344    
 1916   14.95114    
 1917   14.99476    
 1918   15.05153    
 1919   15.01903    
 1920   15.03975    
 1921   15.02383    
 1922   15.04835    
 1923   15.03869    
 1924   15.15261    
 1925   15.17332    
 1926   15.02345    
 1927   15.05966    
 1928   15.13487    
 1929   15.10864    
 1930   15.13308    
 1931   15.05322    
 1932   15.12825    
 1933   15.28325    
 1934   15.18260    
 1935   15.13396    
 1936   15.19098    
 1937   15.22017    
 1938   15.17627    
 1939   15.12731    
 1940   15.18890    
 1941   15.30515    
 1942   15.27188    
 1943   15.22902    
 1944   15.34309    
 1945   15.16930    
 1946   15.23310    
 1947   15.24091    
 1948   15.25722    
 1949   15.30219    
 1950   15.26906    
 1951   15.31038    
 1952   15.21924    
 1953   15.17474    
 1954   15.26523    
 1955   15.20965    
 1956   15.29092    
 1957   15.28001    
 1958   15.32781    
 1959   15.39676    
 1960   15.33141    
 1961   15.28530    
 1962   15.28410    
 1963   15.19831    
 1964   15.01468    
 1965   15.12607    
 1966   15.20752    
 1967   15.23679    
 1968   15.24081    
 1969   15.14817    
 1970   15.24164    
 1971   15.32578    
 1972   15.32829    
 1973   15.36886    
 1974   15.40389    
 1975   15.34743    
 1976   15.30700    
 1977   15.38528    
 1978   15.42275    
 1979   15.40770    
 1980   15.43845    
 1981   15.49021    
 1982   15.37926    
 1983   15.30409    
 1984   15.37780    
 1985   15.37450    
 1986   15.39345    
 1987   15.49766    
 1988   15.51727    
 1989   15.60647    
 1990   15.64556    
 1991   15.60524    
 1992   15.23229    
 1993   15.32928    
 1994   15.50058    
 1995   15.60893    
 1996   15.65225    
 1997   15.61768    
 1998   15.69110    
 1999   15.68259    
 2000   15.66366    
 2001   15.75078    
 2002   15.85457    
 2003   15.78795    
 2004   15.85411    
 2005   15.82074    
 2006   15.93774    
 2007   16.03508    
 2008   15.96946    
 2009   15.88464    
 2010   15.92128    
 2011   15.91074    
 2012   16.01147    
 2013   16.01450    
 2014   16.04564    
 2015   16.14839    
 2016   16.12437    
 2017   16.22877    
 2018   16.21386    
 2019   16.23371    
 2020   16.23969    
 2021   16.26210    
 2022   16.23192    
 2023   16.33990    
 2024   16.35841    
 2025   16.33167    
 2026   16.33760    
 2027   16.34557    
 2028   16.31905    
 2029   16.47110    
 2030   16.40422    
 2031   16.35219    
 2032   16.44087    
 2033   16.48661    
 2034   16.47194    
 2035   16.56734    
 2036   16.57540    
 2037   16.58290    
 2038   16.61661    
 2039   16.60719    
 2040   16.57085    
 2041   16.62088    
 2042   16.58807    
 2043   16.57956    
 2044   16.59947    
 2045   16.67630    
 2046   16.69780    
 2047   16.77079    
 2048   16.77731    
 2049   16.78815    
 2050   16.86692    
 2051   16.86082    
 2052   16.87484    
 2053   16.77716    
 2054   16.85564    
 2055   16.87787    
 2056   16.85908    
 2057   16.91821    
 2058   16.88768    
 2059   16.98044    
 2060   16.92860    
 2061   17.01228    
 2062   16.94214    
 2063   16.90057    
 2064   16.98983    
 2065   17.00616    
 2066   16.97798    
 2067   17.01472    
 2068   17.03273    
 2069   16.99294    
 2070   17.06013    
 2071   17.03856    
 2072   17.02981    
 2073   17.04777    
 2074   17.01968    
 2075   17.07688    
 2076   17.08877    
 2077   17.02293    
 2078   17.07184    
 2079   17.02632    
 2080   16.99626    
 2081   17.13066    
 2082   17.09039    
 2083   17.08138    
 2084   17.13131    
 2085   17.11747    
 2086   17.12193    
 2087   17.26217    
 2088   17.16216    
 2089   17.11631    
 2090   17.11543    
 2091   17.18123    
 2092   17.12521    
 2093   17.08033    
 2094   17.14684    
 2095   17.23843    
 2096   17.21299    
 2097   17.14331    
 2098   17.17249    
 2099   17.15497    
 2100   17.19954    
