# daily2longer    1 mea
# <a href=http://cmip-pcmdi.llnl.gov/cmip5/>CMIP5</a> global mean temperature computed at <a href=http://www.knmi.nl/selectfield_cmip5.cgi?someone@somewhere>KNMI Climate Explorer</a> tas_Amon_bcc-csm1-1_rcp45_r1i1p1
# cutting out region lon=   -1.406  358.594, lat=  -89.247   89.247
# file :: /data/storage/climexp/data/iglobal_tas_Amon_mod_rcp45_003_mean1_anom.dat
# description :: CMIP5 RCP45 models Tglobal
# comment :: daily2longer    1 mea, <a href=http://cmip-pcmdi.llnl.gov/cmip5/>CMIP5</a> global mean temperature computed at <a href=http://www.knmi.nl/selectfield_cmip5.cgi?someone@somewhere>KNMI Climate Explorer</a> tas_Amon_bcc-csm1-1_rcp45_r1i1p1, cutting out region lon=   -1.406  358.594, lat=  -89.247   89.247, via the KNMI Climate Explorer (http://climexp.knmi.nl)
# institution :: KNMI Climate Explorer
# history ::  2018-05-21  9:17:02 bin/selectyear 1850 2100 data/iglobal_tas_Amon_mod_rcp45_003_mean1_anom.dat global_tas_Amon_mod_rcp45_+++_mean1_anom_1850:2100\n 2018-05-21  9:16:29 dat2nc ./data/iglobal_tas_Amon_mod_rcp45_003_mean1_anom.dat i CMIP5_RCP45_models_Tglobal ./data/iglobal_tas_Amon_mod_rcp45_003_mean1_anom.nc n
# tas [Celsius] from bcc-csm1-1 model output prepared for CMIP5 RCP4.5 r1i1p1
 1850   13.71620    
 1851   13.62334    
 1852   13.63499    
 1853   13.78643    
 1854   13.70976    
 1855   13.70665    
 1856   13.66455    
 1857   13.38778    
 1858   13.54838    
 1859   13.68838    
 1860   13.82547    
 1861   13.73841    
 1862   13.82093    
 1863   13.56181    
 1864   13.74396    
 1865   13.73259    
 1866   13.66941    
 1867   13.80081    
 1868   13.76625    
 1869   13.83201    
 1870   13.89035    
 1871   13.97132    
 1872   13.90485    
 1873   13.94502    
 1874   13.94661    
 1875   13.98675    
 1876   13.93254    
 1877   13.96942    
 1878   13.81232    
 1879   13.97466    
 1880   14.03001    
 1881   14.00711    
 1882   14.01204    
 1883   13.91750    
 1884   13.42140    
 1885   13.64705    
 1886   13.61036    
 1887   13.75035    
 1888   13.67225    
 1889   13.63426    
 1890   13.77321    
 1891   13.50964    
 1892   13.63490    
 1893   13.72279    
 1894   13.83260    
 1895   13.89973    
 1896   13.81501    
 1897   13.88000    
 1898   13.92867    
 1899   13.97996    
 1900   13.91744    
 1901   13.92859    
 1902   13.93670    
 1903   13.51381    
 1904   13.50842    
 1905   13.61174    
 1906   13.71488    
 1907   13.73988    
 1908   13.66543    
 1909   13.74192    
 1910   13.64170    
 1911   13.65941    
 1912   13.67914    
 1913   13.63507    
 1914   13.70829    
 1915   13.81261    
 1916   13.85519    
 1917   13.85367    
 1918   13.85132    
 1919   13.86119    
 1920   14.05670    
 1921   13.88810    
 1922   13.95699    
 1923   13.89827    
 1924   13.95041    
 1925   14.05422    
 1926   13.97836    
 1927   14.21652    
 1928   14.07506    
 1929   13.98078    
 1930   13.92896    
 1931   14.15339    
 1932   14.04954    
 1933   14.11822    
 1934   14.06104    
 1935   14.06169    
 1936   13.96510    
 1937   14.08071    
 1938   14.11111    
 1939   14.02761    
 1940   14.01923    
 1941   14.02813    
 1942   14.03421    
 1943   14.04532    
 1944   14.06328    
 1945   14.07527    
 1946   14.07730    
 1947   14.08036    
 1948   14.03828    
 1949   14.11691    
 1950   13.97196    
 1951   13.98345    
 1952   14.05291    
 1953   14.09817    
 1954   14.00857    
 1955   14.04522    
 1956   14.03208    
 1957   14.08527    
 1958   14.14155    
 1959   14.06442    
 1960   14.10460    
 1961   14.00620    
 1962   14.17072    
 1963   13.94245    
 1964   13.76388    
 1965   13.85625    
 1966   13.93712    
 1967   14.02510    
 1968   14.01034    
 1969   13.99856    
 1970   13.98801    
 1971   14.07227    
 1972   14.06066    
 1973   14.11677    
 1974   14.31102    
 1975   14.12703    
 1976   14.22993    
 1977   14.19811    
 1978   14.12614    
 1979   14.30883    
 1980   14.21076    
 1981   14.37286    
 1982   14.31454    
 1983   14.25762    
 1984   14.36936    
 1985   14.36970    
 1986   14.56915    
 1987   14.56322    
 1988   14.63737    
 1989   14.71082    
 1990   14.80221    
 1991   14.77458    
 1992   14.41402    
 1993   14.53082    
 1994   14.62011    
 1995   14.59776    
 1996   14.77801    
 1997   14.83883    
 1998   14.80570    
 1999   14.84499    
 2000   14.87723    
 2001   14.89919    
 2002   14.97525    
 2003   14.88625    
 2004   14.93792    
 2005   14.93429    
 2006   14.92660    
 2007   15.06982    
 2008   15.16769    
 2009   15.13153    
 2010   15.04840    
 2011   15.06375    
 2012   15.00638    
 2013   14.97205    
 2014   15.15925    
 2015   15.09164    
 2016   15.08898    
 2017   15.21658    
 2018   15.24142    
 2019   15.07338    
 2020   15.23380    
 2021   15.32994    
 2022   15.38172    
 2023   15.36160    
 2024   15.28298    
 2025   15.42122    
 2026   15.56252    
 2027   15.46016    
 2028   15.44016    
 2029   15.51488    
 2030   15.49892    
 2031   15.58756    
 2032   15.57910    
 2033   15.52785    
 2034   15.63512    
 2035   15.59897    
 2036   15.66204    
 2037   15.65191    
 2038   15.72122    
 2039   15.80350    
 2040   15.88962    
 2041   15.82337    
 2042   15.85390    
 2043   15.84888    
 2044   15.79247    
 2045   15.66006    
 2046   15.81321    
 2047   15.96377    
 2048   15.76886    
 2049   15.80094    
 2050   15.88364    
 2051   15.91914    
 2052   15.92024    
 2053   15.85212    
 2054   15.95807    
 2055   16.07960    
 2056   16.08836    
 2057   16.04626    
 2058   16.00884    
 2059   16.03884    
 2060   15.93671    
 2061   16.05728    
 2062   16.07532    
 2063   16.05613    
 2064   16.00269    
 2065   16.09244    
 2066   16.17977    
 2067   16.13597    
 2068   16.16934    
 2069   16.12921    
 2070   16.10580    
 2071   16.08514    
 2072   16.07458    
 2073   16.06940    
 2074   16.05541    
 2075   16.26350    
 2076   16.31943    
 2077   16.15312    
 2078   16.22012    
 2079   16.25980    
 2080   16.29815    
 2081   16.39423    
 2082   16.46157    
 2083   16.33639    
 2084   16.30183    
 2085   16.47640    
 2086   16.44162    
 2087   16.27396    
 2088   16.35481    
 2089   16.30935    
 2090   16.40906    
 2091   16.44280    
 2092   16.19408    
 2093   16.24088    
 2094   16.32370    
 2095   16.21020    
 2096   16.14293    
 2097   16.22994    
 2098   16.18358    
 2099   16.22072    
 2100   16.29194    
