# daily2longer    1 mea
# <a href=http://cmip-pcmdi.llnl.gov/cmip5/>CMIP5</a> global mean temperature computed at <a href=http://www.knmi.nl/selectfield_cmip5.cgi?someone@somewhere>KNMI Climate Explorer</a> tas_Amon_CESM1-BGC_rcp45_r1i1p1
# cutting out region lon=   -0.625  359.375, lat=  -90.000   90.000
# file :: /data/storage/climexp/data/iglobal_tas_Amon_mod_rcp45_007_mean1_anom.dat
# description :: CMIP5 RCP45 models Tglobal
# comment :: daily2longer    1 mea, <a href=http://cmip-pcmdi.llnl.gov/cmip5/>CMIP5</a> global mean temperature computed at <a href=http://www.knmi.nl/selectfield_cmip5.cgi?someone@somewhere>KNMI Climate Explorer</a> tas_Amon_CESM1-BGC_rcp45_r1i1p1, cutting out region lon=   -0.625  359.375, lat=  -90.000   90.000, via the KNMI Climate Explorer (http://climexp.knmi.nl)
# institution :: KNMI Climate Explorer
# history ::  2018-05-21  9:17:02 bin/selectyear 1850 2100 data/iglobal_tas_Amon_mod_rcp45_007_mean1_anom.dat global_tas_Amon_mod_rcp45_+++_mean1_anom_1850:2100\n 2018-05-21  9:16:29 dat2nc ./data/iglobal_tas_Amon_mod_rcp45_007_mean1_anom.dat i CMIP5_RCP45_models_Tglobal ./data/iglobal_tas_Amon_mod_rcp45_007_mean1_anom.nc n
# tas [Celsius] from CESM1-BGC model output prepared for CMIP5 RCP4.5 r1i1p1
 1850   13.52700    
 1851   13.44297    
 1852   13.24162    
 1853   13.37582    
 1854   13.46222    
 1855   13.59690    
 1856   13.33676    
 1857   13.21649    
 1858   13.33896    
 1859   13.49424    
 1860   13.56409    
 1861   13.57678    
 1862   13.49589    
 1863   13.43673    
 1864   13.48595    
 1865   13.50995    
 1866   13.46011    
 1867   13.44510    
 1868   13.59808    
 1869   13.56793    
 1870   13.31069    
 1871   13.46749    
 1872   13.61281    
 1873   13.36064    
 1874   13.44954    
 1875   13.56408    
 1876   13.68182    
 1877   13.63022    
 1878   13.57274    
 1879   13.58303    
 1880   13.44125    
 1881   13.55217    
 1882   13.58459    
 1883   13.40597    
 1884   12.92940    
 1885   13.14991    
 1886   13.37136    
 1887   13.32159    
 1888   13.31539    
 1889   13.39784    
 1890   13.42817    
 1891   13.43580    
 1892   13.40889    
 1893   13.48217    
 1894   13.42263    
 1895   13.48510    
 1896   13.40442    
 1897   13.56973    
 1898   13.54987    
 1899   13.54766    
 1900   13.53173    
 1901   13.47632    
 1902   13.50014    
 1903   13.08739    
 1904   13.20251    
 1905   13.27635    
 1906   13.16473    
 1907   13.30141    
 1908   13.43142    
 1909   13.49655    
 1910   13.73194    
 1911   13.70142    
 1912   13.36863    
 1913   13.22254    
 1914   13.46361    
 1915   13.54882    
 1916   13.56459    
 1917   13.60863    
 1918   13.55782    
 1919   13.43545    
 1920   13.49886    
 1921   13.49484    
 1922   13.36053    
 1923   13.61462    
 1924   13.60813    
 1925   13.49589    
 1926   13.54484    
 1927   13.51663    
 1928   13.63512    
 1929   13.52814    
 1930   13.40188    
 1931   13.60273    
 1932   13.58717    
 1933   13.67135    
 1934   13.76149    
 1935   13.60169    
 1936   13.61650    
 1937   13.66572    
 1938   13.67589    
 1939   13.60402    
 1940   13.70901    
 1941   13.82003    
 1942   13.73852    
 1943   13.72685    
 1944   13.76839    
 1945   13.63052    
 1946   13.67291    
 1947   13.72696    
 1948   13.73337    
 1949   13.91075    
 1950   13.92576    
 1951   13.73850    
 1952   13.53216    
 1953   13.64359    
 1954   13.66447    
 1955   13.77533    
 1956   13.65331    
 1957   13.69183    
 1958   13.73051    
 1959   13.87421    
 1960   13.81001    
 1961   13.79958    
 1962   13.65074    
 1963   13.52865    
 1964   13.41828    
 1965   13.73962    
 1966   13.67918    
 1967   13.66176    
 1968   13.74863    
 1969   13.86720    
 1970   14.06618    
 1971   13.99755    
 1972   13.94481    
 1973   13.92970    
 1974   13.88251    
 1975   13.98556    
 1976   13.79166    
 1977   13.97305    
 1978   14.11005    
 1979   14.04259    
 1980   14.03729    
 1981   14.34561    
 1982   14.27190    
 1983   13.90630    
 1984   14.01290    
 1985   14.03567    
 1986   14.06680    
 1987   14.09823    
 1988   14.31476    
 1989   14.31133    
 1990   14.27436    
 1991   14.15486    
 1992   13.89529    
 1993   13.99800    
 1994   14.14797    
 1995   14.33257    
 1996   14.35290    
 1997   14.56419    
 1998   14.49439    
 1999   14.56971    
 2000   14.56289    
 2001   14.48504    
 2002   14.45043    
 2003   14.53018    
 2004   14.62556    
 2005   14.86519    
 2006   14.74834    
 2007   14.69782    
 2008   14.68028    
 2009   14.80339    
 2010   14.76046    
 2011   14.88785    
 2012   14.85378    
 2013   14.77791    
 2014   14.92145    
 2015   14.86870    
 2016   14.82334    
 2017   14.87907    
 2018   14.86903    
 2019   14.86343    
 2020   14.85446    
 2021   15.03219    
 2022   15.11962    
 2023   15.05901    
 2024   15.10609    
 2025   15.08256    
 2026   15.16897    
 2027   15.13106    
 2028   15.17195    
 2029   15.02965    
 2030   15.07961    
 2031   15.08871    
 2032   15.15602    
 2033   15.33944    
 2034   15.26241    
 2035   15.29231    
 2036   15.34273    
 2037   15.34932    
 2038   15.16795    
 2039   15.15827    
 2040   15.31283    
 2041   15.49946    
 2042   15.44373    
 2043   15.47906    
 2044   15.51287    
 2045   15.48321    
 2046   15.53438    
 2047   15.53759    
 2048   15.48057    
 2049   15.47737    
 2050   15.67877    
 2051   15.76170    
 2052   15.59233    
 2053   15.63940    
 2054   15.67945    
 2055   15.74122    
 2056   15.75743    
 2057   15.85414    
 2058   15.96848    
 2059   15.64258    
 2060   15.69596    
 2061   15.79514    
 2062   15.81723    
 2063   15.76955    
 2064   15.93084    
 2065   15.93123    
 2066   15.83859    
 2067   15.96568    
 2068   15.91705    
 2069   15.74001    
 2070   15.75437    
 2071   15.89928    
 2072   15.84653    
 2073   15.75907    
 2074   15.94872    
 2075   15.98329    
 2076   15.91385    
 2077   15.94481    
 2078   15.90964    
 2079   15.96019    
 2080   16.09711    
 2081   15.97276    
 2082   15.88871    
 2083   15.93327    
 2084   15.94060    
 2085   15.94763    
 2086   15.96267    
 2087   15.92187    
 2088   15.81227    
 2089   15.85718    
 2090   15.93097    
 2091   15.96869    
 2092   15.95441    
 2093   15.87538    
 2094   15.90078    
 2095   16.03918    
 2096   15.95124    
 2097   15.94245    
 2098   15.91516    
 2099   15.91811    
 2100   16.00985    
