# daily2longer    1 mea
# <a href=http://cmip-pcmdi.llnl.gov/cmip5/>CMIP5</a> global mean temperature computed at <a href=http://www.knmi.nl/selectfield_cmip5.cgi?someone@somewhere>KNMI Climate Explorer</a> tas_Amon_ACCESS1-3_rcp45_r1i1p1
# cutting out region lon=   -0.938  359.062, lat=  -90.000   90.000
# file :: /data/storage/climexp/data/iglobal_tas_Amon_mod_rcp45_001_mean1_anom.dat
# description :: CMIP5 RCP45 models Tglobal
# comment :: daily2longer    1 mea, <a href=http://cmip-pcmdi.llnl.gov/cmip5/>CMIP5</a> global mean temperature computed at <a href=http://www.knmi.nl/selectfield_cmip5.cgi?someone@somewhere>KNMI Climate Explorer</a> tas_Amon_ACCESS1-3_rcp45_r1i1p1, cutting out region lon=   -0.938  359.062, lat=  -90.000   90.000, via the KNMI Climate Explorer (http://climexp.knmi.nl)
# institution :: KNMI Climate Explorer
# history ::  2018-05-21  9:17:02 bin/selectyear 1850 2100 data/iglobal_tas_Amon_mod_rcp45_001_mean1_anom.dat global_tas_Amon_mod_rcp45_+++_mean1_anom_1850:2100\n 2018-05-21  9:16:29 dat2nc ./data/iglobal_tas_Amon_mod_rcp45_001_mean1_anom.dat i CMIP5_RCP45_models_Tglobal ./data/iglobal_tas_Amon_mod_rcp45_001_mean1_anom.nc n
# tas [Celsius] from ACCESS1-3 model output prepared for CMIP5 RCP4.5 r1i1p1
 1850   13.97383    
 1851   14.12445    
 1852   14.03685    
 1853   14.12932    
 1854   14.25213    
 1855   14.00427    
 1856   14.06798    
 1857   14.08215    
 1858   13.89992    
 1859   13.93607    
 1860   13.92453    
 1861   13.98879    
 1862   13.92030    
 1863   13.95651    
 1864   13.99106    
 1865   14.05753    
 1866   14.07417    
 1867   13.95928    
 1868   13.91318    
 1869   14.02415    
 1870   14.14992    
 1871   14.00924    
 1872   13.98972    
 1873   14.17120    
 1874   14.11421    
 1875   14.18349    
 1876   14.27124    
 1877   14.09685    
 1878   14.02692    
 1879   14.10462    
 1880   14.06272    
 1881   14.04827    
 1882   14.00001    
 1883   13.90487    
 1884   13.81700    
 1885   13.84353    
 1886   13.71602    
 1887   13.76053    
 1888   13.76801    
 1889   13.78460    
 1890   13.76574    
 1891   13.80115    
 1892   13.80646    
 1893   13.85827    
 1894   14.05076    
 1895   14.11388    
 1896   14.09859    
 1897   14.11818    
 1898   14.08351    
 1899   14.10951    
 1900   14.01402    
 1901   14.11820    
 1902   14.03269    
 1903   13.83335    
 1904   13.83407    
 1905   13.92098    
 1906   13.81107    
 1907   13.84758    
 1908   13.96850    
 1909   13.98840    
 1910   14.05429    
 1911   14.08916    
 1912   14.03638    
 1913   13.93091    
 1914   14.08906    
 1915   14.05922    
 1916   14.09124    
 1917   14.10723    
 1918   13.96642    
 1919   14.07098    
 1920   14.34519    
 1921   14.42214    
 1922   14.23497    
 1923   14.24087    
 1924   14.19527    
 1925   14.22074    
 1926   14.10742    
 1927   14.01349    
 1928   14.05767    
 1929   14.14398    
 1930   14.13220    
 1931   13.99408    
 1932   13.99454    
 1933   14.09309    
 1934   14.11336    
 1935   14.07290    
 1936   14.11592    
 1937   14.16761    
 1938   14.15776    
 1939   14.18334    
 1940   14.28982    
 1941   14.12659    
 1942   14.09225    
 1943   14.24357    
 1944   14.01039    
 1945   14.07096    
 1946   14.18221    
 1947   14.34476    
 1948   14.29275    
 1949   14.21631    
 1950   14.21256    
 1951   14.31577    
 1952   14.18250    
 1953   14.14606    
 1954   14.06212    
 1955   14.07767    
 1956   14.11264    
 1957   14.11514    
 1958   14.06619    
 1959   14.18657    
 1960   14.16343    
 1961   14.17953    
 1962   14.27185    
 1963   14.25867    
 1964   13.96156    
 1965   14.00169    
 1966   14.02553    
 1967   13.95341    
 1968   14.02574    
 1969   14.13692    
 1970   14.18746    
 1971   14.14327    
 1972   14.17734    
 1973   14.11503    
 1974   14.05278    
 1975   14.06261    
 1976   13.92742    
 1977   14.13179    
 1978   14.22150    
 1979   14.14827    
 1980   14.13116    
 1981   14.14980    
 1982   14.20040    
 1983   14.28419    
 1984   14.23279    
 1985   14.26864    
 1986   14.26305    
 1987   14.38189    
 1988   14.22818    
 1989   14.31156    
 1990   14.31599    
 1991   14.43069    
 1992   14.20007    
 1993   14.22913    
 1994   14.24451    
 1995   14.26927    
 1996   14.34170    
 1997   14.35402    
 1998   14.49639    
 1999   14.41843    
 2000   14.36160    
 2001   14.48344    
 2002   14.58481    
 2003   14.56178    
 2004   14.64654    
 2005   14.72090    
 2006   14.74184    
 2007   14.72938    
 2008   14.94009    
 2009   14.97848    
 2010   14.87080    
 2011   14.89393    
 2012   14.91410    
 2013   15.04897    
 2014   14.90406    
 2015   14.90555    
 2016   14.81377    
 2017   15.03426    
 2018   15.09989    
 2019   15.09302    
 2020   14.99688    
 2021   15.09758    
 2022   15.15903    
 2023   15.12860    
 2024   15.22481    
 2025   15.29716    
 2026   15.33191    
 2027   15.32597    
 2028   15.20885    
 2029   15.21643    
 2030   15.29878    
 2031   15.28472    
 2032   15.31727    
 2033   15.43722    
 2034   15.50309    
 2035   15.32702    
 2036   15.41449    
 2037   15.41530    
 2038   15.52906    
 2039   15.61231    
 2040   15.51100    
 2041   15.57870    
 2042   15.57161    
 2043   15.52866    
 2044   15.65652    
 2045   15.67917    
 2046   15.75712    
 2047   15.93046    
 2048   15.87395    
 2049   15.82244    
 2050   15.87973    
 2051   15.90355    
 2052   15.86173    
 2053   16.00867    
 2054   15.97164    
 2055   15.98330    
 2056   15.95827    
 2057   15.99859    
 2058   16.17130    
 2059   16.23976    
 2060   16.31517    
 2061   16.26014    
 2062   16.21441    
 2063   16.21189    
 2064   16.12634    
 2065   16.24968    
 2066   16.36907    
 2067   16.03109    
 2068   16.17821    
 2069   16.30390    
 2070   16.52914    
 2071   16.35652    
 2072   16.20495    
 2073   16.35673    
 2074   16.29847    
 2075   16.21937    
 2076   16.18067    
 2077   16.41609    
 2078   16.46990    
 2079   16.63351    
 2080   16.59415    
 2081   16.51287    
 2082   16.51907    
 2083   16.65432    
 2084   16.50410    
 2085   16.49652    
 2086   16.48257    
 2087   16.50839    
 2088   16.45135    
 2089   16.50425    
 2090   16.50112    
 2091   16.26396    
 2092   16.45227    
 2093   16.70812    
 2094   16.66169    
 2095   16.60225    
 2096   16.65044    
 2097   16.65839    
 2098   16.57541    
 2099   16.60041    
 2100   16.69504    
