# daily2longer    1 mea
# <a href=http://cmip-pcmdi.llnl.gov/cmip5/>CMIP5</a> global mean temperature computed at <a href=http://www.knmi.nl/selectfield_cmip5.cgi?someone@somewhere>KNMI Climate Explorer</a> tas_Amon_inmcm4_rcp45_r1i1p1
# cutting out region lon=   -1.000  359.000, lat=  -90.000   90.000
# file :: /data/storage/climexp/data/iglobal_tas_Amon_mod_rcp45_030_mean1_anom.dat
# description :: CMIP5 RCP45 models Tglobal
# comment :: daily2longer    1 mea, <a href=http://cmip-pcmdi.llnl.gov/cmip5/>CMIP5</a> global mean temperature computed at <a href=http://www.knmi.nl/selectfield_cmip5.cgi?someone@somewhere>KNMI Climate Explorer</a> tas_Amon_inmcm4_rcp45_r1i1p1, cutting out region lon=   -1.000  359.000, lat=  -90.000   90.000, via the KNMI Climate Explorer (http://climexp.knmi.nl)
# institution :: KNMI Climate Explorer
# history ::  2018-05-21  9:17:03 bin/selectyear 1850 2100 data/iglobal_tas_Amon_mod_rcp45_030_mean1_anom.dat global_tas_Amon_mod_rcp45_+++_mean1_anom_1850:2100\n 2018-05-21  9:16:31 dat2nc ./data/iglobal_tas_Amon_mod_rcp45_030_mean1_anom.dat i CMIP5_RCP45_models_Tglobal ./data/iglobal_tas_Amon_mod_rcp45_030_mean1_anom.nc n
# tas [Celsius] from inmcm4 model output prepared for CMIP5 RCP4.5 r1i1p1
 1850   13.12930    
 1851   13.17569    
 1852   13.11061    
 1853   13.17705    
 1854   13.14056    
 1855   13.11016    
 1856   13.17237    
 1857   13.12757    
 1858   13.12117    
 1859   13.08118    
 1860   13.07526    
 1861   13.12576    
 1862   13.14819    
 1863   13.11584    
 1864   13.22363    
 1865   13.26200    
 1866   13.12205    
 1867   13.25991    
 1868   13.31465    
 1869   13.25944    
 1870   13.25083    
 1871   13.12771    
 1872   13.24481    
 1873   13.25975    
 1874   13.22369    
 1875   13.22274    
 1876   13.34623    
 1877   13.19587    
 1878   13.11507    
 1879   13.17413    
 1880   13.24232    
 1881   13.24232    
 1882   13.13381    
 1883   13.15795    
 1884   13.29468    
 1885   13.20706    
 1886   13.23510    
 1887   13.24367    
 1888   13.12898    
 1889   13.05317    
 1890   13.23716    
 1891   13.15932    
 1892   13.05220    
 1893   13.31699    
 1894   13.33242    
 1895   13.22291    
 1896   13.13248    
 1897   13.15565    
 1898   13.19575    
 1899   13.27391    
 1900   13.18114    
 1901   13.08771    
 1902   13.05105    
 1903   13.11998    
 1904   13.20572    
 1905   13.22366    
 1906   13.16221    
 1907   13.16557    
 1908   13.22880    
 1909   13.20852    
 1910   13.08922    
 1911   13.11759    
 1912   13.12521    
 1913   13.24107    
 1914   13.15724    
 1915   13.13291    
 1916   13.15641    
 1917   13.24839    
 1918   13.21698    
 1919   13.29088    
 1920   13.22679    
 1921   13.15045    
 1922   13.25684    
 1923   13.21975    
 1924   13.24287    
 1925   13.43289    
 1926   13.37142    
 1927   13.32639    
 1928   13.39318    
 1929   13.36078    
 1930   13.29331    
 1931   13.33563    
 1932   13.34437    
 1933   13.31246    
 1934   13.28015    
 1935   13.42050    
 1936   13.41188    
 1937   13.37055    
 1938   13.47028    
 1939   13.51239    
 1940   13.37392    
 1941   13.41519    
 1942   13.45604    
 1943   13.45302    
 1944   13.47697    
 1945   13.50300    
 1946   13.33474    
 1947   13.37793    
 1948   13.36498    
 1949   13.47519    
 1950   13.44827    
 1951   13.42801    
 1952   13.42715    
 1953   13.35354    
 1954   13.41445    
 1955   13.34075    
 1956   13.38157    
 1957   13.43485    
 1958   13.50144    
 1959   13.45950    
 1960   13.58859    
 1961   13.55368    
 1962   13.49270    
 1963   13.34791    
 1964   13.48126    
 1965   13.53664    
 1966   13.57909    
 1967   13.56108    
 1968   13.48262    
 1969   13.56357    
 1970   13.58011    
 1971   13.47382    
 1972   13.59117    
 1973   13.68600    
 1974   13.58858    
 1975   13.55637    
 1976   13.42846    
 1977   13.54497    
 1978   13.57409    
 1979   13.67063    
 1980   13.68260    
 1981   13.68390    
 1982   13.61395    
 1983   13.75754    
 1984   13.69786    
 1985   13.72205    
 1986   13.75745    
 1987   13.73328    
 1988   13.67733    
 1989   13.69964    
 1990   13.69579    
 1991   13.67954    
 1992   13.70212    
 1993   13.67739    
 1994   13.80165    
 1995   13.77618    
 1996   13.82769    
 1997   13.76317    
 1998   13.77285    
 1999   13.81636    
 2000   13.84286    
 2001   13.92712    
 2002   13.85564    
 2003   13.80267    
 2004   13.97707    
 2005   13.87359    
 2006   13.88467    
 2007   13.96097    
 2008   14.00478    
 2009   13.95773    
 2010   13.94656    
 2011   13.93941    
 2012   13.96003    
 2013   14.01962    
 2014   14.02811    
 2015   13.92264    
 2016   13.98742    
 2017   13.97654    
 2018   14.00638    
 2019   14.03573    
 2020   13.97720    
 2021   14.09533    
 2022   14.06470    
 2023   14.07076    
 2024   14.08306    
 2025   14.17693    
 2026   14.14957    
 2027   14.24341    
 2028   14.19466    
 2029   14.22783    
 2030   14.29528    
 2031   14.20229    
 2032   14.27233    
 2033   14.26178    
 2034   14.30028    
 2035   14.41453    
 2036   14.37162    
 2037   14.37561    
 2038   14.45552    
 2039   14.37904    
 2040   14.39171    
 2041   14.49904    
 2042   14.46658    
 2043   14.38131    
 2044   14.39025    
 2045   14.41451    
 2046   14.44706    
 2047   14.47572    
 2048   14.52488    
 2049   14.55518    
 2050   14.52296    
 2051   14.59536    
 2052   14.59858    
 2053   14.64657    
 2054   14.64669    
 2055   14.64924    
 2056   14.68173    
 2057   14.57190    
 2058   14.55343    
 2059   14.64022    
 2060   14.77362    
 2061   14.77897    
 2062   14.68857    
 2063   14.79023    
 2064   14.73815    
 2065   14.72979    
 2066   14.65887    
 2067   14.78250    
 2068   14.75966    
 2069   14.77951    
 2070   14.84379    
 2071   14.87780    
 2072   14.89588    
 2073   14.93918    
 2074   14.81860    
 2075   14.88441    
 2076   14.92223    
 2077   14.98336    
 2078   14.99006    
 2079   15.03984    
 2080   15.05498    
 2081   14.93210    
 2082   15.02785    
 2083   15.00846    
 2084   14.99486    
 2085   15.06830    
 2086   14.89638    
 2087   15.02413    
 2088   15.08329    
 2089   15.07133    
 2090   15.04742    
 2091   15.03963    
 2092   15.01220    
 2093   15.00678    
 2094   14.94308    
 2095   14.97707    
 2096   15.10446    
 2097   14.98632    
 2098   14.99361    
 2099   15.08959    
 2100   14.99047    
