# daily2longer    1 mea
# <a href=http://cmip-pcmdi.llnl.gov/cmip5/>CMIP5</a> global mean temperature computed at <a href=http://www.knmi.nl/selectfield_cmip5.cgi?someone@somewhere>KNMI Climate Explorer</a> tas_Amon_GISS-E2-R_rcp45_r1i1p1
# cutting out region lon=    0.000  360.000, lat=  -90.000   90.000
# file :: /data/storage/climexp/data/iglobal_tas_Amon_mod_rcp45_024_mean1_anom.dat
# description :: CMIP5 RCP45 models Tglobal
# comment :: daily2longer    1 mea, <a href=http://cmip-pcmdi.llnl.gov/cmip5/>CMIP5</a> global mean temperature computed at <a href=http://www.knmi.nl/selectfield_cmip5.cgi?someone@somewhere>KNMI Climate Explorer</a> tas_Amon_GISS-E2-R_rcp45_r1i1p1, cutting out region lon=    0.000  360.000, lat=  -90.000   90.000, via the KNMI Climate Explorer (http://climexp.knmi.nl)
# institution :: KNMI Climate Explorer
# history ::  2018-05-21  9:17:03 bin/selectyear 1850 2100 data/iglobal_tas_Amon_mod_rcp45_024_mean1_anom.dat global_tas_Amon_mod_rcp45_+++_mean1_anom_1850:2100\n 2018-05-21  9:16:31 dat2nc ./data/iglobal_tas_Amon_mod_rcp45_024_mean1_anom.dat i CMIP5_RCP45_models_Tglobal ./data/iglobal_tas_Amon_mod_rcp45_024_mean1_anom.nc n
# tas [Celsius] from GISS-E2-R model output prepared for CMIP5 RCP4.5 r1i1p1
 1850   14.40347    
 1851   14.40111    
 1852   14.39529    
 1853   14.39172    
 1854   14.38316    
 1855   14.44990    
 1856   14.28981    
 1857   14.09643    
 1858   14.20382    
 1859   14.34431    
 1860   14.37757    
 1861   14.37881    
 1862   14.36945    
 1863   14.36580    
 1864   14.37142    
 1865   14.41728    
 1866   14.43120    
 1867   14.50678    
 1868   14.29652    
 1869   14.48599    
 1870   14.52284    
 1871   14.37801    
 1872   14.39449    
 1873   14.49298    
 1874   14.45351    
 1875   14.39402    
 1876   14.36042    
 1877   14.42336    
 1878   14.32028    
 1879   14.33908    
 1880   14.35378    
 1881   14.36025    
 1882   14.37503    
 1883   14.34321    
 1884   14.02939    
 1885   14.00700    
 1886   14.16761    
 1887   14.20544    
 1888   14.33774    
 1889   14.30064    
 1890   14.26567    
 1891   14.22394    
 1892   14.25167    
 1893   14.39997    
 1894   14.42746    
 1895   14.48758    
 1896   14.36371    
 1897   14.43494    
 1898   14.41213    
 1899   14.39339    
 1900   14.39135    
 1901   14.52565    
 1902   14.45020    
 1903   14.20444    
 1904   14.27810    
 1905   14.31319    
 1906   14.30429    
 1907   14.38671    
 1908   14.40726    
 1909   14.41956    
 1910   14.47482    
 1911   14.50084    
 1912   14.42461    
 1913   14.39517    
 1914   14.38244    
 1915   14.40309    
 1916   14.43118    
 1917   14.44093    
 1918   14.48343    
 1919   14.54048    
 1920   14.49384    
 1921   14.47815    
 1922   14.36625    
 1923   14.46265    
 1924   14.46970    
 1925   14.56567    
 1926   14.46620    
 1927   14.51095    
 1928   14.59846    
 1929   14.51764    
 1930   14.60096    
 1931   14.54247    
 1932   14.52836    
 1933   14.54391    
 1934   14.64154    
 1935   14.64344    
 1936   14.52058    
 1937   14.66223    
 1938   14.64106    
 1939   14.50883    
 1940   14.52568    
 1941   14.56317    
 1942   14.57459    
 1943   14.49247    
 1944   14.48932    
 1945   14.57463    
 1946   14.53854    
 1947   14.51079    
 1948   14.65082    
 1949   14.68229    
 1950   14.55216    
 1951   14.59194    
 1952   14.61476    
 1953   14.65486    
 1954   14.71183    
 1955   14.70660    
 1956   14.62319    
 1957   14.62992    
 1958   14.62851    
 1959   14.66928    
 1960   14.66149    
 1961   14.61530    
 1962   14.63827    
 1963   14.57086    
 1964   14.44281    
 1965   14.47780    
 1966   14.55995    
 1967   14.57471    
 1968   14.59583    
 1969   14.60009    
 1970   14.59970    
 1971   14.68902    
 1972   14.62351    
 1973   14.80355    
 1974   14.80616    
 1975   14.79702    
 1976   14.85001    
 1977   14.83271    
 1978   14.75978    
 1979   14.83496    
 1980   14.89060    
 1981   14.90036    
 1982   14.76446    
 1983   14.57003    
 1984   14.69733    
 1985   14.74948    
 1986   14.75213    
 1987   14.79421    
 1988   14.88278    
 1989   14.88038    
 1990   14.94179    
 1991   14.78597    
 1992   14.53805    
 1993   14.67167    
 1994   14.71044    
 1995   14.88992    
 1996   14.86999    
 1997   14.88200    
 1998   15.05409    
 1999   15.09514    
 2000   15.07004    
 2001   15.19402    
 2002   15.14133    
 2003   15.18673    
 2004   15.23743    
 2005   15.20220    
 2006   15.25509    
 2007   15.31290    
 2008   15.26328    
 2009   15.23196    
 2010   15.37711    
 2011   15.42590    
 2012   15.38730    
 2013   15.37407    
 2014   15.39236    
 2015   15.44858    
 2016   15.43297    
 2017   15.48576    
 2018   15.47849    
 2019   15.48370    
 2020   15.35960    
 2021   15.32826    
 2022   15.40348    
 2023   15.45619    
 2024   15.54419    
 2025   15.53458    
 2026   15.53483    
 2027   15.53821    
 2028   15.60315    
 2029   15.66415    
 2030   15.57979    
 2031   15.60717    
 2032   15.62027    
 2033   15.67280    
 2034   15.71218    
 2035   15.73304    
 2036   15.74334    
 2037   15.86219    
 2038   15.80289    
 2039   15.86353    
 2040   15.96131    
 2041   15.90059    
 2042   15.81214    
 2043   15.83488    
 2044   15.78453    
 2045   15.81111    
 2046   15.90221    
 2047   15.93921    
 2048   15.91440    
 2049   15.96980    
 2050   15.97762    
 2051   15.97902    
 2052   15.99868    
 2053   15.96091    
 2054   16.01443    
 2055   16.06375    
 2056   16.03167    
 2057   15.93757    
 2058   15.95667    
 2059   16.02055    
 2060   16.04077    
 2061   16.07811    
 2062   16.07397    
 2063   16.07922    
 2064   16.17352    
 2065   16.25025    
 2066   16.11573    
 2067   16.04203    
 2068   16.06065    
 2069   16.01151    
 2070   16.06973    
 2071   16.09566    
 2072   16.05514    
 2073   16.12047    
 2074   16.04813    
 2075   16.03771    
 2076   16.06918    
 2077   16.07546    
 2078   16.05732    
 2079   16.16808    
 2080   16.14128    
 2081   16.09207    
 2082   16.10449    
 2083   16.09360    
 2084   16.14941    
 2085   16.19951    
 2086   16.19750    
 2087   16.18750    
 2088   16.17959    
 2089   16.10529    
 2090   16.02736    
 2091   16.07555    
 2092   16.15609    
 2093   16.16847    
 2094   16.13608    
 2095   16.24856    
 2096   16.20088    
 2097   16.25858    
 2098   16.22769    
 2099   16.19779    
 2100   16.21851    
