# daily2longer    1 mea
# ensemble mea of file global_tas_Amon_CanESM2_rcp45_%%.dat
# using members   0 to   4
# <a href=http://cmip-pcmdi.llnl.gov/cmip5/>CMIP5</a> global mean temperature computed at <a href=http://www.knmi.nl/selectfield_cmip5.cgi?someone@somewhere>KNMI Climate Explorer</a> tas_Amon_CanESM2_rcp45_r1i1p1
# cutting out region lon=   -1.406  358.594, lat=  -89.247   89.247
# file :: /data/storage/climexp/data/iglobal_tas_Amon_mod_rcp45_005_mean1_anom.dat
# description :: CMIP5 RCP45 models Tglobal
# comment :: daily2longer    1 mea, ensemble mea of file global_tas_Amon_CanESM2_rcp45_%%.dat, using members   0 to   4, <a href=http://cmip-pcmdi.llnl.gov/cmip5/>CMIP5</a> global mean temperature computed at <a href=http://www.knmi.nl/selectfield_cmip5.cgi?someone@somewhere>KNMI Climate Explorer</a> tas_Amon_CanESM2_rcp45_r1i1p1, cutting out region lon=   -1.406  358.594, lat=  -89.247   89.247, via the KNMI Climate Explorer (http://climexp.knmi.nl)
# institution :: KNMI Climate Explorer
# history ::  2018-05-21  9:17:02 bin/selectyear 1850 2100 data/iglobal_tas_Amon_mod_rcp45_005_mean1_anom.dat global_tas_Amon_mod_rcp45_+++_mean1_anom_1850:2100\n 2018-05-21  9:16:29 dat2nc ./data/iglobal_tas_Amon_mod_rcp45_005_mean1_anom.dat i CMIP5_RCP45_models_Tglobal ./data/iglobal_tas_Amon_mod_rcp45_005_mean1_anom.nc n
# tas [Celsius] from CanESM2 model output prepared for CMIP5 RCP4.5 r1i1p1
 1850   13.69324    
 1851   13.69437    
 1852   13.73913    
 1853   13.75052    
 1854   13.87162    
 1855   13.79696    
 1856   13.63715    
 1857   13.60191    
 1858   13.61129    
 1859   13.60112    
 1860   13.67934    
 1861   13.72573    
 1862   13.68860    
 1863   13.61706    
 1864   13.58409    
 1865   13.58400    
 1866   13.62230    
 1867   13.69485    
 1868   13.68302    
 1869   13.74510    
 1870   13.79301    
 1871   13.69837    
 1872   13.77856    
 1873   13.69234    
 1874   13.76460    
 1875   13.72612    
 1876   13.71571    
 1877   13.77738    
 1878   13.76823    
 1879   13.74412    
 1880   13.79406    
 1881   13.85653    
 1882   13.77705    
 1883   13.71750    
 1884   13.60493    
 1885   13.46670    
 1886   13.33464    
 1887   13.42944    
 1888   13.49044    
 1889   13.51954    
 1890   13.48373    
 1891   13.53834    
 1892   13.52310    
 1893   13.60621    
 1894   13.58432    
 1895   13.62676    
 1896   13.62379    
 1897   13.58719    
 1898   13.68616    
 1899   13.62292    
 1900   13.68036    
 1901   13.68227    
 1902   13.58398    
 1903   13.50210    
 1904   13.54488    
 1905   13.49153    
 1906   13.59931    
 1907   13.68392    
 1908   13.70118    
 1909   13.67272    
 1910   13.70599    
 1911   13.71412    
 1912   13.80054    
 1913   13.68252    
 1914   13.60526    
 1915   13.73067    
 1916   13.79985    
 1917   13.87107    
 1918   13.85634    
 1919   13.95530    
 1920   13.91597    
 1921   13.83516    
 1922   13.86485    
 1923   13.92541    
 1924   13.81829    
 1925   13.72989    
 1926   13.81026    
 1927   13.84242    
 1928   13.90063    
 1929   13.88112    
 1930   13.86262    
 1931   13.85294    
 1932   13.86951    
 1933   13.85138    
 1934   13.82494    
 1935   13.89244    
 1936   13.91837    
 1937   13.96911    
 1938   14.02770    
 1939   13.92659    
 1940   13.84212    
 1941   13.96307    
 1942   13.94287    
 1943   13.89220    
 1944   13.82391    
 1945   13.92546    
 1946   13.85593    
 1947   13.94262    
 1948   13.88760    
 1949   13.94494    
 1950   13.93009    
 1951   13.98375    
 1952   13.94096    
 1953   13.94171    
 1954   13.95119    
 1955   13.94349    
 1956   13.89686    
 1957   13.88414    
 1958   13.83939    
 1959   13.91521    
 1960   13.93753    
 1961   13.95829    
 1962   13.88276    
 1963   13.78266    
 1964   13.71107    
 1965   13.69702    
 1966   13.68437    
 1967   13.68065    
 1968   13.77376    
 1969   13.74327    
 1970   13.74799    
 1971   13.85404    
 1972   13.79118    
 1973   13.97951    
 1974   14.03494    
 1975   13.89529    
 1976   13.94432    
 1977   13.97789    
 1978   13.98828    
 1979   13.97106    
 1980   14.12333    
 1981   14.17840    
 1982   14.09135    
 1983   13.89989    
 1984   13.95156    
 1985   14.08445    
 1986   14.14552    
 1987   14.12426    
 1988   14.27685    
 1989   14.31849    
 1990   14.34146    
 1991   14.32975    
 1992   14.09163    
 1993   14.12496    
 1994   14.18299    
 1995   14.27953    
 1996   14.45797    
 1997   14.47513    
 1998   14.52656    
 1999   14.60467    
 2000   14.65055    
 2001   14.57355    
 2002   14.67601    
 2003   14.78101    
 2004   14.78669    
 2005   14.89070    
 2006   14.93844    
 2007   14.88999    
 2008   14.86202    
 2009   14.89060    
 2010   14.97819    
 2011   15.00838    
 2012   15.03794    
 2013   14.97720    
 2014   14.99841    
 2015   15.18487    
 2016   15.16452    
 2017   15.17599    
 2018   15.18602    
 2019   15.24679    
 2020   15.31188    
 2021   15.28220    
 2022   15.38586    
 2023   15.27848    
 2024   15.34638    
 2025   15.42088    
 2026   15.50832    
 2027   15.53680    
 2028   15.53752    
 2029   15.54600    
 2030   15.59337    
 2031   15.57743    
 2032   15.58875    
 2033   15.69090    
 2034   15.73758    
 2035   15.78988    
 2036   15.83428    
 2037   15.81324    
 2038   15.88975    
 2039   15.88248    
 2040   15.90497    
 2041   16.00867    
 2042   16.07848    
 2043   16.07779    
 2044   16.11997    
 2045   16.06997    
 2046   16.04896    
 2047   16.11208    
 2048   16.14673    
 2049   16.24770    
 2050   16.25584    
 2051   16.22186    
 2052   16.22898    
 2053   16.29061    
 2054   16.25433    
 2055   16.24395    
 2056   16.32890    
 2057   16.30814    
 2058   16.35794    
 2059   16.46135    
 2060   16.44460    
 2061   16.49115    
 2062   16.53722    
 2063   16.51342    
 2064   16.45712    
 2065   16.49002    
 2066   16.48945    
 2067   16.57051    
 2068   16.56834    
 2069   16.55606    
 2070   16.52004    
 2071   16.59767    
 2072   16.68904    
 2073   16.65189    
 2074   16.64834    
 2075   16.69297    
 2076   16.64818    
 2077   16.66530    
 2078   16.68354    
 2079   16.71890    
 2080   16.80179    
 2081   16.79460    
 2082   16.75558    
 2083   16.78830    
 2084   16.77087    
 2085   16.72660    
 2086   16.74274    
 2087   16.77617    
 2088   16.75253    
 2089   16.77711    
 2090   16.79882    
 2091   16.84221    
 2092   16.82726    
 2093   16.84515    
 2094   16.88517    
 2095   16.87458    
 2096   16.84451    
 2097   16.83229    
 2098   16.92178    
 2099   16.85113    
 2100   16.84989    
