# daily2longer    1 mea
# ensemble mea of file global_tas_Amon_EC-EARTH_rcp45_%%.dat
# using members   0 to   6
# <a href=http://cmip-pcmdi.llnl.gov/cmip5/>CMIP5</a> global mean temperature computed at <a href=http://www.knmi.nl/selectfield_cmip5.cgi?someone@somewhere>KNMI Climate Explorer</a> tas_Amon_EC-EARTH_rcp45_r12i1p1
# cutting out region lon=   -0.562  359.438, lat=  -89.698   89.698
# file :: /data/storage/climexp/data/iglobal_tas_Amon_mod_rcp45_013_mean1_anom.dat
# description :: CMIP5 RCP45 models Tglobal
# comment :: daily2longer    1 mea, ensemble mea of file global_tas_Amon_EC-EARTH_rcp45_%%.dat, using members   0 to   6, <a href=http://cmip-pcmdi.llnl.gov/cmip5/>CMIP5</a> global mean temperature computed at <a href=http://www.knmi.nl/selectfield_cmip5.cgi?someone@somewhere>KNMI Climate Explorer</a> tas_Amon_EC-EARTH_rcp45_r12i1p1, cutting out region lon=   -0.562  359.438, lat=  -89.698   89.698, via the KNMI Climate Explorer (http://climexp.knmi.nl)
# institution :: KNMI Climate Explorer
# history ::  2018-05-21  9:17:03 bin/selectyear 1850 2100 data/iglobal_tas_Amon_mod_rcp45_013_mean1_anom.dat global_tas_Amon_mod_rcp45_+++_mean1_anom_1850:2100\n 2018-05-21  9:16:30 dat2nc ./data/iglobal_tas_Amon_mod_rcp45_013_mean1_anom.dat i CMIP5_RCP45_models_Tglobal ./data/iglobal_tas_Amon_mod_rcp45_013_mean1_anom.nc n
# tas [Celsius] from EC-EARTH model output prepared for CMIP5 RCP4.5 r12i1p1
 1850   12.53285    
 1851   12.52488    
 1852   12.50880    
 1853   12.54470    
 1854   12.51173    
 1855   12.52212    
 1856   12.37304    
 1857   12.27587    
 1858   12.30184    
 1859   12.37311    
 1860   12.39799    
 1861   12.39169    
 1862   12.41131    
 1863   12.44871    
 1864   12.48526    
 1865   12.50202    
 1866   12.49660    
 1867   12.47604    
 1868   12.45852    
 1869   12.46781    
 1870   12.50066    
 1871   12.44910    
 1872   12.44366    
 1873   12.52563    
 1874   12.55366    
 1875   12.53723    
 1876   12.47869    
 1877   12.45440    
 1878   12.56219    
 1879   12.59098    
 1880   12.52413    
 1881   12.56566    
 1882   12.58019    
 1883   12.49188    
 1884   12.19118    
 1885   12.17929    
 1886   12.27295    
 1887   12.27483    
 1888   12.29692    
 1889   12.29324    
 1890   12.27573    
 1891   12.28481    
 1892   12.32290    
 1893   12.42171    
 1894   12.48582    
 1895   12.56824    
 1896   12.49044    
 1897   12.46057    
 1898   12.44439    
 1899   12.42219    
 1900   12.48263    
 1901   12.49989    
 1902   12.52324    
 1903   12.34503    
 1904   12.33824    
 1905   12.39569    
 1906   12.46297    
 1907   12.52615    
 1908   12.56739    
 1909   12.57454    
 1910   12.51910    
 1911   12.51074    
 1912   12.47975    
 1913   12.40144    
 1914   12.45829    
 1915   12.57333    
 1916   12.64366    
 1917   12.61272    
 1918   12.67622    
 1919   12.66172    
 1920   12.70551    
 1921   12.73395    
 1922   12.71953    
 1923   12.67018    
 1924   12.72587    
 1925   12.72521    
 1926   12.74755    
 1927   12.76599    
 1928   12.77642    
 1929   12.78496    
 1930   12.76200    
 1931   12.75171    
 1932   12.72853    
 1933   12.71524    
 1934   12.74731    
 1935   12.73322    
 1936   12.74999    
 1937   12.72054    
 1938   12.70209    
 1939   12.76344    
 1940   12.75627    
 1941   12.81626    
 1942   12.79869    
 1943   12.82216    
 1944   12.83517    
 1945   12.78819    
 1946   12.77710    
 1947   12.77006    
 1948   12.79836    
 1949   12.81941    
 1950   12.80920    
 1951   12.84877    
 1952   12.82832    
 1953   12.77859    
 1954   12.84833    
 1955   12.86586    
 1956   12.83993    
 1957   12.85547    
 1958   12.86114    
 1959   12.89833    
 1960   12.88052    
 1961   12.89747    
 1962   12.90781    
 1963   12.82065    
 1964   12.72771    
 1965   12.76359    
 1966   12.74675    
 1967   12.84798    
 1968   12.81208    
 1969   12.73969    
 1970   12.80877    
 1971   12.85536    
 1972   12.91012    
 1973   12.95401    
 1974   12.97259    
 1975   12.92964    
 1976   12.98734    
 1977   13.03574    
 1978   13.11761    
 1979   13.15955    
 1980   13.16792    
 1981   13.16580    
 1982   13.10892    
 1983   12.99409    
 1984   13.05243    
 1985   13.13155    
 1986   13.16585    
 1987   13.18976    
 1988   13.25048    
 1989   13.25484    
 1990   13.31422    
 1991   13.26994    
 1992   13.06220    
 1993   13.13639    
 1994   13.25191    
 1995   13.29006    
 1996   13.20912    
 1997   13.30153    
 1998   13.38598    
 1999   13.39967    
 2000   13.46674    
 2001   13.49192    
 2002   13.50079    
 2003   13.60302    
 2004   13.59977    
 2005   13.60504    
 2006   13.59464    
 2007   13.63467    
 2008   13.60072    
 2009   13.61879    
 2010   13.65758    
 2011   13.71566    
 2012   13.70332    
 2013   13.79260    
 2014   13.80743    
 2015   13.83490    
 2016   13.83236    
 2017   13.87540    
 2018   13.84351    
 2019   13.89634    
 2020   13.91038    
 2021   13.87102    
 2022   13.91298    
 2023   13.94862    
 2024   13.99476    
 2025   14.03164    
 2026   14.05724    
 2027   14.09268    
 2028   14.12548    
 2029   14.12871    
 2030   14.14162    
 2031   14.22747    
 2032   14.17371    
 2033   14.16179    
 2034   14.17642    
 2035   14.21588    
 2036   14.23136    
 2037   14.30785    
 2038   14.33327    
 2039   14.31003    
 2040   14.33053    
 2041   14.43546    
 2042   14.47326    
 2043   14.45803    
 2044   14.46432    
 2045   14.49447    
 2046   14.55323    
 2047   14.52464    
 2048   14.49014    
 2049   14.52240    
 2050   14.56237    
 2051   14.60867    
 2052   14.61635    
 2053   14.63291    
 2054   14.66004    
 2055   14.70829    
 2056   14.75267    
 2057   14.75706    
 2058   14.82136    
 2059   14.75331    
 2060   14.70033    
 2061   14.76003    
 2062   14.81554    
 2063   14.84972    
 2064   14.84199    
 2065   14.91136    
 2066   14.92791    
 2067   14.93346    
 2068   14.89026    
 2069   14.90227    
 2070   14.97954    
 2071   15.00001    
 2072   14.93912    
 2073   14.97429    
 2074   14.99735    
 2075   15.01219    
 2076   15.00104    
 2077   15.03522    
 2078   15.08245    
 2079   15.07012    
 2080   15.04983    
 2081   15.09680    
 2082   15.08624    
 2083   15.07605    
 2084   15.14543    
 2085   15.13241    
 2086   15.07616    
 2087   15.09524    
 2088   15.19837    
 2089   15.15744    
 2090   15.10108    
 2091   15.13050    
 2092   15.17590    
 2093   15.20956    
 2094   15.18183    
 2095   15.21546    
 2096   15.20071    
 2097   15.16965    
 2098   15.26389    
 2099   15.28489    
 2100   15.27653    
