# daily2longer    1 mea
# <a href=http://cmip-pcmdi.llnl.gov/cmip5/>CMIP5</a> global mean temperature computed at <a href=http://www.knmi.nl/selectfield_cmip5.cgi?someone@somewhere>KNMI Climate Explorer</a> tas_Amon_FGOALS-g2_rcp45_r1i1p1
# cutting out region lon=   -1.406  358.594, lat=  -90.000   90.000
# file :: /data/storage/climexp/data/iglobal_tas_Amon_mod_rcp45_014_mean1_anom.dat
# description :: CMIP5 RCP45 models Tglobal
# comment :: daily2longer    1 mea, <a href=http://cmip-pcmdi.llnl.gov/cmip5/>CMIP5</a> global mean temperature computed at <a href=http://www.knmi.nl/selectfield_cmip5.cgi?someone@somewhere>KNMI Climate Explorer</a> tas_Amon_FGOALS-g2_rcp45_r1i1p1, cutting out region lon=   -1.406  358.594, lat=  -90.000   90.000, via the KNMI Climate Explorer (http://climexp.knmi.nl)
# institution :: KNMI Climate Explorer
# history ::  2018-05-21  9:17:03 bin/selectyear 1850 2100 data/iglobal_tas_Amon_mod_rcp45_014_mean1_anom.dat global_tas_Amon_mod_rcp45_+++_mean1_anom_1850:2100\n 2018-05-21  9:16:30 dat2nc ./data/iglobal_tas_Amon_mod_rcp45_014_mean1_anom.dat i CMIP5_RCP45_models_Tglobal ./data/iglobal_tas_Amon_mod_rcp45_014_mean1_anom.nc n
# tas [Celsius] from FGOALS_g2 model output prepared for CMIP5 RCP4.5 r1i1p1
 1850   12.30374    
 1851   12.33055    
 1852   12.29426    
 1853   12.25385    
 1854   12.15405    
 1855   12.27167    
 1856   12.27297    
 1857   12.14604    
 1858   12.18377    
 1859   12.23962    
 1860   12.22194    
 1861   12.22743    
 1862   12.28518    
 1863   12.28020    
 1864   12.21952    
 1865   12.27982    
 1866   12.15427    
 1867   12.19708    
 1868   12.11938    
 1869   12.25284    
 1870   12.26017    
 1871   12.19351    
 1872   12.31439    
 1873   12.26511    
 1874   12.19024    
 1875   12.20204    
 1876   12.21597    
 1877   12.32389    
 1878   12.21307    
 1879   12.22829    
 1880   12.22073    
 1881   12.17670    
 1882   12.18504    
 1883   12.17999    
 1884   12.22670    
 1885   12.16568    
 1886   12.22333    
 1887   12.26252    
 1888   12.22991    
 1889   12.06956    
 1890   12.14196    
 1891   12.14518    
 1892   12.09257    
 1893   12.25810    
 1894   12.27040    
 1895   12.16713    
 1896   12.21275    
 1897   12.19906    
 1898   12.26246    
 1899   12.18621    
 1900   12.14585    
 1901   12.21668    
 1902   12.15632    
 1903   12.27106    
 1904   12.27891    
 1905   12.09769    
 1906   12.15671    
 1907   12.18328    
 1908   12.22607    
 1909   12.23336    
 1910   12.14893    
 1911   12.05001    
 1912   12.21017    
 1913   12.27110    
 1914   12.14930    
 1915   12.25022    
 1916   12.23857    
 1917   12.21869    
 1918   12.16434    
 1919   12.27502    
 1920   12.18871    
 1921   12.10249    
 1922   12.07470    
 1923   12.18797    
 1924   12.29391    
 1925   12.17464    
 1926   12.15589    
 1927   12.21317    
 1928   12.31863    
 1929   12.30184    
 1930   12.21086    
 1931   12.31313    
 1932   12.34336    
 1933   12.28557    
 1934   12.18161    
 1935   12.17389    
 1936   12.27821    
 1937   12.36839    
 1938   12.26100    
 1939   12.16278    
 1940   12.28786    
 1941   12.32200    
 1942   12.19721    
 1943   12.15095    
 1944   12.34471    
 1945   12.30628    
 1946   12.20883    
 1947   12.24641    
 1948   12.39958    
 1949   12.30956    
 1950   12.33878    
 1951   12.26915    
 1952   12.20452    
 1953   12.30493    
 1954   12.39383    
 1955   12.29977    
 1956   12.37341    
 1957   12.34767    
 1958   12.33918    
 1959   12.37461    
 1960   12.36752    
 1961   12.34747    
 1962   12.40084    
 1963   12.28929    
 1964   12.31046    
 1965   12.41499    
 1966   12.45902    
 1967   12.40146    
 1968   12.44074    
 1969   12.49031    
 1970   12.37399    
 1971   12.48609    
 1972   12.49721    
 1973   12.47610    
 1974   12.45100    
 1975   12.48188    
 1976   12.57043    
 1977   12.47176    
 1978   12.57058    
 1979   12.58377    
 1980   12.70788    
 1981   12.56028    
 1982   12.54147    
 1983   12.61585    
 1984   12.68137    
 1985   12.59143    
 1986   12.61748    
 1987   12.56931    
 1988   12.68948    
 1989   12.72248    
 1990   12.79425    
 1991   12.71348    
 1992   12.74396    
 1993   12.74488    
 1994   12.63577    
 1995   12.65820    
 1996   12.85780    
 1997   12.92999    
 1998   12.80123    
 1999   12.78515    
 2000   12.87731    
 2001   13.01332    
 2002   13.04127    
 2003   13.02197    
 2004   13.06773    
 2005   13.03205    
 2006   13.05988    
 2007   13.06316    
 2008   13.02198    
 2009   13.08399    
 2010   13.12129    
 2011   13.01706    
 2012   13.02413    
 2013   13.16194    
 2014   13.17600    
 2015   13.15229    
 2016   13.32494    
 2017   13.36811    
 2018   13.24578    
 2019   13.26476    
 2020   13.32500    
 2021   13.39437    
 2022   13.41765    
 2023   13.37180    
 2024   13.33531    
 2025   13.54369    
 2026   13.59667    
 2027   13.56822    
 2028   13.61219    
 2029   13.46286    
 2030   13.48188    
 2031   13.53014    
 2032   13.61345    
 2033   13.50465    
 2034   13.56025    
 2035   13.56699    
 2036   13.75704    
 2037   13.87035    
 2038   13.75991    
 2039   13.78551    
 2040   13.87405    
 2041   13.77934    
 2042   13.77460    
 2043   13.95367    
 2044   13.88350    
 2045   13.77317    
 2046   13.77970    
 2047   13.87053    
 2048   13.79591    
 2049   13.83978    
 2050   13.92448    
 2051   13.88238    
 2052   14.00573    
 2053   13.96242    
 2054   13.87953    
 2055   14.04916    
 2056   14.11042    
 2057   13.98714    
 2058   14.06451    
 2059   14.06773    
 2060   13.95419    
 2061   13.97828    
 2062   13.98057    
 2063   13.85705    
 2064   13.89241    
 2065   14.03981    
 2066   14.06364    
 2067   14.10188    
 2068   14.04215    
 2069   14.09178    
 2070   14.06152    
 2071   14.08188    
 2072   14.13861    
 2073   14.13180    
 2074   14.03662    
 2075   14.04652    
 2076   14.05150    
 2077   14.10426    
 2078   14.21486    
 2079   14.15805    
 2080   14.11221    
 2081   14.06183    
 2082   14.07509    
 2083   14.10458    
 2084   14.16026    
 2085   14.02287    
 2086   14.10826    
 2087   14.12997    
 2088   14.06118    
 2089   14.14113    
 2090   14.14977    
 2091   14.19346    
 2092   14.17443    
 2093   14.13385    
 2094   14.08738    
 2095   14.14344    
 2096   14.13519    
 2097   14.17450    
 2098   14.12697    
 2099   14.17131    
 2100   14.16139    
