# daily2longer    1 mea
# ensemble mea of file global_tas_Amon_CSIRO-Mk3-6-0_rcp45_%%.dat
# using members   0 to   9
# <a href=http://cmip-pcmdi.llnl.gov/cmip5/>CMIP5</a> global mean temperature computed at <a href=http://www.knmi.nl/selectfield_cmip5.cgi?someone@somewhere>KNMI Climate Explorer</a> tas_Amon_CSIRO-Mk3-6-0_rcp45_r10i1p1
# cutting out region lon=   -0.938  359.062, lat=  -89.497   89.497
# file :: /data/storage/climexp/data/iglobal_tas_Amon_mod_rcp45_012_mean1_anom.dat
# description :: CMIP5 RCP45 models Tglobal
# comment :: daily2longer    1 mea, ensemble mea of file global_tas_Amon_CSIRO-Mk3-6-0_rcp45_%%.dat, using members   0 to   9, <a href=http://cmip-pcmdi.llnl.gov/cmip5/>CMIP5</a> global mean temperature computed at <a href=http://www.knmi.nl/selectfield_cmip5.cgi?someone@somewhere>KNMI Climate Explorer</a> tas_Amon_CSIRO-Mk3-6-0_rcp45_r10i1p1, cutting out region lon=   -0.938  359.062, lat=  -89.497   89.497, via the KNMI Climate Explorer (http://climexp.knmi.nl)
# institution :: KNMI Climate Explorer
# history ::  2018-05-21  9:17:03 bin/selectyear 1850 2100 data/iglobal_tas_Amon_mod_rcp45_012_mean1_anom.dat global_tas_Amon_mod_rcp45_+++_mean1_anom_1850:2100\n 2018-05-21  9:16:30 dat2nc ./data/iglobal_tas_Amon_mod_rcp45_012_mean1_anom.dat i CMIP5_RCP45_models_Tglobal ./data/iglobal_tas_Amon_mod_rcp45_012_mean1_anom.nc n
# tas [Celsius] from CSIRO-Mk3-6-0 model output prepared for CMIP5 RCP4.5 r10i1p1
 1850   12.65340    
 1851   12.72174    
 1852   12.78404    
 1853   12.76350    
 1854   12.77229    
 1855   12.79124    
 1856   12.74520    
 1857   12.59156    
 1858   12.62242    
 1859   12.66340    
 1860   12.71645    
 1861   12.73115    
 1862   12.65271    
 1863   12.66055    
 1864   12.66285    
 1865   12.72049    
 1866   12.76915    
 1867   12.78507    
 1868   12.79352    
 1869   12.77706    
 1870   12.74987    
 1871   12.75699    
 1872   12.83741    
 1873   12.87128    
 1874   12.87206    
 1875   12.85933    
 1876   12.83900    
 1877   12.87323    
 1878   12.87860    
 1879   12.79942    
 1880   12.81724    
 1881   12.90480    
 1882   12.85718    
 1883   12.77105    
 1884   12.48190    
 1885   12.44478    
 1886   12.53858    
 1887   12.56954    
 1888   12.61908    
 1889   12.60044    
 1890   12.61102    
 1891   12.63443    
 1892   12.61652    
 1893   12.68320    
 1894   12.75504    
 1895   12.78216    
 1896   12.77465    
 1897   12.79896    
 1898   12.74333    
 1899   12.72050    
 1900   12.73686    
 1901   12.78969    
 1902   12.80454    
 1903   12.64754    
 1904   12.71351    
 1905   12.73631    
 1906   12.70679    
 1907   12.76707    
 1908   12.84101    
 1909   12.83003    
 1910   12.82062    
 1911   12.82220    
 1912   12.78744    
 1913   12.77479    
 1914   12.81011    
 1915   12.86516    
 1916   12.87186    
 1917   12.84924    
 1918   12.87323    
 1919   12.91348    
 1920   12.92960    
 1921   12.96403    
 1922   12.94424    
 1923   12.92087    
 1924   12.92711    
 1925   12.97449    
 1926   12.97832    
 1927   12.99077    
 1928   13.03483    
 1929   12.98864    
 1930   12.96156    
 1931   12.99099    
 1932   13.02008    
 1933   13.00539    
 1934   13.00734    
 1935   13.02690    
 1936   13.06465    
 1937   13.05067    
 1938   13.06784    
 1939   13.07614    
 1940   13.05996    
 1941   13.07050    
 1942   13.07963    
 1943   13.07963    
 1944   13.04790    
 1945   13.07413    
 1946   13.08961    
 1947   13.08888    
 1948   13.05339    
 1949   13.05642    
 1950   13.04366    
 1951   13.04793    
 1952   13.04882    
 1953   13.07645    
 1954   13.06833    
 1955   13.04293    
 1956   13.05948    
 1957   13.05846    
 1958   13.08153    
 1959   13.11280    
 1960   13.09122    
 1961   12.98729    
 1962   12.94965    
 1963   12.94447    
 1964   12.84946    
 1965   12.79358    
 1966   12.78445    
 1967   12.87561    
 1968   12.84792    
 1969   12.79410    
 1970   12.81797    
 1971   12.87686    
 1972   12.92567    
 1973   12.91506    
 1974   12.90446    
 1975   12.89247    
 1976   12.93913    
 1977   12.90979    
 1978   12.93653    
 1979   12.97535    
 1980   13.05592    
 1981   13.03681    
 1982   13.01325    
 1983   12.88093    
 1984   12.96763    
 1985   13.01879    
 1986   13.01145    
 1987   13.07248    
 1988   13.14061    
 1989   13.15887    
 1990   13.21423    
 1991   13.20580    
 1992   12.93093    
 1993   12.97454    
 1994   13.00358    
 1995   13.11275    
 1996   13.19504    
 1997   13.21409    
 1998   13.20258    
 1999   13.31542    
 2000   13.40823    
 2001   13.42070    
 2002   13.41079    
 2003   13.40178    
 2004   13.46123    
 2005   13.51479    
 2006   13.47819    
 2007   13.45643    
 2008   13.48951    
 2009   13.52390    
 2010   13.56371    
 2011   13.59889    
 2012   13.64508    
 2013   13.65354    
 2014   13.68176    
 2015   13.70551    
 2016   13.74840    
 2017   13.78306    
 2018   13.81917    
 2019   13.74932    
 2020   13.72454    
 2021   13.81584    
 2022   13.84915    
 2023   13.85450    
 2024   13.95392    
 2025   13.99082    
 2026   13.98769    
 2027   13.97798    
 2028   13.98941    
 2029   13.97796    
 2030   14.06802    
 2031   14.05202    
 2032   14.13141    
 2033   14.15395    
 2034   14.24573    
 2035   14.25548    
 2036   14.25153    
 2037   14.32648    
 2038   14.38066    
 2039   14.37317    
 2040   14.41417    
 2041   14.45558    
 2042   14.48719    
 2043   14.56391    
 2044   14.56347    
 2045   14.60550    
 2046   14.63453    
 2047   14.59605    
 2048   14.61395    
 2049   14.68902    
 2050   14.66541    
 2051   14.66393    
 2052   14.69912    
 2053   14.75426    
 2054   14.80259    
 2055   14.82811    
 2056   14.88087    
 2057   14.88641    
 2058   14.92178    
 2059   14.94987    
 2060   15.02987    
 2061   14.98247    
 2062   14.99209    
 2063   15.02082    
 2064   15.03492    
 2065   15.07123    
 2066   15.10078    
 2067   15.10073    
 2068   15.14828    
 2069   15.21546    
 2070   15.21793    
 2071   15.21625    
 2072   15.20130    
 2073   15.21473    
 2074   15.21838    
 2075   15.24589    
 2076   15.27392    
 2077   15.27086    
 2078   15.34112    
 2079   15.36163    
 2080   15.36121    
 2081   15.37481    
 2082   15.39110    
 2083   15.34937    
 2084   15.37093    
 2085   15.43409    
 2086   15.48016    
 2087   15.41797    
 2088   15.48443    
 2089   15.47829    
 2090   15.51657    
 2091   15.53417    
 2092   15.50715    
 2093   15.52080    
 2094   15.53269    
 2095   15.60211    
 2096   15.58965    
 2097   15.56019    
 2098   15.56265    
 2099   15.59818    
 2100   15.60805    
