# daily2longer    1 mea
# <a href=http://cmip-pcmdi.llnl.gov/cmip5/>CMIP5</a> global mean temperature computed at <a href=http://www.knmi.nl/selectfield_cmip5.cgi?someone@somewhere>KNMI Climate Explorer</a> tas_Amon_GFDL-ESM2G_rcp45_r1i1p1
# cutting out region lon=    0.000  360.000, lat=  -90.000   90.000
# file :: /data/storage/climexp/data/iglobal_tas_Amon_mod_rcp45_017_mean1_anom.dat
# description :: CMIP5 RCP45 models Tglobal
# comment :: daily2longer    1 mea, <a href=http://cmip-pcmdi.llnl.gov/cmip5/>CMIP5</a> global mean temperature computed at <a href=http://www.knmi.nl/selectfield_cmip5.cgi?someone@somewhere>KNMI Climate Explorer</a> tas_Amon_GFDL-ESM2G_rcp45_r1i1p1, cutting out region lon=    0.000  360.000, lat=  -90.000   90.000, via the KNMI Climate Explorer (http://climexp.knmi.nl)
# institution :: KNMI Climate Explorer
# history ::  2018-05-21  9:17:03 bin/selectyear 1850 2100 data/iglobal_tas_Amon_mod_rcp45_017_mean1_anom.dat global_tas_Amon_mod_rcp45_+++_mean1_anom_1850:2100\n 2018-05-21  9:16:30 dat2nc ./data/iglobal_tas_Amon_mod_rcp45_017_mean1_anom.dat i CMIP5_RCP45_models_Tglobal ./data/iglobal_tas_Amon_mod_rcp45_017_mean1_anom.nc n
# tas [Celsius] from NOAA GFDL GFDL-ESM2G, RCP4.5 (run 1) experiment output for CMIP5 AR5 r1i1p1
 1861   13.26649    
 1862   13.22227    
 1863   13.25068    
 1864   13.09385    
 1865   13.00772    
 1866   13.19626    
 1867   13.34780    
 1868   13.32857    
 1869   13.32948    
 1870   13.21268    
 1871   13.24257    
 1872   13.25722    
 1873   13.36048    
 1874   13.26686    
 1875   13.29790    
 1876   13.37101    
 1877   13.49837    
 1878   13.34337    
 1879   13.44256    
 1880   13.42955    
 1881   13.38168    
 1882   13.62267    
 1883   13.46487    
 1884   12.87699    
 1885   12.78130    
 1886   13.01717    
 1887   12.97794    
 1888   12.93090    
 1889   13.07495    
 1890   13.15684    
 1891   13.15591    
 1892   13.07458    
 1893   13.18118    
 1894   13.25013    
 1895   13.26385    
 1896   13.22703    
 1897   13.20100    
 1898   13.17421    
 1899   13.16343    
 1900   13.17712    
 1901   13.27390    
 1902   13.35721    
 1903   13.19818    
 1904   13.21086    
 1905   13.27682    
 1906   13.29906    
 1907   13.29000    
 1908   13.20471    
 1909   13.27145    
 1910   13.30380    
 1911   13.46352    
 1912   13.40955    
 1913   13.12527    
 1914   13.19986    
 1915   13.52625    
 1916   13.48488    
 1917   13.56115    
 1918   13.56584    
 1919   13.46305    
 1920   13.39969    
 1921   13.57368    
 1922   13.33996    
 1923   13.47484    
 1924   13.69241    
 1925   13.77372    
 1926   13.80710    
 1927   13.57449    
 1928   13.58109    
 1929   13.50390    
 1930   13.54819    
 1931   13.39776    
 1932   13.37436    
 1933   13.38487    
 1934   13.28839    
 1935   13.48853    
 1936   13.49187    
 1937   13.59051    
 1938   13.43159    
 1939   13.27194    
 1940   13.54449    
 1941   13.64361    
 1942   13.49464    
 1943   13.41653    
 1944   13.27389    
 1945   13.36462    
 1946   13.27320    
 1947   13.53202    
 1948   13.45949    
 1949   13.37447    
 1950   13.38911    
 1951   13.24973    
 1952   13.23913    
 1953   13.34719    
 1954   13.37537    
 1955   13.38441    
 1956   13.42747    
 1957   13.41493    
 1958   13.40494    
 1959   13.36269    
 1960   13.38754    
 1961   13.45599    
 1962   13.43940    
 1963   13.32973    
 1964   13.07227    
 1965   13.24710    
 1966   13.28795    
 1967   13.18597    
 1968   13.15388    
 1969   13.11192    
 1970   13.36655    
 1971   13.35145    
 1972   13.41956    
 1973   13.48881    
 1974   13.33925    
 1975   13.52337    
 1976   13.53773    
 1977   13.27882    
 1978   13.31737    
 1979   13.38565    
 1980   13.42825    
 1981   13.66354    
 1982   13.50644    
 1983   13.23782    
 1984   13.47125    
 1985   13.80081    
 1986   13.75297    
 1987   13.59146    
 1988   13.70028    
 1989   13.63541    
 1990   13.85112    
 1991   13.86954    
 1992   13.41756    
 1993   13.47855    
 1994   13.65626    
 1995   13.80362    
 1996   13.87354    
 1997   13.97916    
 1998   13.99182    
 1999   13.96495    
 2000   14.01742    
 2001   14.26997    
 2002   14.36977    
 2003   14.21332    
 2004   14.18337    
 2005   14.26272    
 2006   14.13153    
 2007   14.10323    
 2008   14.25775    
 2009   14.24005    
 2010   14.21182    
 2011   14.11993    
 2012   14.08945    
 2013   14.09364    
 2014   14.12052    
 2015   14.07675    
 2016   14.18079    
 2017   14.26833    
 2018   14.22939    
 2019   14.10959    
 2020   14.22423    
 2021   14.28304    
 2022   14.18500    
 2023   14.44658    
 2024   14.52149    
 2025   14.37108    
 2026   14.34404    
 2027   14.42972    
 2028   14.34433    
 2029   14.52592    
 2030   14.46793    
 2031   14.56524    
 2032   14.45983    
 2033   14.37262    
 2034   14.46716    
 2035   14.50185    
 2036   14.45980    
 2037   14.34262    
 2038   14.34115    
 2039   14.44994    
 2040   14.40241    
 2041   14.63885    
 2042   14.53813    
 2043   14.50656    
 2044   14.46782    
 2045   14.50231    
 2046   14.69954    
 2047   14.80919    
 2048   14.73215    
 2049   14.55628    
 2050   14.73813    
 2051   14.84103    
 2052   15.03253    
 2053   14.84716    
 2054   14.81201    
 2055   14.99238    
 2056   14.79131    
 2057   14.68102    
 2058   14.82931    
 2059   14.88353    
 2060   14.85999    
 2061   14.85715    
 2062   14.65243    
 2063   14.64896    
 2064   14.91911    
 2065   14.84408    
 2066   14.91605    
 2067   14.88653    
 2068   14.80408    
 2069   14.78358    
 2070   14.78831    
 2071   14.84268    
 2072   15.01327    
 2073   14.93760    
 2074   14.80116    
 2075   14.85011    
 2076   14.81063    
 2077   14.85057    
 2078   14.90894    
 2079   14.86741    
 2080   14.95365    
 2081   14.79973    
 2082   14.81228    
 2083   14.75329    
 2084   14.88146    
 2085   14.79902    
 2086   14.94518    
 2087   15.02935    
 2088   14.85702    
 2089   14.86529    
 2090   14.97139    
 2091   14.79356    
 2092   14.79278    
 2093   14.88914    
 2094   14.96705    
 2095   14.78585    
 2096   14.78930    
 2097   14.91332    
 2098   14.91870    
 2099   14.86057    
 2100   14.86752    
