# daily2longer    1 mea
# <a href=http://cmip-pcmdi.llnl.gov/cmip5/>CMIP5</a> global mean temperature computed at <a href=http://www.knmi.nl/selectfield_cmip5.cgi?someone@somewhere>KNMI Climate Explorer</a> tas_Amon_GISS-E2-R_rcp45_r1i1p3
# cutting out region lon=    0.000  360.000, lat=  -90.000   90.000
# file :: /data/storage/climexp/data/iglobal_tas_Amon_mod_rcp45_026_mean1_anom.dat
# description :: CMIP5 RCP45 models Tglobal
# comment :: daily2longer    1 mea, <a href=http://cmip-pcmdi.llnl.gov/cmip5/>CMIP5</a> global mean temperature computed at <a href=http://www.knmi.nl/selectfield_cmip5.cgi?someone@somewhere>KNMI Climate Explorer</a> tas_Amon_GISS-E2-R_rcp45_r1i1p3, cutting out region lon=    0.000  360.000, lat=  -90.000   90.000, via the KNMI Climate Explorer (http://climexp.knmi.nl)
# institution :: KNMI Climate Explorer
# history ::  2018-05-21  9:17:03 bin/selectyear 1850 2100 data/iglobal_tas_Amon_mod_rcp45_026_mean1_anom.dat global_tas_Amon_mod_rcp45_+++_mean1_anom_1850:2100\n 2018-05-21  9:16:31 dat2nc ./data/iglobal_tas_Amon_mod_rcp45_026_mean1_anom.dat i CMIP5_RCP45_models_Tglobal ./data/iglobal_tas_Amon_mod_rcp45_026_mean1_anom.nc n
# tas [Celsius] from GISS-E2-R model output prepared for CMIP5 RCP4.5 r1i1p3
 1850   14.45949    
 1851   14.48921    
 1852   14.44861    
 1853   14.44722    
 1854   14.60442    
 1855   14.56834    
 1856   14.45611    
 1857   14.37371    
 1858   14.35282    
 1859   14.36504    
 1860   14.44845    
 1861   14.56852    
 1862   14.48637    
 1863   14.36398    
 1864   14.30663    
 1865   14.48284    
 1866   14.53471    
 1867   14.56554    
 1868   14.51027    
 1869   14.59349    
 1870   14.68313    
 1871   14.59544    
 1872   14.53749    
 1873   14.52782    
 1874   14.59770    
 1875   14.54859    
 1876   14.46574    
 1877   14.56531    
 1878   14.57186    
 1879   14.56573    
 1880   14.60123    
 1881   14.58566    
 1882   14.58256    
 1883   14.56390    
 1884   14.29516    
 1885   14.21278    
 1886   14.31278    
 1887   14.31499    
 1888   14.32057    
 1889   14.28824    
 1890   14.36705    
 1891   14.40725    
 1892   14.53756    
 1893   14.51887    
 1894   14.42908    
 1895   14.55145    
 1896   14.60901    
 1897   14.53218    
 1898   14.55073    
 1899   14.62573    
 1900   14.71201    
 1901   14.65799    
 1902   14.70701    
 1903   14.31389    
 1904   14.45143    
 1905   14.60028    
 1906   14.48225    
 1907   14.56484    
 1908   14.60524    
 1909   14.68630    
 1910   14.64152    
 1911   14.64369    
 1912   14.59060    
 1913   14.50721    
 1914   14.67798    
 1915   14.69538    
 1916   14.66957    
 1917   14.58339    
 1918   14.78905    
 1919   14.74025    
 1920   14.74084    
 1921   14.70623    
 1922   14.56470    
 1923   14.61346    
 1924   14.59036    
 1925   14.78753    
 1926   14.69300    
 1927   14.74768    
 1928   14.70681    
 1929   14.63654    
 1930   14.67936    
 1931   14.78845    
 1932   14.81218    
 1933   14.70479    
 1934   14.68866    
 1935   14.80999    
 1936   14.74664    
 1937   14.75710    
 1938   14.79507    
 1939   14.80509    
 1940   14.80112    
 1941   14.72149    
 1942   14.70706    
 1943   14.84104    
 1944   14.75708    
 1945   14.64801    
 1946   14.92601    
 1947   14.93348    
 1948   14.84503    
 1949   14.80411    
 1950   14.69965    
 1951   14.77959    
 1952   14.75002    
 1953   14.64540    
 1954   14.79279    
 1955   14.78326    
 1956   14.73520    
 1957   14.70340    
 1958   14.75275    
 1959   14.74785    
 1960   14.86855    
 1961   14.81512    
 1962   14.79424    
 1963   14.83409    
 1964   14.63234    
 1965   14.80158    
 1966   14.82749    
 1967   14.79122    
 1968   14.71040    
 1969   14.75777    
 1970   14.79546    
 1971   14.92102    
 1972   14.84742    
 1973   14.80988    
 1974   14.72717    
 1975   14.79604    
 1976   14.80361    
 1977   14.85635    
 1978   14.88984    
 1979   14.89251    
 1980   14.99089    
 1981   14.97437    
 1982   14.89952    
 1983   14.66307    
 1984   14.74782    
 1985   14.86725    
 1986   14.90477    
 1987   14.95444    
 1988   14.97479    
 1989   15.07300    
 1990   15.13197    
 1991   14.96265    
 1992   14.59169    
 1993   14.69300    
 1994   15.02677    
 1995   14.97283    
 1996   14.98876    
 1997   15.12788    
 1998   15.14340    
 1999   15.22038    
 2000   15.32880    
 2001   15.42117    
 2002   15.44868    
 2003   15.46961    
 2004   15.43046    
 2005   15.41805    
 2006   15.56815    
 2007   15.52543    
 2008   15.48079    
 2009   15.45431    
 2010   15.46129    
 2011   15.57266    
 2012   15.46317    
 2013   15.57187    
 2014   15.68118    
 2015   15.60295    
 2016   15.79163    
 2017   15.75216    
 2018   15.64983    
 2019   15.65823    
 2020   15.65570    
 2021   15.70754    
 2022   15.79415    
 2023   15.70533    
 2024   15.68921    
 2025   15.84893    
 2026   15.82499    
 2027   15.86231    
 2028   15.92378    
 2029   16.03473    
 2030   15.96082    
 2031   16.00084    
 2032   16.09061    
 2033   16.03331    
 2034   16.06898    
 2035   16.06150    
 2036   16.07888    
 2037   16.08077    
 2038   16.07053    
 2039   16.13039    
 2040   16.08639    
 2041   16.13534    
 2042   16.14737    
 2043   16.11284    
 2044   16.16460    
 2045   16.22257    
 2046   16.27014    
 2047   16.33028    
 2048   16.39578    
 2049   16.39150    
 2050   16.41349    
 2051   16.44295    
 2052   16.44353    
 2053   16.46316    
 2054   16.44054    
 2055   16.48376    
 2056   16.39701    
 2057   16.46874    
 2058   16.58115    
 2059   16.63920    
 2060   16.63070    
 2061   16.64188    
 2062   16.72427    
 2063   16.65168    
 2064   16.71475    
 2065   16.57575    
 2066   16.64254    
 2067   16.62569    
 2068   16.66949    
 2069   16.59007    
 2070   16.73942    
 2071   16.67033    
 2072   16.75975    
 2073   16.71247    
 2074   16.64135    
 2075   16.74326    
 2076   16.78473    
 2077   16.84746    
 2078   16.85142    
 2079   16.77751    
 2080   16.75323    
 2081   16.58086    
 2082   16.65575    
 2083   16.67165    
 2084   16.65388    
 2085   16.76650    
 2086   16.82364    
 2087   16.80054    
 2088   16.90854    
 2089   16.78978    
 2090   16.77415    
 2091   16.82388    
 2092   16.73584    
 2093   16.75279    
 2094   16.81626    
 2095   16.83831    
 2096   16.80852    
 2097   16.88636    
 2098   16.95881    
 2099   16.85781    
 2100   16.90776    
