# daily2longer    1 mea
# <a href=http://cmip-pcmdi.llnl.gov/cmip5/>CMIP5</a> global mean temperature computed at <a href=http://www.knmi.nl/selectfield_cmip5.cgi?someone@somewhere>KNMI Climate Explorer</a> tas_Amon_GISS-E2-R-CC_rcp45_r1i1p1
# cutting out region lon=    0.000  360.000, lat=  -90.000   90.000
# file :: /data/storage/climexp/data/iglobal_tas_Amon_mod_rcp45_023_mean1_anom.dat
# description :: CMIP5 RCP45 models Tglobal
# comment :: daily2longer    1 mea, <a href=http://cmip-pcmdi.llnl.gov/cmip5/>CMIP5</a> global mean temperature computed at <a href=http://www.knmi.nl/selectfield_cmip5.cgi?someone@somewhere>KNMI Climate Explorer</a> tas_Amon_GISS-E2-R-CC_rcp45_r1i1p1, cutting out region lon=    0.000  360.000, lat=  -90.000   90.000, via the KNMI Climate Explorer (http://climexp.knmi.nl)
# institution :: KNMI Climate Explorer
# history ::  2018-05-21  9:17:03 bin/selectyear 1850 2100 data/iglobal_tas_Amon_mod_rcp45_023_mean1_anom.dat global_tas_Amon_mod_rcp45_+++_mean1_anom_1850:2100\n 2018-05-21  9:16:31 dat2nc ./data/iglobal_tas_Amon_mod_rcp45_023_mean1_anom.dat i CMIP5_RCP45_models_Tglobal ./data/iglobal_tas_Amon_mod_rcp45_023_mean1_anom.nc n
# tas [Celsius] from GISS-E2-R-CC model output prepared for CMIP5 RCP4.5 r1i1p1
 1850   14.21398    
 1851   14.26568    
 1852   14.23640    
 1853   14.37897    
 1854   14.41502    
 1855   14.38912    
 1856   14.20176    
 1857   14.10579    
 1858   14.17964    
 1859   14.20956    
 1860   14.23437    
 1861   14.31582    
 1862   14.32719    
 1863   14.26256    
 1864   14.21741    
 1865   14.28953    
 1866   14.35928    
 1867   14.35857    
 1868   14.27998    
 1869   14.40157    
 1870   14.37631    
 1871   14.32043    
 1872   14.31747    
 1873   14.27697    
 1874   14.21478    
 1875   14.32472    
 1876   14.26749    
 1877   14.36528    
 1878   14.32568    
 1879   14.33716    
 1880   14.34076    
 1881   14.31036    
 1882   14.44399    
 1883   14.38306    
 1884   14.05197    
 1885   13.99404    
 1886   14.09716    
 1887   14.01623    
 1888   14.13455    
 1889   14.26278    
 1890   14.17506    
 1891   14.33422    
 1892   14.36272    
 1893   14.32784    
 1894   14.43726    
 1895   14.40389    
 1896   14.34910    
 1897   14.49331    
 1898   14.39571    
 1899   14.42122    
 1900   14.38173    
 1901   14.40892    
 1902   14.38941    
 1903   14.23701    
 1904   14.25199    
 1905   14.29424    
 1906   14.39029    
 1907   14.36454    
 1908   14.22469    
 1909   14.48523    
 1910   14.45654    
 1911   14.42797    
 1912   14.45811    
 1913   14.43852    
 1914   14.40619    
 1915   14.38613    
 1916   14.44460    
 1917   14.36518    
 1918   14.37697    
 1919   14.50972    
 1920   14.35799    
 1921   14.45178    
 1922   14.39968    
 1923   14.52648    
 1924   14.54625    
 1925   14.44759    
 1926   14.39263    
 1927   14.60529    
 1928   14.56823    
 1929   14.59729    
 1930   14.52342    
 1931   14.58132    
 1932   14.53109    
 1933   14.41358    
 1934   14.36147    
 1935   14.50677    
 1936   14.51029    
 1937   14.48683    
 1938   14.54318    
 1939   14.59471    
 1940   14.52440    
 1941   14.50887    
 1942   14.56836    
 1943   14.53684    
 1944   14.49301    
 1945   14.52919    
 1946   14.54301    
 1947   14.56971    
 1948   14.55418    
 1949   14.58885    
 1950   14.61262    
 1951   14.61750    
 1952   14.60264    
 1953   14.60408    
 1954   14.63073    
 1955   14.68015    
 1956   14.68513    
 1957   14.67476    
 1958   14.61632    
 1959   14.66692    
 1960   14.75559    
 1961   14.79142    
 1962   14.70606    
 1963   14.66583    
 1964   14.40646    
 1965   14.35072    
 1966   14.46352    
 1967   14.51194    
 1968   14.53469    
 1969   14.55941    
 1970   14.64082    
 1971   14.60423    
 1972   14.61550    
 1973   14.64015    
 1974   14.66587    
 1975   14.65671    
 1976   14.66448    
 1977   14.72362    
 1978   14.72923    
 1979   14.82805    
 1980   14.78978    
 1981   14.84757    
 1982   14.73943    
 1983   14.57140    
 1984   14.65436    
 1985   14.69211    
 1986   14.82395    
 1987   14.88261    
 1988   14.96192    
 1989   14.87533    
 1990   14.91134    
 1991   14.84150    
 1992   14.70463    
 1993   14.72149    
 1994   14.83427    
 1995   14.99096    
 1996   14.93828    
 1997   14.99456    
 1998   15.07697    
 1999   15.14800    
 2000   15.17843    
 2001   15.20835    
 2002   15.33171    
 2003   15.10974    
 2004   15.08462    
 2005   15.24123    
 2006   15.23644    
 2007   15.32956    
 2008   15.27718    
 2009   15.34641    
 2010   15.34311    
 2011   15.29970    
 2012   15.30950    
 2013   15.33642    
 2014   15.32751    
 2015   15.34304    
 2016   15.41461    
 2017   15.40860    
 2018   15.46687    
 2019   15.47070    
 2020   15.52322    
 2021   15.46827    
 2022   15.53323    
 2023   15.52289    
 2024   15.57565    
 2025   15.70299    
 2026   15.65615    
 2027   15.59307    
 2028   15.68456    
 2029   15.71978    
 2030   15.68058    
 2031   15.62711    
 2032   15.67626    
 2033   15.66729    
 2034   15.75762    
 2035   15.81243    
 2036   15.65016    
 2037   15.81891    
 2038   15.80856    
 2039   15.81084    
 2040   15.86234    
 2041   15.85301    
 2042   15.91022    
 2043   15.89548    
 2044   15.86417    
 2045   15.80072    
 2046   15.92836    
 2047   15.95166    
 2048   15.91187    
 2049   15.95946    
 2050   15.91866    
 2051   16.03677    
 2052   15.96260    
 2053   15.96289    
 2054   16.04525    
 2055   16.07649    
 2056   16.00217    
 2057   16.06156    
 2058   16.06864    
 2059   16.08916    
 2060   16.11527    
 2061   16.05514    
 2062   16.02272    
 2063   16.02115    
 2064   16.07071    
 2065   16.06641    
 2066   16.02211    
 2067   15.98470    
 2068   15.97615    
 2069   15.92575    
 2070   15.98738    
 2071   16.02456    
 2072   16.08574    
 2073   16.10088    
 2074   16.08056    
 2075   16.15057    
 2076   16.11009    
 2077   16.08549    
 2078   16.11844    
 2079   16.13167    
 2080   16.12562    
 2081   16.05936    
 2082   16.04223    
 2083   16.11285    
 2084   16.20229    
 2085   16.21679    
 2086   16.13503    
 2087   16.24218    
 2088   16.20406    
 2089   16.15512    
 2090   16.20521    
 2091   16.15518    
 2092   16.15283    
 2093   16.14085    
 2094   16.09384    
 2095   16.14914    
 2096   16.16594    
 2097   16.19025    
 2098   16.19265    
 2099   16.23459    
 2100   16.26888    
