# daily2longer    1 mea
# <a href=http://cmip-pcmdi.llnl.gov/cmip5/>CMIP5</a> global mean temperature computed at <a href=http://www.knmi.nl/selectfield_cmip5.cgi?someone@somewhere>KNMI Climate Explorer</a> tas_Amon_CMCC-CM_rcp45_r1i1p1
# cutting out region lon=   -0.375  359.625, lat=  -89.798   89.798
# file :: /data/storage/climexp/data/iglobal_tas_Amon_mod_rcp45_009_mean1_anom.dat
# description :: CMIP5 RCP45 models Tglobal
# comment :: daily2longer    1 mea, <a href=http://cmip-pcmdi.llnl.gov/cmip5/>CMIP5</a> global mean temperature computed at <a href=http://www.knmi.nl/selectfield_cmip5.cgi?someone@somewhere>KNMI Climate Explorer</a> tas_Amon_CMCC-CM_rcp45_r1i1p1, cutting out region lon=   -0.375  359.625, lat=  -89.798   89.798, via the KNMI Climate Explorer (http://climexp.knmi.nl)
# institution :: KNMI Climate Explorer
# history ::  2018-05-21  9:17:02 bin/selectyear 1850 2100 data/iglobal_tas_Amon_mod_rcp45_009_mean1_anom.dat global_tas_Amon_mod_rcp45_+++_mean1_anom_1850:2100\n 2018-05-21  9:16:29 dat2nc ./data/iglobal_tas_Amon_mod_rcp45_009_mean1_anom.dat i CMIP5_RCP45_models_Tglobal ./data/iglobal_tas_Amon_mod_rcp45_009_mean1_anom.nc n
# tas [Celsius] from CMCC-CM model output prepared for CMIP5 RCP4.5 r1i1p1
 1850   13.35886    
 1851   13.36513    
 1852   13.54041    
 1853   13.36850    
 1854   13.24052    
 1855   13.29780    
 1856   13.35738    
 1857   13.50117    
 1858   13.28963    
 1859   13.35983    
 1860   13.40218    
 1861   13.39200    
 1862   13.30670    
 1863   13.26895    
 1864   13.36073    
 1865   13.29403    
 1866   13.27646    
 1867   13.38578    
 1868   13.48646    
 1869   13.31420    
 1870   13.27707    
 1871   13.42518    
 1872   13.39060    
 1873   13.49654    
 1874   13.46877    
 1875   13.45896    
 1876   13.49666    
 1877   13.30984    
 1878   13.09991    
 1879   13.27797    
 1880   13.42021    
 1881   13.31581    
 1882   13.34105    
 1883   13.17706    
 1884   13.30863    
 1885   13.38388    
 1886   13.43596    
 1887   13.47037    
 1888   13.47500    
 1889   13.58542    
 1890   13.54070    
 1891   13.65835    
 1892   13.59937    
 1893   13.25863    
 1894   13.23549    
 1895   13.48090    
 1896   13.39068    
 1897   13.56427    
 1898   13.57635    
 1899   13.45611    
 1900   13.51960    
 1901   13.45251    
 1902   13.48150    
 1903   13.45628    
 1904   13.43372    
 1905   13.51997    
 1906   13.65129    
 1907   13.50076    
 1908   13.44712    
 1909   13.48536    
 1910   13.52057    
 1911   13.51295    
 1912   13.36286    
 1913   13.40576    
 1914   13.30504    
 1915   13.37843    
 1916   13.52612    
 1917   13.24521    
 1918   13.20730    
 1919   13.34982    
 1920   13.40315    
 1921   13.45622    
 1922   13.36928    
 1923   13.24910    
 1924   13.38452    
 1925   13.39762    
 1926   13.45530    
 1927   13.32185    
 1928   13.33951    
 1929   13.47035    
 1930   13.52340    
 1931   13.44545    
 1932   13.38319    
 1933   13.47576    
 1934   13.53443    
 1935   13.41690    
 1936   13.46264    
 1937   13.61599    
 1938   13.60425    
 1939   13.53348    
 1940   13.54285    
 1941   13.52020    
 1942   13.39368    
 1943   13.50871    
 1944   13.56857    
 1945   13.44628    
 1946   13.49755    
 1947   13.59460    
 1948   13.56170    
 1949   13.59978    
 1950   13.65734    
 1951   13.64782    
 1952   13.66549    
 1953   13.57952    
 1954   13.55624    
 1955   13.59457    
 1956   13.63906    
 1957   13.58757    
 1958   13.52890    
 1959   13.50698    
 1960   13.29825    
 1961   13.43147    
 1962   13.42229    
 1963   13.60132    
 1964   13.51196    
 1965   13.43836    
 1966   13.38287    
 1967   13.61306    
 1968   13.64954    
 1969   13.78095    
 1970   13.80136    
 1971   13.59632    
 1972   13.59402    
 1973   13.57692    
 1974   13.55592    
 1975   13.41725    
 1976   13.46742    
 1977   13.55149    
 1978   13.76832    
 1979   13.75105    
 1980   13.73024    
 1981   13.65519    
 1982   13.72406    
 1983   13.69379    
 1984   13.63487    
 1985   13.68740    
 1986   13.57176    
 1987   13.78182    
 1988   13.87615    
 1989   13.80007    
 1990   13.77137    
 1991   13.85045    
 1992   13.86655    
 1993   13.98715    
 1994   13.98335    
 1995   13.99129    
 1996   13.87600    
 1997   13.99304    
 1998   13.99483    
 1999   13.93723    
 2000   14.11668    
 2001   14.26921    
 2002   14.21432    
 2003   14.26758    
 2004   14.30752    
 2005   14.19736    
 2006   14.18941    
 2007   14.24835    
 2008   14.17523    
 2009   14.22304    
 2010   14.30167    
 2011   14.19983    
 2012   14.40757    
 2013   14.41277    
 2014   14.45551    
 2015   14.47709    
 2016   14.53455    
 2017   14.43988    
 2018   14.52252    
 2019   14.48793    
 2020   14.45225    
 2021   14.43622    
 2022   14.46677    
 2023   14.69862    
 2024   14.85806    
 2025   14.61344    
 2026   14.74924    
 2027   14.76198    
 2028   14.73158    
 2029   14.71647    
 2030   14.76305    
 2031   14.75363    
 2032   14.75065    
 2033   14.85814    
 2034   14.83985    
 2035   15.01666    
 2036   15.03849    
 2037   14.92959    
 2038   14.86193    
 2039   15.05582    
 2040   15.12928    
 2041   15.14096    
 2042   15.07217    
 2043   15.18365    
 2044   15.34387    
 2045   15.35533    
 2046   15.33915    
 2047   15.15897    
 2048   15.31641    
 2049   15.43542    
 2050   15.14317    
 2051   15.14843    
 2052   15.22609    
 2053   15.49259    
 2054   15.51589    
 2055   15.53911    
 2056   15.66494    
 2057   15.64742    
 2058   15.71449    
 2059   15.77936    
 2060   15.80772    
 2061   15.65302    
 2062   15.60939    
 2063   15.85603    
 2064   15.89759    
 2065   15.82223    
 2066   15.82973    
 2067   15.74112    
 2068   15.76900    
 2069   15.80249    
 2070   15.74345    
 2071   16.02219    
 2072   16.00965    
 2073   15.90971    
 2074   15.99059    
 2075   16.01231    
 2076   16.09701    
 2077   16.14514    
 2078   16.10472    
 2079   16.10538    
 2080   16.10578    
 2081   16.11062    
 2082   16.07759    
 2083   15.93370    
 2084   16.08561    
 2085   16.10812    
 2086   16.18061    
 2087   16.04488    
 2088   16.05380    
 2089   16.12341    
 2090   16.13829    
 2091   16.28241    
 2092   16.06201    
 2093   16.02928    
 2094   16.22950    
 2095   16.18901    
 2096   16.00025    
 2097   16.11235    
 2098   16.15027    
 2099   16.22950    
 2100   16.17881    
