# daily2longer    1 mea
# <a href=http://cmip-pcmdi.llnl.gov/cmip5/>CMIP5</a> global mean temperature computed at <a href=http://www.knmi.nl/selectfield_cmip5.cgi?someone@somewhere>KNMI Climate Explorer</a> tas_Amon_GFDL-CM3_rcp45_r1i1p1
# cutting out region lon=    0.000  360.000, lat=  -90.000   90.000
# file :: /data/storage/climexp/data/iglobal_tas_Amon_mod_rcp45_016_mean1_anom.dat
# description :: CMIP5 RCP45 models Tglobal
# comment :: daily2longer    1 mea, <a href=http://cmip-pcmdi.llnl.gov/cmip5/>CMIP5</a> global mean temperature computed at <a href=http://www.knmi.nl/selectfield_cmip5.cgi?someone@somewhere>KNMI Climate Explorer</a> tas_Amon_GFDL-CM3_rcp45_r1i1p1, cutting out region lon=    0.000  360.000, lat=  -90.000   90.000, via the KNMI Climate Explorer (http://climexp.knmi.nl)
# institution :: KNMI Climate Explorer
# history ::  2018-05-21  9:17:03 bin/selectyear 1850 2100 data/iglobal_tas_Amon_mod_rcp45_016_mean1_anom.dat global_tas_Amon_mod_rcp45_+++_mean1_anom_1850:2100\n 2018-05-21  9:16:30 dat2nc ./data/iglobal_tas_Amon_mod_rcp45_016_mean1_anom.dat i CMIP5_RCP45_models_Tglobal ./data/iglobal_tas_Amon_mod_rcp45_016_mean1_anom.nc n
# tas [Celsius] from NOAA GFDL GFDL-CM3, RCP4.5 (run 1) experiment output for CMIP5 AR5 r1i1p1
 1860   13.51144    
 1861   13.47067    
 1862   13.47966    
 1863   13.26083    
 1864   13.40278    
 1865   13.51911    
 1866   13.31133    
 1867   13.38330    
 1868   13.51289    
 1869   13.58686    
 1870   13.47239    
 1871   13.63897    
 1872   13.54264    
 1873   13.61488    
 1874   13.63537    
 1875   13.78925    
 1876   13.72105    
 1877   13.41062    
 1878   13.58628    
 1879   13.68238    
 1880   13.62448    
 1881   13.56547    
 1882   13.71754    
 1883   13.68766    
 1884   13.34378    
 1885   13.07240    
 1886   13.19275    
 1887   13.17668    
 1888   13.39781    
 1889   13.27202    
 1890   13.07341    
 1891   13.08329    
 1892   13.14672    
 1893   13.35428    
 1894   13.25747    
 1895   13.42146    
 1896   13.41903    
 1897   13.25613    
 1898   13.38137    
 1899   13.44285    
 1900   13.51156    
 1901   13.37457    
 1902   13.30221    
 1903   13.19392    
 1904   13.24632    
 1905   13.28761    
 1906   13.24138    
 1907   13.38391    
 1908   13.53424    
 1909   13.38198    
 1910   13.46161    
 1911   13.61787    
 1912   13.28820    
 1913   13.19412    
 1914   13.22976    
 1915   13.44376    
 1916   13.34205    
 1917   13.37489    
 1918   13.34254    
 1919   13.20136    
 1920   13.51602    
 1921   13.55674    
 1922   13.51725    
 1923   13.60331    
 1924   13.58260    
 1925   13.67263    
 1926   13.48643    
 1927   13.48251    
 1928   13.56286    
 1929   13.42837    
 1930   13.42278    
 1931   13.55380    
 1932   13.54863    
 1933   13.45205    
 1934   13.60290    
 1935   13.71288    
 1936   13.54710    
 1937   13.56597    
 1938   13.79901    
 1939   13.53019    
 1940   13.55156    
 1941   13.62628    
 1942   13.74449    
 1943   13.63116    
 1944   13.71947    
 1945   13.84972    
 1946   13.68164    
 1947   13.75063    
 1948   13.59877    
 1949   13.73515    
 1950   13.52620    
 1951   13.72113    
 1952   13.68132    
 1953   13.61251    
 1954   13.74230    
 1955   13.72476    
 1956   13.95569    
 1957   13.89422    
 1958   13.60302    
 1959   13.61955    
 1960   13.55968    
 1961   13.56775    
 1962   13.47467    
 1963   13.36242    
 1964   13.08810    
 1965   13.09931    
 1966   13.00260    
 1967   13.10522    
 1968   13.15678    
 1969   13.11475    
 1970   13.18915    
 1971   13.22011    
 1972   13.27712    
 1973   13.33680    
 1974   13.43136    
 1975   13.43506    
 1976   13.24094    
 1977   13.31774    
 1978   13.54611    
 1979   13.79919    
 1980   13.71973    
 1981   13.57665    
 1982   13.63963    
 1983   13.31994    
 1984   13.52096    
 1985   13.53638    
 1986   13.48999    
 1987   13.73613    
 1988   13.74462    
 1989   13.78452    
 1990   13.77157    
 1991   13.70786    
 1992   13.53448    
 1993   13.46954    
 1994   13.51702    
 1995   13.60616    
 1996   13.79037    
 1997   13.97940    
 1998   13.84713    
 1999   14.00897    
 2000   14.00228    
 2001   14.07042    
 2002   14.19226    
 2003   14.19648    
 2004   14.07592    
 2005   14.17701    
 2006   14.37780    
 2007   14.20383    
 2008   14.28631    
 2009   14.45777    
 2010   14.47150    
 2011   14.50847    
 2012   14.54516    
 2013   14.68657    
 2014   14.65970    
 2015   14.56222    
 2016   14.59446    
 2017   14.54501    
 2018   14.81518    
 2019   14.84792    
 2020   14.81107    
 2021   14.82724    
 2022   14.98810    
 2023   15.00621    
 2024   15.00880    
 2025   15.13659    
 2026   15.12119    
 2027   15.28620    
 2028   15.22364    
 2029   15.04153    
 2030   15.06411    
 2031   15.25261    
 2032   15.04239    
 2033   15.39912    
 2034   15.32915    
 2035   15.16497    
 2036   15.39497    
 2037   15.58019    
 2038   15.40598    
 2039   15.38338    
 2040   15.69080    
 2041   15.65520    
 2042   15.63580    
 2043   15.72741    
 2044   15.71052    
 2045   15.86111    
 2046   15.93575    
 2047   15.63652    
 2048   15.71297    
 2049   15.84325    
 2050   15.79499    
 2051   15.92970    
 2052   15.88772    
 2053   16.05951    
 2054   16.13808    
 2055   15.96537    
 2056   16.08357    
 2057   16.17615    
 2058   15.99011    
 2059   16.07451    
 2060   16.21088    
 2061   16.03091    
 2062   16.25595    
 2063   16.23541    
 2064   16.03419    
 2065   16.04958    
 2066   16.22591    
 2067   16.34269    
 2068   16.35838    
 2069   16.36129    
 2070   16.48116    
 2071   16.23005    
 2072   16.37037    
 2073   16.49838    
 2074   16.47104    
 2075   16.15855    
 2076   16.39603    
 2077   16.53465    
 2078   16.27448    
 2079   16.37692    
 2080   16.58396    
 2081   16.26330    
 2082   16.42188    
 2083   16.63453    
 2084   16.41486    
 2085   16.50291    
 2086   16.63095    
 2087   16.67636    
 2088   16.46309    
 2089   16.52785    
 2090   16.53984    
 2091   16.53996    
 2092   16.63360    
 2093   16.57159    
 2094   16.72084    
 2095   16.71046    
 2096   16.62682    
 2097   16.57451    
 2098   16.81965    
 2099   16.81508    
 2100   16.74452    
