# daily2longer    1 mea
# <a href=http://cmip-pcmdi.llnl.gov/cmip5/>CMIP5</a> global mean temperature computed at <a href=http://www.knmi.nl/selectfield_cmip5.cgi?someone@somewhere>KNMI Climate Explorer</a> tas_Amon_GISS-E2-H-CC_rcp45_r1i1p1
# cutting out region lon=    0.000  360.000, lat=  -90.000   90.000
# file :: /data/storage/climexp/data/iglobal_tas_Amon_mod_rcp45_019_mean1_anom.dat
# description :: CMIP5 RCP45 models Tglobal
# comment :: daily2longer    1 mea, <a href=http://cmip-pcmdi.llnl.gov/cmip5/>CMIP5</a> global mean temperature computed at <a href=http://www.knmi.nl/selectfield_cmip5.cgi?someone@somewhere>KNMI Climate Explorer</a> tas_Amon_GISS-E2-H-CC_rcp45_r1i1p1, cutting out region lon=    0.000  360.000, lat=  -90.000   90.000, via the KNMI Climate Explorer (http://climexp.knmi.nl)
# institution :: KNMI Climate Explorer
# history ::  2018-05-21  9:17:03 bin/selectyear 1850 2100 data/iglobal_tas_Amon_mod_rcp45_019_mean1_anom.dat global_tas_Amon_mod_rcp45_+++_mean1_anom_1850:2100\n 2018-05-21  9:16:30 dat2nc ./data/iglobal_tas_Amon_mod_rcp45_019_mean1_anom.dat i CMIP5_RCP45_models_Tglobal ./data/iglobal_tas_Amon_mod_rcp45_019_mean1_anom.nc n
# tas [Celsius] from GISS-E2-H-CC model output prepared for CMIP5 RCP4.5 r1i1p1
 1850   14.04872    
 1851   14.24844    
 1852   14.27261    
 1853   14.19844    
 1854   14.27087    
 1855   14.22482    
 1856   14.11104    
 1857   14.05763    
 1858   14.05616    
 1859   13.93979    
 1860   14.07577    
 1861   14.25080    
 1862   14.18011    
 1863   14.23477    
 1864   14.21843    
 1865   14.30719    
 1866   14.26200    
 1867   14.40433    
 1868   14.24659    
 1869   14.34589    
 1870   14.33281    
 1871   14.29099    
 1872   14.35246    
 1873   14.32014    
 1874   14.32266    
 1875   14.32807    
 1876   14.33987    
 1877   14.21012    
 1878   14.36028    
 1879   14.43738    
 1880   14.44779    
 1881   14.46301    
 1882   14.33728    
 1883   14.20942    
 1884   14.02240    
 1885   14.03539    
 1886   14.13615    
 1887   14.03071    
 1888   14.17979    
 1889   14.20175    
 1890   14.18526    
 1891   14.17543    
 1892   14.06578    
 1893   14.29089    
 1894   14.23907    
 1895   14.22049    
 1896   14.40545    
 1897   14.47659    
 1898   14.25348    
 1899   14.42263    
 1900   14.33954    
 1901   14.38497    
 1902   14.36266    
 1903   14.10688    
 1904   14.23882    
 1905   14.24365    
 1906   14.36304    
 1907   14.36435    
 1908   14.38254    
 1909   14.48392    
 1910   14.36459    
 1911   14.43640    
 1912   14.39016    
 1913   14.37776    
 1914   14.50927    
 1915   14.43363    
 1916   14.42792    
 1917   14.60326    
 1918   14.53960    
 1919   14.46047    
 1920   14.59414    
 1921   14.55086    
 1922   14.51330    
 1923   14.62486    
 1924   14.63764    
 1925   14.62424    
 1926   14.51035    
 1927   14.55324    
 1928   14.55506    
 1929   14.60006    
 1930   14.62436    
 1931   14.48141    
 1932   14.55569    
 1933   14.59189    
 1934   14.49630    
 1935   14.66039    
 1936   14.63712    
 1937   14.49972    
 1938   14.58302    
 1939   14.71110    
 1940   14.66457    
 1941   14.67392    
 1942   14.67886    
 1943   14.72827    
 1944   14.72038    
 1945   14.62234    
 1946   14.73370    
 1947   14.72664    
 1948   14.73299    
 1949   14.74852    
 1950   14.63742    
 1951   14.79818    
 1952   14.76119    
 1953   14.82739    
 1954   14.63592    
 1955   14.79161    
 1956   14.87927    
 1957   14.83535    
 1958   14.80422    
 1959   14.88246    
 1960   14.85096    
 1961   14.73219    
 1962   14.76860    
 1963   14.72670    
 1964   14.63222    
 1965   14.67419    
 1966   14.58258    
 1967   14.67869    
 1968   14.75849    
 1969   14.67624    
 1970   14.61371    
 1971   14.66028    
 1972   14.89990    
 1973   14.90956    
 1974   14.81213    
 1975   14.87623    
 1976   14.95207    
 1977   15.00830    
 1978   14.98273    
 1979   14.94068    
 1980   15.07424    
 1981   15.09861    
 1982   14.93139    
 1983   14.68577    
 1984   14.88680    
 1985   15.07090    
 1986   15.08106    
 1987   15.04496    
 1988   15.12718    
 1989   15.07731    
 1990   15.17544    
 1991   15.23593    
 1992   14.95797    
 1993   15.06826    
 1994   15.08347    
 1995   15.16886    
 1996   15.28860    
 1997   15.29310    
 1998   15.33209    
 1999   15.33886    
 2000   15.38100    
 2001   15.48330    
 2002   15.52347    
 2003   15.47390    
 2004   15.54086    
 2005   15.55702    
 2006   15.50899    
 2007   15.45716    
 2008   15.43896    
 2009   15.69853    
 2010   15.68530    
 2011   15.64294    
 2012   15.70080    
 2013   15.66956    
 2014   15.74721    
 2015   15.64959    
 2016   15.82972    
 2017   15.82519    
 2018   15.72561    
 2019   15.77853    
 2020   15.78118    
 2021   15.84306    
 2022   15.84093    
 2023   15.83484    
 2024   15.86141    
 2025   15.95810    
 2026   15.90370    
 2027   16.01540    
 2028   15.92139    
 2029   16.00751    
 2030   16.01695    
 2031   16.04716    
 2032   16.11840    
 2033   16.00471    
 2034   16.11614    
 2035   16.13678    
 2036   16.11148    
 2037   16.06625    
 2038   16.13680    
 2039   16.15591    
 2040   16.26696    
 2041   16.23823    
 2042   16.26366    
 2043   16.21364    
 2044   16.37755    
 2045   16.21229    
 2046   16.17062    
 2047   16.31260    
 2048   16.28600    
 2049   16.40901    
 2050   16.40695    
 2051   16.45521    
 2052   16.43491    
 2053   16.47894    
 2054   16.43799    
 2055   16.45834    
 2056   16.46929    
 2057   16.43649    
 2058   16.49315    
 2059   16.53383    
 2060   16.44292    
 2061   16.48331    
 2062   16.51885    
 2063   16.37104    
 2064   16.48599    
 2065   16.54928    
 2066   16.59030    
 2067   16.60853    
 2068   16.58748    
 2069   16.46509    
 2070   16.46371    
 2071   16.49373    
 2072   16.54317    
 2073   16.49889    
 2074   16.54453    
 2075   16.62554    
 2076   16.54253    
 2077   16.52246    
 2078   16.55616    
 2079   16.64352    
 2080   16.62678    
 2081   16.51109    
 2082   16.57437    
 2083   16.61348    
 2084   16.66434    
 2085   16.61665    
 2086   16.60375    
 2087   16.68700    
 2088   16.57389    
 2089   16.56443    
 2090   16.62220    
 2091   16.63157    
 2092   16.50294    
 2093   16.62116    
 2094   16.59694    
 2095   16.67870    
 2096   16.65022    
 2097   16.64341    
 2098   16.68240    
 2099   16.67819    
 2100   16.60305    
