# daily2longer    1 mea
# <a href=http://cmip-pcmdi.llnl.gov/cmip5/>CMIP5</a> global mean temperature computed at <a href=http://www.knmi.nl/selectfield_cmip5.cgi?someone@somewhere>KNMI Climate Explorer</a> tas_Amon_BNU-ESM_rcp45_r1i1p1
# cutting out region lon=   -1.406  358.594, lat=  -89.247   89.247
# file :: /data/storage/climexp/data/iglobal_tas_Amon_mod_rcp45_004_mean1_anom.dat
# description :: CMIP5 RCP45 models Tglobal
# comment :: daily2longer    1 mea, <a href=http://cmip-pcmdi.llnl.gov/cmip5/>CMIP5</a> global mean temperature computed at <a href=http://www.knmi.nl/selectfield_cmip5.cgi?someone@somewhere>KNMI Climate Explorer</a> tas_Amon_BNU-ESM_rcp45_r1i1p1, cutting out region lon=   -1.406  358.594, lat=  -89.247   89.247, via the KNMI Climate Explorer (http://climexp.knmi.nl)
# institution :: KNMI Climate Explorer
# history ::  2018-05-21  9:17:02 bin/selectyear 1850 2100 data/iglobal_tas_Amon_mod_rcp45_004_mean1_anom.dat global_tas_Amon_mod_rcp45_+++_mean1_anom_1850:2100\n 2018-05-21  9:16:29 dat2nc ./data/iglobal_tas_Amon_mod_rcp45_004_mean1_anom.dat i CMIP5_RCP45_models_Tglobal ./data/iglobal_tas_Amon_mod_rcp45_004_mean1_anom.nc n
# tas [Celsius] from BNU-ESM model output prepared for CMIP5 RCP4.5 r1i1p1
 1850   12.98420    
 1851   12.80209    
 1852   12.84809    
 1853   13.04249    
 1854   13.00511    
 1855   12.92586    
 1856   12.76625    
 1857   12.85732    
 1858   12.97547    
 1859   13.05706    
 1860   13.02281    
 1861   12.72068    
 1862   12.80659    
 1863   12.97819    
 1864   13.20546    
 1865   12.90923    
 1866   12.82166    
 1867   12.90822    
 1868   12.94421    
 1869   12.78312    
 1870   12.97200    
 1871   13.06578    
 1872   12.92174    
 1873   13.04924    
 1874   13.19268    
 1875   13.29053    
 1876   13.15747    
 1877   13.17186    
 1878   13.03115    
 1879   12.89472    
 1880   12.96898    
 1881   13.03087    
 1882   13.09152    
 1883   12.92967    
 1884   12.61065    
 1885   12.59189    
 1886   12.61712    
 1887   12.87491    
 1888   12.90261    
 1889   12.81691    
 1890   12.70477    
 1891   12.39426    
 1892   12.69228    
 1893   12.79638    
 1894   12.88249    
 1895   12.74623    
 1896   12.87518    
 1897   12.96868    
 1898   12.81173    
 1899   12.95267    
 1900   13.07603    
 1901   12.94105    
 1902   13.00603    
 1903   12.57971    
 1904   12.70238    
 1905   12.71871    
 1906   12.54025    
 1907   12.71815    
 1908   12.91044    
 1909   12.91398    
 1910   13.00028    
 1911   12.88811    
 1912   12.81715    
 1913   12.92393    
 1914   13.09859    
 1915   13.08749    
 1916   13.14927    
 1917   13.04373    
 1918   13.17098    
 1919   13.17283    
 1920   13.22242    
 1921   13.09337    
 1922   13.17643    
 1923   13.20387    
 1924   13.12361    
 1925   12.85427    
 1926   13.01124    
 1927   13.10443    
 1928   13.11608    
 1929   13.15421    
 1930   12.91173    
 1931   13.14901    
 1932   13.08502    
 1933   13.06897    
 1934   12.84180    
 1935   13.15998    
 1936   13.29721    
 1937   13.20545    
 1938   13.29417    
 1939   13.30401    
 1940   13.09142    
 1941   13.11331    
 1942   13.22552    
 1943   13.28107    
 1944   13.37584    
 1945   13.37501    
 1946   13.26936    
 1947   13.43725    
 1948   13.55827    
 1949   13.17758    
 1950   13.10056    
 1951   13.32617    
 1952   13.37281    
 1953   13.30755    
 1954   13.40261    
 1955   13.53064    
 1956   13.30841    
 1957   13.55482    
 1958   13.36299    
 1959   13.23872    
 1960   13.50181    
 1961   13.21601    
 1962   13.50428    
 1963   13.25123    
 1964   13.15455    
 1965   13.20994    
 1966   13.20381    
 1967   13.36041    
 1968   13.42287    
 1969   13.34996    
 1970   13.23048    
 1971   13.43585    
 1972   13.57205    
 1973   13.37009    
 1974   13.55932    
 1975   13.51054    
 1976   13.30990    
 1977   13.47747    
 1978   13.62228    
 1979   13.51529    
 1980   13.62623    
 1981   13.77382    
 1982   13.57660    
 1983   13.52492    
 1984   13.56227    
 1985   13.61161    
 1986   13.78229    
 1987   13.91552    
 1988   13.76844    
 1989   13.81946    
 1990   13.88123    
 1991   13.78393    
 1992   13.62637    
 1993   13.62405    
 1994   13.77743    
 1995   14.00807    
 1996   14.11728    
 1997   14.11191    
 1998   13.95140    
 1999   14.17151    
 2000   14.39774    
 2001   14.15479    
 2002   14.19713    
 2003   14.39065    
 2004   14.23115    
 2005   14.23642    
 2006   14.67503    
 2007   14.43049    
 2008   14.41953    
 2009   14.43643    
 2010   14.62403    
 2011   14.56518    
 2012   14.33712    
 2013   14.65229    
 2014   14.79247    
 2015   14.58539    
 2016   14.50986    
 2017   14.54276    
 2018   14.78467    
 2019   14.90092    
 2020   14.79209    
 2021   14.78207    
 2022   15.05357    
 2023   14.87646    
 2024   14.89912    
 2025   14.88917    
 2026   15.10212    
 2027   15.29391    
 2028   15.33432    
 2029   15.03054    
 2030   15.03654    
 2031   15.14481    
 2032   15.17281    
 2033   15.14721    
 2034   15.42405    
 2035   15.22208    
 2036   15.07518    
 2037   15.33046    
 2038   15.37463    
 2039   14.97136    
 2040   15.26330    
 2041   15.25674    
 2042   15.36491    
 2043   15.27771    
 2044   15.36016    
 2045   15.47300    
 2046   15.47873    
 2047   15.66723    
 2048   15.66406    
 2049   15.74155    
 2050   15.85337    
 2051   15.75731    
 2052   15.53215    
 2053   15.42398    
 2054   15.52054    
 2055   15.69667    
 2056   15.54906    
 2057   15.66846    
 2058   15.85833    
 2059   15.94859    
 2060   15.91312    
 2061   15.88971    
 2062   16.01957    
 2063   16.01959    
 2064   16.08659    
 2065   15.92984    
 2066   16.03940    
 2067   16.05728    
 2068   16.01803    
 2069   16.02567    
 2070   16.00026    
 2071   16.00457    
 2072   16.08617    
 2073   15.90290    
 2074   16.35357    
 2075   16.12441    
 2076   15.81634    
 2077   15.89518    
 2078   16.14127    
 2079   16.29017    
 2080   16.09621    
 2081   16.33462    
 2082   16.28187    
 2083   16.23054    
 2084   15.95638    
 2085   16.10473    
 2086   16.34243    
 2087   16.16850    
 2088   16.06254    
 2089   16.14067    
 2090   16.20413    
 2091   16.22342    
 2092   16.04706    
 2093   15.88572    
 2094   16.10843    
 2095   16.21698    
 2096   16.18504    
 2097   16.18862    
 2098   16.21595    
 2099   16.21592    
 2100   16.06722    
