# daily2longer    1 mea
# <a href=http://cmip-pcmdi.llnl.gov/cmip5/>CMIP5</a> global mean temperature computed at <a href=http://www.knmi.nl/selectfield_cmip5.cgi?someone@somewhere>KNMI Climate Explorer</a> tas_Amon_GFDL-ESM2M_rcp45_r1i1p1
# cutting out region lon=    0.000  360.000, lat=  -90.000   90.000
# file :: /data/storage/climexp/data/iglobal_tas_Amon_mod_rcp45_018_mean1_anom.dat
# description :: CMIP5 RCP45 models Tglobal
# comment :: daily2longer    1 mea, <a href=http://cmip-pcmdi.llnl.gov/cmip5/>CMIP5</a> global mean temperature computed at <a href=http://www.knmi.nl/selectfield_cmip5.cgi?someone@somewhere>KNMI Climate Explorer</a> tas_Amon_GFDL-ESM2M_rcp45_r1i1p1, cutting out region lon=    0.000  360.000, lat=  -90.000   90.000, via the KNMI Climate Explorer (http://climexp.knmi.nl)
# institution :: KNMI Climate Explorer
# history ::  2018-05-21  9:17:03 bin/selectyear 1850 2100 data/iglobal_tas_Amon_mod_rcp45_018_mean1_anom.dat global_tas_Amon_mod_rcp45_+++_mean1_anom_1850:2100\n 2018-05-21  9:16:30 dat2nc ./data/iglobal_tas_Amon_mod_rcp45_018_mean1_anom.dat i CMIP5_RCP45_models_Tglobal ./data/iglobal_tas_Amon_mod_rcp45_018_mean1_anom.nc n
# tas [Celsius] from NOAA GFDL GFDL-ESM2M, RCP4.5 (run 1) experiment output for CMIP5 AR5 r1i1p1
 1861   13.64927    
 1862   13.75379    
 1863   13.76537    
 1864   13.65864    
 1865   13.73112    
 1866   13.88957    
 1867   13.85563    
 1868   13.75279    
 1869   13.89111    
 1870   13.92910    
 1871   13.87978    
 1872   13.67975    
 1873   13.83082    
 1874   13.90219    
 1875   13.90194    
 1876   13.61848    
 1877   13.66648    
 1878   13.53799    
 1879   13.71020    
 1880   13.73769    
 1881   13.66093    
 1882   13.73462    
 1883   13.73406    
 1884   13.40267    
 1885   13.31044    
 1886   13.44944    
 1887   13.33255    
 1888   13.47495    
 1889   13.53978    
 1890   13.73832    
 1891   13.70103    
 1892   13.62113    
 1893   13.62045    
 1894   13.79411    
 1895   13.96913    
 1896   14.08066    
 1897   13.69508    
 1898   13.74052    
 1899   13.88665    
 1900   13.96273    
 1901   13.85199    
 1902   13.84332    
 1903   13.59124    
 1904   13.61049    
 1905   13.91954    
 1906   13.95018    
 1907   13.75989    
 1908   13.78349    
 1909   13.86498    
 1910   13.91785    
 1911   14.02554    
 1912   13.78299    
 1913   13.69503    
 1914   13.87969    
 1915   13.94257    
 1916   13.96168    
 1917   13.90894    
 1918   13.97715    
 1919   13.92174    
 1920   13.98661    
 1921   13.98539    
 1922   13.96799    
 1923   13.88679    
 1924   13.86787    
 1925   13.81573    
 1926   14.11153    
 1927   14.22516    
 1928   13.82640    
 1929   13.85366    
 1930   13.94814    
 1931   13.84805    
 1932   14.01160    
 1933   14.05686    
 1934   13.79178    
 1935   13.81921    
 1936   14.13769    
 1937   14.24588    
 1938   13.78342    
 1939   13.75783    
 1940   13.86076    
 1941   13.90099    
 1942   14.05770    
 1943   13.75984    
 1944   13.83085    
 1945   14.12869    
 1946   13.92137    
 1947   13.89528    
 1948   14.06529    
 1949   13.81223    
 1950   13.89655    
 1951   13.97034    
 1952   14.22565    
 1953   14.03829    
 1954   13.94540    
 1955   13.91297    
 1956   13.99160    
 1957   14.23307    
 1958   14.01526    
 1959   13.99706    
 1960   14.24601    
 1961   14.22746    
 1962   13.93884    
 1963   13.79568    
 1964   13.58984    
 1965   13.74781    
 1966   13.95459    
 1967   13.80969    
 1968   13.75444    
 1969   13.78800    
 1970   13.84955    
 1971   13.93362    
 1972   13.96567    
 1973   14.19215    
 1974   13.98732    
 1975   13.84505    
 1976   13.90876    
 1977   14.11444    
 1978   14.11193    
 1979   14.10382    
 1980   14.14377    
 1981   14.05231    
 1982   14.20208    
 1983   14.14507    
 1984   14.14001    
 1985   14.01527    
 1986   14.17218    
 1987   14.41098    
 1988   14.45426    
 1989   14.00704    
 1990   14.13682    
 1991   14.40506    
 1992   14.17675    
 1993   13.99995    
 1994   14.09485    
 1995   14.21939    
 1996   14.58325    
 1997   14.56061    
 1998   14.30206    
 1999   14.35544    
 2000   14.60972    
 2001   14.68704    
 2002   14.69197    
 2003   14.41481    
 2004   14.51428    
 2005   14.60222    
 2006   14.63792    
 2007   14.78949    
 2008   14.44729    
 2009   14.65434    
 2010   14.64841    
 2011   14.77121    
 2012   14.68275    
 2013   14.73385    
 2014   14.79194    
 2015   14.73660    
 2016   14.88618    
 2017   14.95436    
 2018   14.78898    
 2019   14.79457    
 2020   14.93506    
 2021   14.90744    
 2022   14.80984    
 2023   14.76788    
 2024   14.91260    
 2025   15.02692    
 2026   14.99954    
 2027   14.77021    
 2028   15.08804    
 2029   14.96691    
 2030   15.12581    
 2031   15.16814    
 2032   15.03220    
 2033   15.05863    
 2034   15.05665    
 2035   15.03926    
 2036   14.88308    
 2037   15.15403    
 2038   15.17446    
 2039   15.04178    
 2040   15.10384    
 2041   15.20582    
 2042   15.37040    
 2043   15.07966    
 2044   15.17956    
 2045   15.33307    
 2046   15.11960    
 2047   15.19566    
 2048   15.21993    
 2049   15.29083    
 2050   15.13763    
 2051   15.27013    
 2052   15.35280    
 2053   15.43491    
 2054   15.19762    
 2055   15.30002    
 2056   15.33510    
 2057   15.42605    
 2058   15.17780    
 2059   15.31481    
 2060   15.40522    
 2061   15.47164    
 2062   15.46622    
 2063   15.45975    
 2064   15.51448    
 2065   15.55645    
 2066   15.54641    
 2067   15.54697    
 2068   15.41886    
 2069   15.47751    
 2070   15.54298    
 2071   15.51482    
 2072   15.43431    
 2073   15.79372    
 2074   15.59810    
 2075   15.52292    
 2076   15.71074    
 2077   15.51440    
 2078   15.63544    
 2079   15.67209    
 2080   15.70401    
 2081   15.52574    
 2082   15.49092    
 2083   15.61815    
 2084   15.43241    
 2085   15.42953    
 2086   15.65431    
 2087   15.40897    
 2088   15.57058    
 2089   15.61295    
 2090   15.47040    
 2091   15.51609    
 2092   15.75427    
 2093   15.49505    
 2094   15.45892    
 2095   15.48834    
 2096   15.69449    
 2097   15.34377    
 2098   15.42848    
 2099   15.58508    
 2100   15.39520    
