# daily2longer    1 mea
# ensemble mea of file global_tas_Amon_FIO-ESM_rcp45_%%.dat
# using members   0 to   2
# <a href=http://cmip-pcmdi.llnl.gov/cmip5/>CMIP5</a> global mean temperature computed at <a href=http://www.knmi.nl/selectfield_cmip5.cgi?someone@somewhere>KNMI Climate Explorer</a> tas_Amon_FIO-ESM_rcp45_r1i1p1
# cutting out region lon=   -1.406  358.594, lat=  -89.247   89.247
# file :: /data/storage/climexp/data/iglobal_tas_Amon_mod_rcp45_015_mean1_anom.dat
# description :: CMIP5 RCP45 models Tglobal
# comment :: daily2longer    1 mea, ensemble mea of file global_tas_Amon_FIO-ESM_rcp45_%%.dat, using members   0 to   2, <a href=http://cmip-pcmdi.llnl.gov/cmip5/>CMIP5</a> global mean temperature computed at <a href=http://www.knmi.nl/selectfield_cmip5.cgi?someone@somewhere>KNMI Climate Explorer</a> tas_Amon_FIO-ESM_rcp45_r1i1p1, cutting out region lon=   -1.406  358.594, lat=  -89.247   89.247, via the KNMI Climate Explorer (http://climexp.knmi.nl)
# institution :: KNMI Climate Explorer
# history ::  2018-05-21  9:17:03 bin/selectyear 1850 2100 data/iglobal_tas_Amon_mod_rcp45_015_mean1_anom.dat global_tas_Amon_mod_rcp45_+++_mean1_anom_1850:2100\n 2018-05-21  9:16:30 dat2nc ./data/iglobal_tas_Amon_mod_rcp45_015_mean1_anom.dat i CMIP5_RCP45_models_Tglobal ./data/iglobal_tas_Amon_mod_rcp45_015_mean1_anom.nc n
# tas [Celsius] from FIO-ESM model output prepared for CMIP5 RCP4.5 r1i1p1
 1850   13.22224    
 1851   13.19624    
 1852   13.35222    
 1853   13.30496    
 1854   13.24264    
 1855   13.26618    
 1856   13.23902    
 1857   13.29612    
 1858   13.29815    
 1859   13.30444    
 1860   13.26608    
 1861   13.33791    
 1862   13.30776    
 1863   13.32158    
 1864   13.22293    
 1865   13.24057    
 1866   13.41316    
 1867   13.27956    
 1868   13.20835    
 1869   13.27870    
 1870   13.37701    
 1871   13.13275    
 1872   13.27219    
 1873   13.39934    
 1874   13.34301    
 1875   13.24149    
 1876   13.24483    
 1877   13.31537    
 1878   13.28472    
 1879   13.26480    
 1880   13.33501    
 1881   13.23242    
 1882   13.25703    
 1883   13.29140    
 1884   13.36076    
 1885   13.23232    
 1886   13.36613    
 1887   13.27651    
 1888   13.28501    
 1889   13.31813    
 1890   13.34482    
 1891   13.31625    
 1892   13.38259    
 1893   13.36491    
 1894   13.36134    
 1895   13.39600    
 1896   13.33822    
 1897   13.31664    
 1898   13.36047    
 1899   13.32281    
 1900   13.34692    
 1901   13.42424    
 1902   13.30094    
 1903   13.27337    
 1904   13.36764    
 1905   13.35582    
 1906   13.37867    
 1907   13.41739    
 1908   13.29247    
 1909   13.45238    
 1910   13.49852    
 1911   13.27807    
 1912   13.22110    
 1913   13.41529    
 1914   13.46391    
 1915   13.33104    
 1916   13.30309    
 1917   13.51071    
 1918   13.51305    
 1919   13.40137    
 1920   13.48085    
 1921   13.53828    
 1922   13.43743    
 1923   13.47151    
 1924   13.46949    
 1925   13.43576    
 1926   13.39013    
 1927   13.49973    
 1928   13.44155    
 1929   13.47052    
 1930   13.47052    
 1931   13.45665    
 1932   13.46895    
 1933   13.49742    
 1934   13.47950    
 1935   13.46116    
 1936   13.61964    
 1937   13.58547    
 1938   13.45905    
 1939   13.47075    
 1940   13.49415    
 1941   13.55968    
 1942   13.50184    
 1943   13.53002    
 1944   13.58052    
 1945   13.55125    
 1946   13.44970    
 1947   13.46821    
 1948   13.51757    
 1949   13.56657    
 1950   13.56297    
 1951   13.45229    
 1952   13.59000    
 1953   13.51897    
 1954   13.43928    
 1955   13.57279    
 1956   13.50254    
 1957   13.47140    
 1958   13.64612    
 1959   13.60074    
 1960   13.52921    
 1961   13.71888    
 1962   13.64106    
 1963   13.60440    
 1964   13.63541    
 1965   13.50030    
 1966   13.60320    
 1967   13.66170    
 1968   13.61872    
 1969   13.62450    
 1970   13.69423    
 1971   13.69904    
 1972   13.68574    
 1973   13.73832    
 1974   13.73132    
 1975   13.76330    
 1976   13.71156    
 1977   13.82692    
 1978   13.82802    
 1979   13.79442    
 1980   13.79887    
 1981   13.93974    
 1982   13.84894    
 1983   13.86163    
 1984   13.94231    
 1985   13.82170    
 1986   13.90804    
 1987   13.97964    
 1988   14.05917    
 1989   14.01294    
 1990   14.09679    
 1991   14.09619    
 1992   14.10881    
 1993   14.08152    
 1994   14.04863    
 1995   14.21747    
 1996   14.12303    
 1997   14.13672    
 1998   14.30771    
 1999   14.23259    
 2000   14.13068    
 2001   14.20589    
 2002   14.31469    
 2003   14.36504    
 2004   14.35133    
 2005   14.29163    
 2006   14.34384    
 2007   14.38628    
 2008   14.29051    
 2009   14.34262    
 2010   14.42661    
 2011   14.45108    
 2012   14.46902    
 2013   14.43300    
 2014   14.49757    
 2015   14.58324    
 2016   14.48625    
 2017   14.51774    
 2018   14.51286    
 2019   14.54674    
 2020   14.62223    
 2021   14.58865    
 2022   14.61256    
 2023   14.68600    
 2024   14.75103    
 2025   14.71962    
 2026   14.79747    
 2027   14.57989    
 2028   14.72676    
 2029   14.80788    
 2030   14.69735    
 2031   14.80261    
 2032   14.90805    
 2033   14.74549    
 2034   14.82975    
 2035   14.84995    
 2036   14.81093    
 2037   14.84817    
 2038   14.80630    
 2039   14.85425    
 2040   14.89779    
 2041   14.86758    
 2042   14.92770    
 2043   14.90902    
 2044   14.97848    
 2045   15.08373    
 2046   15.03368    
 2047   15.05499    
 2048   15.08996    
 2049   15.06047    
 2050   15.10466    
 2051   15.12276    
 2052   14.95873    
 2053   15.13120    
 2054   15.20224    
 2055   15.08823    
 2056   15.09368    
 2057   15.02121    
 2058   15.02941    
 2059   15.13322    
 2060   15.20201    
 2061   14.97329    
 2062   15.08014    
 2063   15.16336    
 2064   15.14858    
 2065   15.06812    
 2066   15.15002    
 2067   15.21729    
 2068   15.20305    
 2069   15.28179    
 2070   15.11331    
 2071   15.13944    
 2072   15.24389    
 2073   15.15808    
 2074   15.14511    
 2075   15.20761    
 2076   15.16826    
 2077   15.05760    
 2078   15.21953    
 2079   15.25041    
 2080   15.21174    
 2081   15.02722    
 2082   15.07603    
 2083   15.06915    
 2084   15.12857    
 2085   15.12957    
 2086   15.20056    
 2087   15.21357    
 2088   15.12629    
 2089   15.25958    
 2090   15.21071    
 2091   15.23515    
 2092   15.22042    
 2093   15.14173    
 2094   15.24246    
 2095   15.22713    
 2096   15.26830    
 2097   15.19770    
 2098   15.25132    
 2099   15.20783    
 2100   15.24250    
