# daily2longer    1 mea
# ensemble mea of file global_tas_Amon_HadGEM2-ES_rcp45_%%.dat
# using members   0 to   3
# <a href=http://cmip-pcmdi.llnl.gov/cmip5/>CMIP5</a> global mean temperature computed at <a href=http://www.knmi.nl/selectfield_cmip5.cgi?someone@somewhere>KNMI Climate Explorer</a> tas_Amon_HadGEM2-ES_rcp45_r1i1p1
# cutting out region lon=   -0.938  359.062, lat=  -90.000   90.000
# file :: /data/storage/climexp/data/iglobal_tas_Amon_mod_rcp45_029_mean1_anom.dat
# description :: CMIP5 RCP45 models Tglobal
# comment :: daily2longer    1 mea, ensemble mea of file global_tas_Amon_HadGEM2-ES_rcp45_%%.dat, using members   0 to   3, <a href=http://cmip-pcmdi.llnl.gov/cmip5/>CMIP5</a> global mean temperature computed at <a href=http://www.knmi.nl/selectfield_cmip5.cgi?someone@somewhere>KNMI Climate Explorer</a> tas_Amon_HadGEM2-ES_rcp45_r1i1p1, cutting out region lon=   -0.938  359.062, lat=  -90.000   90.000, via the KNMI Climate Explorer (http://climexp.knmi.nl)
# institution :: KNMI Climate Explorer
# history ::  2018-05-21  9:17:03 bin/selectyear 1850 2100 data/iglobal_tas_Amon_mod_rcp45_029_mean1_anom.dat global_tas_Amon_mod_rcp45_+++_mean1_anom_1850:2100\n 2018-05-21  9:16:31 dat2nc ./data/iglobal_tas_Amon_mod_rcp45_029_mean1_anom.dat i CMIP5_RCP45_models_Tglobal ./data/iglobal_tas_Amon_mod_rcp45_029_mean1_anom.nc n
# tas [Celsius] from HadGEM2-ES model output prepared for CMIP5 RCP4.5 r1i1p1
 1860   13.69147    
 1861   13.72007    
 1862   13.72713    
 1863   13.66328    
 1864   13.68153    
 1865   13.57225    
 1866   13.51522    
 1867   13.56252    
 1868   13.55542    
 1869   13.63222    
 1870   13.61615    
 1871   13.63728    
 1872   13.71234    
 1873   13.74086    
 1874   13.73861    
 1875   13.69687    
 1876   13.65592    
 1877   13.69637    
 1878   13.70711    
 1879   13.62937    
 1880   13.56507    
 1881   13.62318    
 1882   13.62898    
 1883   13.57533    
 1884   13.37201    
 1885   13.40545    
 1886   13.42125    
 1887   13.38082    
 1888   13.48438    
 1889   13.47388    
 1890   13.46157    
 1891   13.40077    
 1892   13.46259    
 1893   13.44141    
 1894   13.47496    
 1895   13.57131    
 1896   13.66120    
 1897   13.58027    
 1898   13.57927    
 1899   13.70372    
 1900   13.67823    
 1901   13.74026    
 1902   13.67586    
 1903   13.50994    
 1904   13.44259    
 1905   13.58346    
 1906   13.60250    
 1907   13.62602    
 1908   13.60955    
 1909   13.54272    
 1910   13.63523    
 1911   13.55867    
 1912   13.51546    
 1913   13.55884    
 1914   13.61541    
 1915   13.65934    
 1916   13.74928    
 1917   13.81417    
 1918   13.76613    
 1919   13.79041    
 1920   13.79362    
 1921   13.78898    
 1922   13.78334    
 1923   13.76424    
 1924   13.82627    
 1925   13.81028    
 1926   13.79061    
 1927   13.73627    
 1928   13.77178    
 1929   13.78988    
 1930   13.77955    
 1931   13.74606    
 1932   13.75388    
 1933   13.74950    
 1934   13.75417    
 1935   13.78046    
 1936   13.80749    
 1937   13.86082    
 1938   13.89278    
 1939   13.86469    
 1940   13.75932    
 1941   13.78825    
 1942   13.84480    
 1943   13.86755    
 1944   13.90614    
 1945   13.91600    
 1946   13.89983    
 1947   13.92390    
 1948   13.96528    
 1949   13.95413    
 1950   13.90320    
 1951   13.85220    
 1952   13.81655    
 1953   13.83687    
 1954   13.79150    
 1955   13.75720    
 1956   13.83932    
 1957   13.81730    
 1958   13.75810    
 1959   13.74158    
 1960   13.67175    
 1961   13.69362    
 1962   13.70034    
 1963   13.67054    
 1964   13.52782    
 1965   13.46329    
 1966   13.45435    
 1967   13.54731    
 1968   13.66763    
 1969   13.66142    
 1970   13.62136    
 1971   13.61254    
 1972   13.72916    
 1973   13.72165    
 1974   13.74996    
 1975   13.64349    
 1976   13.63388    
 1977   13.73803    
 1978   13.71125    
 1979   13.76600    
 1980   13.79195    
 1981   13.79716    
 1982   13.76346    
 1983   13.64581    
 1984   13.75169    
 1985   13.85896    
 1986   13.87683    
 1987   13.86060    
 1988   13.86087    
 1989   13.88002    
 1990   13.92177    
 1991   13.92055    
 1992   13.69072    
 1993   13.75062    
 1994   13.85852    
 1995   13.93688    
 1996   13.93073    
 1997   13.97891    
 1998   14.11442    
 1999   14.13584    
 2000   14.19410    
 2001   14.27280    
 2002   14.31882    
 2003   14.30984    
 2004   14.28969    
 2005   14.31742    
 2006   14.38508    
 2007   14.45522    
 2008   14.40678    
 2009   14.39432    
 2010   14.37943    
 2011   14.44278    
 2012   14.51432    
 2013   14.48137    
 2014   14.58829    
 2015   14.61810    
 2016   14.70744    
 2017   14.79439    
 2018   14.78809    
 2019   14.79630    
 2020   14.76225    
 2021   14.86817    
 2022   14.86826    
 2023   14.89293    
 2024   14.89997    
 2025   14.93440    
 2026   15.03469    
 2027   15.04881    
 2028   15.10317    
 2029   15.10227    
 2030   15.10983    
 2031   15.16492    
 2032   15.20561    
 2033   15.29700    
 2034   15.20403    
 2035   15.19180    
 2036   15.24828    
 2037   15.31424    
 2038   15.36951    
 2039   15.42039    
 2040   15.43417    
 2041   15.53055    
 2042   15.50653    
 2043   15.55199    
 2044   15.55128    
 2045   15.59493    
 2046   15.75141    
 2047   15.75429    
 2048   15.78757    
 2049   15.78819    
 2050   15.76612    
 2051   15.73421    
 2052   15.85346    
 2053   15.90266    
 2054   15.92267    
 2055   15.94614    
 2056   15.98934    
 2057   16.01592    
 2058   16.06015    
 2059   16.04044    
 2060   16.09665    
 2061   16.08926    
 2062   16.09039    
 2063   16.08705    
 2064   16.13022    
 2065   16.11237    
 2066   16.24879    
 2067   16.23995    
 2068   16.21141    
 2069   16.19140    
 2070   16.19698    
 2071   16.26538    
 2072   16.23312    
 2073   16.29767    
 2074   16.31824    
 2075   16.29537    
 2076   16.33806    
 2077   16.43136    
 2078   16.53615    
 2079   16.49624    
 2080   16.49665    
 2081   16.44686    
 2082   16.46481    
 2083   16.45431    
 2084   16.49705    
 2085   16.52434    
 2086   16.49212    
 2087   16.44724    
 2088   16.46009    
 2089   16.43107    
 2090   16.41511    
 2091   16.49176    
 2092   16.55024    
 2093   16.56357    
 2094   16.52554    
 2095   16.48252    
 2096   16.52770    
 2097   16.54535    
 2098   16.55385    
 2099   16.53775    
 2100   16.43441    
