# daily2longer    1 mea
# <a href=http://cmip-pcmdi.llnl.gov/cmip5/>CMIP5</a> global mean temperature computed at <a href=http://www.knmi.nl/selectfield_cmip5.cgi?someone@somewhere>KNMI Climate Explorer</a> tas_Amon_GISS-E2-H_rcp45_r1i1p2
# cutting out region lon=    0.000  360.000, lat=  -90.000   90.000
# file :: /data/storage/climexp/data/iglobal_tas_Amon_mod_rcp45_021_mean1_anom.dat
# description :: CMIP5 RCP45 models Tglobal
# comment :: daily2longer    1 mea, <a href=http://cmip-pcmdi.llnl.gov/cmip5/>CMIP5</a> global mean temperature computed at <a href=http://www.knmi.nl/selectfield_cmip5.cgi?someone@somewhere>KNMI Climate Explorer</a> tas_Amon_GISS-E2-H_rcp45_r1i1p2, cutting out region lon=    0.000  360.000, lat=  -90.000   90.000, via the KNMI Climate Explorer (http://climexp.knmi.nl)
# institution :: KNMI Climate Explorer
# history ::  2018-05-21  9:17:03 bin/selectyear 1850 2100 data/iglobal_tas_Amon_mod_rcp45_021_mean1_anom.dat global_tas_Amon_mod_rcp45_+++_mean1_anom_1850:2100\n 2018-05-21  9:16:30 dat2nc ./data/iglobal_tas_Amon_mod_rcp45_021_mean1_anom.dat i CMIP5_RCP45_models_Tglobal ./data/iglobal_tas_Amon_mod_rcp45_021_mean1_anom.nc n
# tas [Celsius] from GISS-E2-H model output prepared for CMIP5 RCP4.5 r1i1p2
 1850   14.90247    
 1851   14.92869    
 1852   14.82567    
 1853   14.94675    
 1854   14.88941    
 1855   14.89768    
 1856   14.79099    
 1857   14.72831    
 1858   14.70647    
 1859   14.74491    
 1860   14.72083    
 1861   14.82654    
 1862   14.78359    
 1863   14.83358    
 1864   14.88954    
 1865   14.80250    
 1866   14.89570    
 1867   14.93705    
 1868   14.95977    
 1869   15.03949    
 1870   15.04957    
 1871   15.09032    
 1872   15.03031    
 1873   15.07839    
 1874   15.06839    
 1875   14.99802    
 1876   14.95991    
 1877   14.95937    
 1878   15.09630    
 1879   15.04593    
 1880   15.10853    
 1881   15.08475    
 1882   15.01002    
 1883   15.01862    
 1884   14.72736    
 1885   14.63417    
 1886   14.83355    
 1887   14.76951    
 1888   14.78816    
 1889   14.87699    
 1890   14.83206    
 1891   14.84307    
 1892   14.92197    
 1893   14.87190    
 1894   15.00703    
 1895   14.99991    
 1896   15.04122    
 1897   15.04493    
 1898   15.02903    
 1899   15.11162    
 1900   15.13511    
 1901   15.15646    
 1902   15.06370    
 1903   14.88720    
 1904   14.99707    
 1905   14.97442    
 1906   14.98113    
 1907   15.07954    
 1908   15.13126    
 1909   15.20702    
 1910   15.08813    
 1911   15.19350    
 1912   15.16608    
 1913   15.12497    
 1914   15.11568    
 1915   15.06408    
 1916   15.12424    
 1917   15.22753    
 1918   15.17582    
 1919   15.12552    
 1920   15.08370    
 1921   15.23506    
 1922   15.22790    
 1923   15.20877    
 1924   15.25485    
 1925   15.40712    
 1926   15.33307    
 1927   15.33195    
 1928   15.38618    
 1929   15.39596    
 1930   15.37045    
 1931   15.23515    
 1932   15.24789    
 1933   15.23888    
 1934   15.20844    
 1935   15.29847    
 1936   15.30409    
 1937   15.34168    
 1938   15.33951    
 1939   15.33114    
 1940   15.29021    
 1941   15.30151    
 1942   15.33537    
 1943   15.28421    
 1944   15.31283    
 1945   15.34361    
 1946   15.37805    
 1947   15.26060    
 1948   15.22373    
 1949   15.37149    
 1950   15.30581    
 1951   15.25084    
 1952   15.24290    
 1953   15.29453    
 1954   15.13511    
 1955   15.22111    
 1956   15.23995    
 1957   15.31459    
 1958   15.30316    
 1959   15.29385    
 1960   15.31821    
 1961   15.24714    
 1962   15.24521    
 1963   15.29436    
 1964   15.00641    
 1965   15.09274    
 1966   15.15812    
 1967   15.22935    
 1968   15.19636    
 1969   15.04882    
 1970   15.13925    
 1971   15.27596    
 1972   15.25788    
 1973   15.25107    
 1974   15.26840    
 1975   15.22894    
 1976   15.24468    
 1977   15.25553    
 1978   15.40125    
 1979   15.51496    
 1980   15.52057    
 1981   15.48139    
 1982   15.51860    
 1983   15.30346    
 1984   15.39653    
 1985   15.52218    
 1986   15.52020    
 1987   15.54015    
 1988   15.63647    
 1989   15.54977    
 1990   15.58740    
 1991   15.64862    
 1992   15.37525    
 1993   15.42923    
 1994   15.49725    
 1995   15.55805    
 1996   15.68071    
 1997   15.76515    
 1998   15.71614    
 1999   15.61297    
 2000   15.78096    
 2001   15.91796    
 2002   15.85871    
 2003   15.77692    
 2004   15.94028    
 2005   15.98802    
 2006   16.00866    
 2007   15.93462    
 2008   15.96491    
 2009   15.99813    
 2010   16.00715    
 2011   16.04075    
 2012   16.11040    
 2013   16.09751    
 2014   16.15541    
 2015   16.16500    
 2016   16.14196    
 2017   16.12071    
 2018   16.21872    
 2019   16.21038    
 2020   16.17191    
 2021   16.28469    
 2022   16.34747    
 2023   16.32529    
 2024   16.43540    
 2025   16.44749    
 2026   16.46916    
 2027   16.45841    
 2028   16.46397    
 2029   16.41803    
 2030   16.43899    
 2031   16.46143    
 2032   16.57541    
 2033   16.52265    
 2034   16.57901    
 2035   16.61012    
 2036   16.59508    
 2037   16.63416    
 2038   16.73817    
 2039   16.73808    
 2040   16.65372    
 2041   16.68490    
 2042   16.77203    
 2043   16.77396    
 2044   16.70494    
 2045   16.74706    
 2046   16.80310    
 2047   16.78393    
 2048   16.85941    
 2049   16.82679    
 2050   16.98884    
 2051   16.93046    
 2052   16.93502    
 2053   16.93495    
 2054   16.91910    
 2055   16.86432    
 2056   16.95920    
 2057   16.99545    
 2058   16.97363    
 2059   17.02310    
 2060   17.05050    
 2061   17.06889    
 2062   16.96805    
 2063   17.09826    
 2064   17.09605    
 2065   17.06979    
 2066   17.13258    
 2067   17.19839    
 2068   17.14220    
 2069   17.08997    
 2070   17.12852    
 2071   17.17670    
 2072   17.18579    
 2073   17.23823    
 2074   17.21782    
 2075   17.26097    
 2076   17.21030    
 2077   17.13084    
 2078   17.19300    
 2079   17.24121    
 2080   17.19697    
 2081   17.20486    
 2082   17.26906    
 2083   17.19837    
 2084   17.27148    
 2085   17.21811    
 2086   17.23553    
 2087   17.27286    
 2088   17.18667    
 2089   17.18616    
 2090   17.28610    
 2091   17.27277    
 2092   17.24089    
 2093   17.25573    
 2094   17.23073    
 2095   17.27051    
 2096   17.34774    
 2097   17.34163    
 2098   17.28135    
 2099   17.25615    
 2100   17.35355    
