# daily2longer    1 mea
# <a href=http://cmip-pcmdi.llnl.gov/cmip5/>CMIP5</a> global mean temperature computed at <a href=http://www.knmi.nl/selectfield_cmip5.cgi?someone@somewhere>KNMI Climate Explorer</a> tas_Amon_HadGEM2-CC_rcp45_r1i1p1
# cutting out region lon=   -0.938  359.062, lat=  -90.000   90.000
# file :: /data/storage/climexp/data/iglobal_tas_Amon_mod_rcp45_028_mean1_anom.dat
# description :: CMIP5 RCP45 models Tglobal
# comment :: daily2longer    1 mea, <a href=http://cmip-pcmdi.llnl.gov/cmip5/>CMIP5</a> global mean temperature computed at <a href=http://www.knmi.nl/selectfield_cmip5.cgi?someone@somewhere>KNMI Climate Explorer</a> tas_Amon_HadGEM2-CC_rcp45_r1i1p1, cutting out region lon=   -0.938  359.062, lat=  -90.000   90.000, via the KNMI Climate Explorer (http://climexp.knmi.nl)
# institution :: KNMI Climate Explorer
# history ::  2018-05-21  9:17:03 bin/selectyear 1850 2100 data/iglobal_tas_Amon_mod_rcp45_028_mean1_anom.dat global_tas_Amon_mod_rcp45_+++_mean1_anom_1850:2100\n 2018-05-21  9:16:31 dat2nc ./data/iglobal_tas_Amon_mod_rcp45_028_mean1_anom.dat i CMIP5_RCP45_models_Tglobal ./data/iglobal_tas_Amon_mod_rcp45_028_mean1_anom.nc n
# tas [Celsius] from HadGEM2-CC model output prepared for CMIP5 RCP4.5 r1i1p1
 1860   13.54153    
 1861   13.62619    
 1862   13.57088    
 1863   13.46205    
 1864   13.44363    
 1865   13.54160    
 1866   13.30624    
 1867   13.36601    
 1868   13.50504    
 1869   13.45216    
 1870   13.59556    
 1871   13.62526    
 1872   13.44741    
 1873   13.60626    
 1874   13.61272    
 1875   13.35830    
 1876   13.32905    
 1877   13.25660    
 1878   13.36775    
 1879   13.48399    
 1880   13.29997    
 1881   13.37876    
 1882   13.41791    
 1883   13.27105    
 1884   13.16978    
 1885   13.16677    
 1886   13.16976    
 1887   13.06542    
 1888   13.23342    
 1889   13.08758    
 1890   13.09821    
 1891   13.04035    
 1892   13.29100    
 1893   13.39843    
 1894   13.42533    
 1895   13.44341    
 1896   13.32287    
 1897   13.32529    
 1898   13.30293    
 1899   13.28187    
 1900   13.35667    
 1901   13.51053    
 1902   13.38881    
 1903   13.17849    
 1904   13.32603    
 1905   13.48210    
 1906   13.41702    
 1907   13.46547    
 1908   13.23021    
 1909   13.22519    
 1910   13.30118    
 1911   13.24353    
 1912   13.18805    
 1913   13.02261    
 1914   13.17904    
 1915   13.20735    
 1916   12.98885    
 1917   12.98451    
 1918   13.13980    
 1919   13.20368    
 1920   13.29446    
 1921   13.33147    
 1922   13.31457    
 1923   13.24307    
 1924   13.17360    
 1925   13.33804    
 1926   13.37314    
 1927   13.50727    
 1928   13.51308    
 1929   13.39370    
 1930   13.18163    
 1931   13.16897    
 1932   13.25897    
 1933   13.21673    
 1934   13.19445    
 1935   13.34478    
 1936   13.48860    
 1937   13.23270    
 1938   13.29489    
 1939   13.42782    
 1940   13.48988    
 1941   13.44179    
 1942   13.53452    
 1943   13.39727    
 1944   13.42483    
 1945   13.47249    
 1946   13.33506    
 1947   13.24267    
 1948   13.25357    
 1949   13.40296    
 1950   13.45051    
 1951   13.46796    
 1952   13.39372    
 1953   13.51867    
 1954   13.59190    
 1955   13.31352    
 1956   13.15706    
 1957   13.23243    
 1958   13.34130    
 1959   13.36380    
 1960   13.45197    
 1961   13.25617    
 1962   13.38794    
 1963   13.46498    
 1964   13.18079    
 1965   13.12751    
 1966   13.19157    
 1967   13.19055    
 1968   13.08829    
 1969   13.14429    
 1970   13.28876    
 1971   13.35898    
 1972   13.25535    
 1973   13.14436    
 1974   13.14324    
 1975   13.19753    
 1976   13.16000    
 1977   13.07221    
 1978   13.29778    
 1979   13.31662    
 1980   13.32838    
 1981   13.48517    
 1982   13.40488    
 1983   13.20919    
 1984   13.27645    
 1985   13.40733    
 1986   13.55652    
 1987   13.45331    
 1988   13.37803    
 1989   13.59994    
 1990   13.71027    
 1991   13.62276    
 1992   13.50424    
 1993   13.49056    
 1994   13.58759    
 1995   13.55931    
 1996   13.61806    
 1997   13.63104    
 1998   13.69577    
 1999   13.74259    
 2000   13.82908    
 2001   13.83667    
 2002   13.77714    
 2003   13.78576    
 2004   13.73212    
 2005   13.64922    
 2006   13.73749    
 2007   13.86549    
 2008   13.84629    
 2009   13.84185    
 2010   14.07195    
 2011   14.07730    
 2012   13.94016    
 2013   14.11714    
 2014   14.06341    
 2015   14.11809    
 2016   14.15868    
 2017   14.16242    
 2018   14.18263    
 2019   14.41221    
 2020   14.50294    
 2021   14.52807    
 2022   14.32853    
 2023   14.40668    
 2024   14.43608    
 2025   14.48317    
 2026   14.55509    
 2027   14.65754    
 2028   14.61675    
 2029   14.72092    
 2030   14.55443    
 2031   14.57158    
 2032   14.64139    
 2033   14.63380    
 2034   14.65931    
 2035   14.82624    
 2036   14.89302    
 2037   14.89903    
 2038   15.01359    
 2039   15.04971    
 2040   14.98252    
 2041   14.93321    
 2042   15.00684    
 2043   14.87960    
 2044   15.06011    
 2045   15.18556    
 2046   15.13985    
 2047   15.26363    
 2048   15.38636    
 2049   15.26383    
 2050   15.30266    
 2051   15.38833    
 2052   15.20544    
 2053   15.30509    
 2054   15.31134    
 2055   15.41413    
 2056   15.32062    
 2057   15.35550    
 2058   15.51961    
 2059   15.60057    
 2060   15.63747    
 2061   15.61754    
 2062   15.54937    
 2063   15.50106    
 2064   15.59322    
 2065   15.76491    
 2066   15.62009    
 2067   15.72186    
 2068   15.71603    
 2069   15.58517    
 2070   15.51842    
 2071   15.71770    
 2072   15.67257    
 2073   15.74611    
 2074   15.75402    
 2075   15.76324    
 2076   15.88636    
 2077   15.79699    
 2078   15.88792    
 2079   15.96358    
 2080   15.90299    
 2081   15.87848    
 2082   15.88757    
 2083   15.96488    
 2084   15.92048    
 2085   15.92959    
 2086   15.90877    
 2087   15.96801    
 2088   15.84852    
 2089   15.98106    
 2090   16.07408    
 2091   15.86734    
 2092   15.86345    
 2093   15.96053    
 2094   15.88419    
 2095   15.85338    
 2096   15.97066    
 2097   16.05071    
 2098   16.01822    
 2099   16.06902    
 2100   16.04752    
