# daily2longer    1 mea
# <a href=http://cmip-pcmdi.llnl.gov/cmip5/>CMIP5</a> global mean temperature computed at <a href=http://www.knmi.nl/selectfield_cmip5.cgi?someone@somewhere>KNMI Climate Explorer</a> tas_Amon_GISS-E2-H_rcp45_r1i1p3
# cutting out region lon=    0.000  360.000, lat=  -90.000   90.000
# file :: /data/storage/climexp/data/iglobal_tas_Amon_mod_rcp45_022_mean1_anom.dat
# description :: CMIP5 RCP45 models Tglobal
# comment :: daily2longer    1 mea, <a href=http://cmip-pcmdi.llnl.gov/cmip5/>CMIP5</a> global mean temperature computed at <a href=http://www.knmi.nl/selectfield_cmip5.cgi?someone@somewhere>KNMI Climate Explorer</a> tas_Amon_GISS-E2-H_rcp45_r1i1p3, cutting out region lon=    0.000  360.000, lat=  -90.000   90.000, via the KNMI Climate Explorer (http://climexp.knmi.nl)
# institution :: KNMI Climate Explorer
# history ::  2018-05-21  9:17:03 bin/selectyear 1850 2100 data/iglobal_tas_Amon_mod_rcp45_022_mean1_anom.dat global_tas_Amon_mod_rcp45_+++_mean1_anom_1850:2100\n 2018-05-21  9:16:31 dat2nc ./data/iglobal_tas_Amon_mod_rcp45_022_mean1_anom.dat i CMIP5_RCP45_models_Tglobal ./data/iglobal_tas_Amon_mod_rcp45_022_mean1_anom.nc n
# tas [Celsius] from GISS-E2-H model output prepared for CMIP5 RCP4.5 r1i1p3
 1850   14.87888    
 1851   14.92405    
 1852   14.92826    
 1853   14.85278    
 1854   15.04405    
 1855   15.09223    
 1856   14.97434    
 1857   14.88966    
 1858   14.83130    
 1859   14.82694    
 1860   15.06957    
 1861   15.07865    
 1862   14.96753    
 1863   15.04506    
 1864   15.18865    
 1865   15.21228    
 1866   15.13402    
 1867   15.15424    
 1868   15.21319    
 1869   15.21754    
 1870   15.18028    
 1871   15.24061    
 1872   15.21344    
 1873   15.27615    
 1874   15.28042    
 1875   15.23840    
 1876   15.19453    
 1877   15.10559    
 1878   15.08408    
 1879   15.13343    
 1880   15.11103    
 1881   15.19770    
 1882   15.16317    
 1883   14.97762    
 1884   14.70535    
 1885   14.64209    
 1886   14.87860    
 1887   14.76512    
 1888   14.90756    
 1889   14.94763    
 1890   14.91875    
 1891   14.82950    
 1892   14.99550    
 1893   15.09892    
 1894   15.04792    
 1895   15.11149    
 1896   15.09529    
 1897   15.18045    
 1898   15.11812    
 1899   15.13854    
 1900   15.10666    
 1901   15.10557    
 1902   15.17353    
 1903   14.86784    
 1904   14.89872    
 1905   15.02802    
 1906   15.09531    
 1907   15.14596    
 1908   15.20956    
 1909   15.13849    
 1910   15.15728    
 1911   15.25321    
 1912   15.25904    
 1913   15.12322    
 1914   15.21634    
 1915   15.23412    
 1916   15.25772    
 1917   15.20604    
 1918   15.35238    
 1919   15.40367    
 1920   15.26484    
 1921   15.35096    
 1922   15.48031    
 1923   15.43650    
 1924   15.29461    
 1925   15.23158    
 1926   15.29329    
 1927   15.39492    
 1928   15.33123    
 1929   15.41316    
 1930   15.44499    
 1931   15.42979    
 1932   15.45683    
 1933   15.54334    
 1934   15.34683    
 1935   15.30814    
 1936   15.49112    
 1937   15.47116    
 1938   15.44802    
 1939   15.51962    
 1940   15.52386    
 1941   15.46623    
 1942   15.50702    
 1943   15.51483    
 1944   15.40436    
 1945   15.55562    
 1946   15.51068    
 1947   15.41294    
 1948   15.55143    
 1949   15.58811    
 1950   15.46796    
 1951   15.52101    
 1952   15.62597    
 1953   15.48785    
 1954   15.61564    
 1955   15.54948    
 1956   15.45735    
 1957   15.53148    
 1958   15.47678    
 1959   15.52889    
 1960   15.59702    
 1961   15.63869    
 1962   15.53555    
 1963   15.51567    
 1964   15.39937    
 1965   15.37135    
 1966   15.40353    
 1967   15.40295    
 1968   15.50680    
 1969   15.46872    
 1970   15.47557    
 1971   15.49241    
 1972   15.69242    
 1973   15.62031    
 1974   15.74781    
 1975   15.51764    
 1976   15.49224    
 1977   15.64351    
 1978   15.73125    
 1979   15.77580    
 1980   15.78344    
 1981   15.80833    
 1982   15.67150    
 1983   15.59842    
 1984   15.56952    
 1985   15.67592    
 1986   15.73272    
 1987   15.67850    
 1988   15.62783    
 1989   15.79259    
 1990   15.78804    
 1991   15.79844    
 1992   15.53231    
 1993   15.54308    
 1994   15.78181    
 1995   15.84650    
 1996   15.85669    
 1997   15.94554    
 1998   15.99026    
 1999   16.03133    
 2000   16.03157    
 2001   16.09029    
 2002   16.18491    
 2003   16.25822    
 2004   16.23906    
 2005   16.18530    
 2006   16.24364    
 2007   16.27684    
 2008   16.31790    
 2009   16.25391    
 2010   16.21764    
 2011   16.40369    
 2012   16.35863    
 2013   16.26505    
 2014   16.46767    
 2015   16.44018    
 2016   16.40416    
 2017   16.45615    
 2018   16.48428    
 2019   16.50281    
 2020   16.52190    
 2021   16.52321    
 2022   16.52104    
 2023   16.67641    
 2024   16.65918    
 2025   16.54696    
 2026   16.67825    
 2027   16.75632    
 2028   16.70392    
 2029   16.71789    
 2030   16.72394    
 2031   16.76422    
 2032   16.76896    
 2033   16.74881    
 2034   16.85898    
 2035   16.88472    
 2036   16.95113    
 2037   16.99151    
 2038   16.98187    
 2039   17.03317    
 2040   17.03712    
 2041   17.03703    
 2042   17.14640    
 2043   17.18715    
 2044   17.10741    
 2045   17.09697    
 2046   17.19697    
 2047   17.12188    
 2048   17.23648    
 2049   17.26505    
 2050   17.30279    
 2051   17.33980    
 2052   17.35619    
 2053   17.32453    
 2054   17.36983    
 2055   17.41911    
 2056   17.40045    
 2057   17.41794    
 2058   17.42958    
 2059   17.39546    
 2060   17.48317    
 2061   17.55059    
 2062   17.37968    
 2063   17.50756    
 2064   17.65317    
 2065   17.56507    
 2066   17.47539    
 2067   17.62536    
 2068   17.57664    
 2069   17.63943    
 2070   17.68898    
 2071   17.66512    
 2072   17.67279    
 2073   17.74889    
 2074   17.68178    
 2075   17.59752    
 2076   17.67633    
 2077   17.66917    
 2078   17.76576    
 2079   17.73387    
 2080   17.78826    
 2081   17.75682    
 2082   17.73759    
 2083   17.77910    
 2084   17.78955    
 2085   17.86592    
 2086   17.88472    
 2087   17.83314    
 2088   17.85857    
 2089   17.94811    
 2090   17.81811    
 2091   17.76297    
 2092   17.88657    
 2093   17.84283    
 2094   17.87574    
 2095   17.96693    
 2096   17.93784    
 2097   17.91811    
 2098   17.97319    
 2099   17.96272    
 2100   17.88144    
