# daily2longer    1 mea
# ensemble mea of file global_tas_Amon_CCSM4_rcp45_%%.dat
# using members   0 to   5
# <a href=http://cmip-pcmdi.llnl.gov/cmip5/>CMIP5</a> global mean temperature computed at <a href=http://www.knmi.nl/selectfield_cmip5.cgi?someone@somewhere>KNMI Climate Explorer</a> tas_Amon_CCSM4_rcp45_r1i1p1
# cutting out region lon=   -0.625  359.375, lat=  -90.000   90.000
# file :: /data/storage/climexp/data/iglobal_tas_Amon_mod_rcp45_006_mean1_anom.dat
# description :: CMIP5 RCP45 models Tglobal
# comment :: daily2longer    1 mea, ensemble mea of file global_tas_Amon_CCSM4_rcp45_%%.dat, using members   0 to   5, <a href=http://cmip-pcmdi.llnl.gov/cmip5/>CMIP5</a> global mean temperature computed at <a href=http://www.knmi.nl/selectfield_cmip5.cgi?someone@somewhere>KNMI Climate Explorer</a> tas_Amon_CCSM4_rcp45_r1i1p1, cutting out region lon=   -0.625  359.375, lat=  -90.000   90.000, via the KNMI Climate Explorer (http://climexp.knmi.nl)
# institution :: KNMI Climate Explorer
# history ::  2018-05-21  9:17:02 bin/selectyear 1850 2100 data/iglobal_tas_Amon_mod_rcp45_006_mean1_anom.dat global_tas_Amon_mod_rcp45_+++_mean1_anom_1850:2100\n 2018-05-21  9:16:29 dat2nc ./data/iglobal_tas_Amon_mod_rcp45_006_mean1_anom.dat i CMIP5_RCP45_models_Tglobal ./data/iglobal_tas_Amon_mod_rcp45_006_mean1_anom.nc n
# tas [Celsius] from CCSM4 model output prepared for CMIP5 RCP4.5 r1i1p1
 1850   13.35188    
 1851   13.43520    
 1852   13.33685    
 1853   13.37089    
 1854   13.21557    
 1855   13.33041    
 1856   13.38459    
 1857   13.35248    
 1858   13.27993    
 1859   13.29120    
 1860   13.30283    
 1861   13.31356    
 1862   13.31526    
 1863   13.34869    
 1864   13.32275    
 1865   13.31643    
 1866   13.31446    
 1867   13.34814    
 1868   13.40657    
 1869   13.41230    
 1870   13.28030    
 1871   13.34953    
 1872   13.38721    
 1873   13.44768    
 1874   13.40991    
 1875   13.42919    
 1876   13.45191    
 1877   13.39747    
 1878   13.29356    
 1879   13.35578    
 1880   13.43060    
 1881   13.46803    
 1882   13.45508    
 1883   13.33570    
 1884   12.82654    
 1885   13.07028    
 1886   13.14310    
 1887   13.13492    
 1888   13.27283    
 1889   13.29606    
 1890   13.17391    
 1891   13.13159    
 1892   13.18242    
 1893   13.22598    
 1894   13.32696    
 1895   13.37076    
 1896   13.40486    
 1897   13.36677    
 1898   13.37218    
 1899   13.41958    
 1900   13.33920    
 1901   13.40503    
 1902   13.38407    
 1903   12.96198    
 1904   13.01313    
 1905   13.21885    
 1906   13.26291    
 1907   13.25814    
 1908   13.31377    
 1909   13.44787    
 1910   13.46762    
 1911   13.33748    
 1912   13.28899    
 1913   13.35704    
 1914   13.43217    
 1915   13.40217    
 1916   13.39943    
 1917   13.48337    
 1918   13.50154    
 1919   13.50508    
 1920   13.47584    
 1921   13.45889    
 1922   13.55862    
 1923   13.48228    
 1924   13.50358    
 1925   13.53614    
 1926   13.55754    
 1927   13.63100    
 1928   13.57392    
 1929   13.46301    
 1930   13.53750    
 1931   13.61115    
 1932   13.50743    
 1933   13.47472    
 1934   13.58075    
 1935   13.56371    
 1936   13.56104    
 1937   13.57959    
 1938   13.58238    
 1939   13.57215    
 1940   13.59393    
 1941   13.62210    
 1942   13.69598    
 1943   13.65721    
 1944   13.56060    
 1945   13.63098    
 1946   13.69967    
 1947   13.63711    
 1948   13.63858    
 1949   13.59806    
 1950   13.65965    
 1951   13.67523    
 1952   13.68367    
 1953   13.62305    
 1954   13.61550    
 1955   13.68318    
 1956   13.69815    
 1957   13.75056    
 1958   13.70974    
 1959   13.64068    
 1960   13.70260    
 1961   13.74198    
 1962   13.71049    
 1963   13.55827    
 1964   13.45816    
 1965   13.50796    
 1966   13.59769    
 1967   13.62174    
 1968   13.68979    
 1969   13.75686    
 1970   13.70016    
 1971   13.68509    
 1972   13.75980    
 1973   13.80824    
 1974   13.88291    
 1975   13.84479    
 1976   13.84745    
 1977   13.94834    
 1978   14.02733    
 1979   13.98216    
 1980   14.03402    
 1981   14.05839    
 1982   13.97446    
 1983   13.86352    
 1984   13.94854    
 1985   13.99510    
 1986   14.06571    
 1987   14.16617    
 1988   14.21491    
 1989   14.19094    
 1990   14.26568    
 1991   14.18090    
 1992   13.89055    
 1993   14.04202    
 1994   14.10738    
 1995   14.16986    
 1996   14.25056    
 1997   14.29017    
 1998   14.39983    
 1999   14.45407    
 2000   14.47629    
 2001   14.55225    
 2002   14.56910    
 2003   14.54339    
 2004   14.58615    
 2005   14.60239    
 2006   14.60362    
 2007   14.75376    
 2008   14.72042    
 2009   14.61614    
 2010   14.63260    
 2011   14.62538    
 2012   14.65699    
 2013   14.73586    
 2014   14.84342    
 2015   14.76246    
 2016   14.78338    
 2017   14.89118    
 2018   14.87613    
 2019   14.82114    
 2020   14.84239    
 2021   14.84838    
 2022   14.93120    
 2023   14.97862    
 2024   14.98252    
 2025   14.93824    
 2026   14.98362    
 2027   15.08597    
 2028   15.07634    
 2029   15.04273    
 2030   15.04802    
 2031   15.13143    
 2032   15.17601    
 2033   15.16800    
 2034   15.15226    
 2035   15.22473    
 2036   15.19152    
 2037   15.19482    
 2038   15.30073    
 2039   15.36452    
 2040   15.33807    
 2041   15.35701    
 2042   15.37601    
 2043   15.44281    
 2044   15.47374    
 2045   15.44940    
 2046   15.44416    
 2047   15.45847    
 2048   15.51961    
 2049   15.51858    
 2050   15.46095    
 2051   15.47963    
 2052   15.56407    
 2053   15.56047    
 2054   15.55023    
 2055   15.56498    
 2056   15.61315    
 2057   15.58466    
 2058   15.57925    
 2059   15.68395    
 2060   15.73117    
 2061   15.73542    
 2062   15.70498    
 2063   15.71471    
 2064   15.68094    
 2065   15.73981    
 2066   15.76736    
 2067   15.81884    
 2068   15.82276    
 2069   15.75539    
 2070   15.76375    
 2071   15.78951    
 2072   15.84259    
 2073   15.81284    
 2074   15.79743    
 2075   15.85521    
 2076   15.87750    
 2077   15.85719    
 2078   15.88696    
 2079   15.89781    
 2080   15.85061    
 2081   15.88179    
 2082   15.88595    
 2083   15.81273    
 2084   15.83784    
 2085   15.86502    
 2086   15.90070    
 2087   15.91954    
 2088   15.92472    
 2089   15.90691    
 2090   15.93701    
 2091   15.93415    
 2092   15.99806    
 2093   15.96642    
 2094   15.94591    
 2095   16.00767    
 2096   16.00246    
 2097   15.97145    
 2098   15.95316    
 2099   16.02794    
 2100   16.04019    
