# daily2longer    1 mea
# <a href=http://cmip-pcmdi.llnl.gov/cmip5/>CMIP5</a> global mean temperature computed at <a href=http://www.knmi.nl/selectfield_cmip5.cgi?someone@somewhere>KNMI Climate Explorer</a> tas_Amon_FGOALS-g2_rcp26_r1i1p1
# cutting out region lon=   -1.406  358.594, lat=  -90.000   90.000
# file :: /data/storage/climexp/data/iglobal_tas_Amon_mod_rcp26_009_mean1_anom.dat
# description :: CMIP5 RCP26 models Tglobal
# comment :: daily2longer    1 mea, <a href=http://cmip-pcmdi.llnl.gov/cmip5/>CMIP5</a> global mean temperature computed at <a href=http://www.knmi.nl/selectfield_cmip5.cgi?someone@somewhere>KNMI Climate Explorer</a> tas_Amon_FGOALS-g2_rcp26_r1i1p1, cutting out region lon=   -1.406  358.594, lat=  -90.000   90.000, via the KNMI Climate Explorer (http://climexp.knmi.nl)
# institution :: KNMI Climate Explorer
# history ::  2018-05-18 14:59:18 bin/selectyear 1850 2100 data/iglobal_tas_Amon_mod_rcp26_009_mean1_anom.dat global_tas_Amon_mod_rcp26_+++_mean1_anom_1850:2100\n 2018-05-18 14:57:34 dat2nc ./data/iglobal_tas_Amon_mod_rcp26_009_mean1_anom.dat i CMIP5_RCP26_models_Tglobal ./data/iglobal_tas_Amon_mod_rcp26_009_mean1_anom.nc n
# tas [Celsius] from FGOALS_g2 model output prepared for CMIP5 RCP2.6 r1i1p1
 1850   12.30364    
 1851   12.33043    
 1852   12.29415    
 1853   12.25375    
 1854   12.15395    
 1855   12.27154    
 1856   12.27288    
 1857   12.14595    
 1858   12.18366    
 1859   12.23951    
 1860   12.22182    
 1861   12.22731    
 1862   12.28506    
 1863   12.28010    
 1864   12.21940    
 1865   12.27972    
 1866   12.15415    
 1867   12.19697    
 1868   12.11928    
 1869   12.25275    
 1870   12.26008    
 1871   12.19340    
 1872   12.31427    
 1873   12.26500    
 1874   12.19014    
 1875   12.20192    
 1876   12.21587    
 1877   12.32379    
 1878   12.21293    
 1879   12.22817    
 1880   12.22061    
 1881   12.17659    
 1882   12.18494    
 1883   12.17989    
 1884   12.22660    
 1885   12.16558    
 1886   12.22322    
 1887   12.26240    
 1888   12.22978    
 1889   12.06946    
 1890   12.14184    
 1891   12.14505    
 1892   12.09247    
 1893   12.25801    
 1894   12.27028    
 1895   12.16701    
 1896   12.21264    
 1897   12.19895    
 1898   12.26234    
 1899   12.18610    
 1900   12.14575    
 1901   12.21657    
 1902   12.15621    
 1903   12.27094    
 1904   12.27878    
 1905   12.09758    
 1906   12.15662    
 1907   12.18318    
 1908   12.22594    
 1909   12.23325    
 1910   12.14881    
 1911   12.04990    
 1912   12.21006    
 1913   12.27099    
 1914   12.14920    
 1915   12.25011    
 1916   12.23846    
 1917   12.21856    
 1918   12.16423    
 1919   12.27490    
 1920   12.18860    
 1921   12.10239    
 1922   12.07457    
 1923   12.18785    
 1924   12.29382    
 1925   12.17453    
 1926   12.15575    
 1927   12.21307    
 1928   12.31851    
 1929   12.30172    
 1930   12.21077    
 1931   12.31303    
 1932   12.34326    
 1933   12.28545    
 1934   12.18150    
 1935   12.17377    
 1936   12.27810    
 1937   12.36827    
 1938   12.26090    
 1939   12.16269    
 1940   12.28776    
 1941   12.32189    
 1942   12.19708    
 1943   12.15083    
 1944   12.34460    
 1945   12.30614    
 1946   12.20870    
 1947   12.24630    
 1948   12.39947    
 1949   12.30946    
 1950   12.33868    
 1951   12.26904    
 1952   12.20439    
 1953   12.30480    
 1954   12.39373    
 1955   12.29963    
 1956   12.37330    
 1957   12.34756    
 1958   12.33907    
 1959   12.37452    
 1960   12.36740    
 1961   12.34734    
 1962   12.40074    
 1963   12.28920    
 1964   12.31036    
 1965   12.41488    
 1966   12.45892    
 1967   12.40137    
 1968   12.44062    
 1969   12.49019    
 1970   12.37388    
 1971   12.48598    
 1972   12.49711    
 1973   12.47599    
 1974   12.45088    
 1975   12.48176    
 1976   12.57033    
 1977   12.47166    
 1978   12.57048    
 1979   12.58364    
 1980   12.70777    
 1981   12.56018    
 1982   12.54133    
 1983   12.61573    
 1984   12.68126    
 1985   12.59131    
 1986   12.61737    
 1987   12.56922    
 1988   12.68937    
 1989   12.72240    
 1990   12.79413    
 1991   12.71333    
 1992   12.74386    
 1993   12.74476    
 1994   12.63565    
 1995   12.65810    
 1996   12.85769    
 1997   12.92988    
 1998   12.80111    
 1999   12.78505    
 2000   12.87720    
 2001   13.01320    
 2002   13.04115    
 2003   13.02186    
 2004   13.06762    
 2005   13.03193    
 2006   13.04767    
 2007   12.94587    
 2008   12.86696    
 2009   12.94785    
 2010   12.89421    
 2011   12.93813    
 2012   13.03000    
 2013   13.12471    
 2014   13.08729    
 2015   12.96684    
 2016   13.11029    
 2017   13.15786    
 2018   13.05136    
 2019   13.07478    
 2020   13.14970    
 2021   13.14053    
 2022   13.21913    
 2023   13.25161    
 2024   13.22838    
 2025   13.21097    
 2026   13.34255    
 2027   13.43612    
 2028   13.26411    
 2029   13.22038    
 2030   13.43015    
 2031   13.37830    
 2032   13.33674    
 2033   13.36734    
 2034   13.41251    
 2035   13.40918    
 2036   13.49715    
 2037   13.46811    
 2038   13.54049    
 2039   13.44309    
 2040   13.49832    
 2041   13.51213    
 2042   13.60733    
 2043   13.36950    
 2044   13.41373    
 2045   13.55311    
 2046   13.52162    
 2047   13.44020    
 2048   13.62044    
 2049   13.64669    
 2050   13.54588    
 2051   13.51826    
 2052   13.43916    
 2053   13.46811    
 2054   13.66555    
 2055   13.61405    
 2056   13.50377    
 2057   13.51608    
 2058   13.56493    
 2059   13.48465    
 2060   13.61407    
 2061   13.59830    
 2062   13.43554    
 2063   13.46774    
 2064   13.58081    
 2065   13.62543    
 2066   13.52855    
 2067   13.55768    
 2068   13.48989    
 2069   13.57489    
 2070   13.56247    
 2071   13.52089    
 2072   13.48515    
 2073   13.50602    
 2074   13.56077    
 2075   13.54368    
 2076   13.57271    
 2077   13.49021    
 2078   13.55376    
 2079   13.48263    
 2080   13.38190    
 2081   13.31481    
 2082   13.31081    
 2083   13.37746    
 2084   13.45562    
 2085   13.44995    
 2086   13.39082    
 2087   13.38899    
 2088   13.27649    
 2089   13.34709    
 2090   13.35288    
 2091   13.36831    
 2092   13.40712    
 2093   13.38670    
 2094   13.33485    
 2095   13.31816    
 2096   13.30711    
 2097   13.34995    
 2098   13.17350    
 2099   13.22812    
 2100   13.41607    
