# daily2longer    1 mea
# <a href=http://cmip-pcmdi.llnl.gov/cmip5/>CMIP5</a> global mean temperature computed at <a href=http://www.knmi.nl/selectfield_cmip5.cgi?someone@somewhere>KNMI Climate Explorer</a> tas_Amon_NorESM1-ME_rcp26_r1i1p1
# cutting out region lon=   -1.250  358.750, lat=  -90.000   90.000
# file :: /data/storage/climexp/data/iglobal_tas_Amon_mod_rcp26_030_mean1_anom.dat
# description :: CMIP5 RCP26 models Tglobal
# comment :: daily2longer    1 mea, <a href=http://cmip-pcmdi.llnl.gov/cmip5/>CMIP5</a> global mean temperature computed at <a href=http://www.knmi.nl/selectfield_cmip5.cgi?someone@somewhere>KNMI Climate Explorer</a> tas_Amon_NorESM1-ME_rcp26_r1i1p1, cutting out region lon=   -1.250  358.750, lat=  -90.000   90.000, via the KNMI Climate Explorer (http://climexp.knmi.nl)
# institution :: KNMI Climate Explorer
# history ::  2018-05-18 14:59:19 bin/selectyear 1850 2100 data/iglobal_tas_Amon_mod_rcp26_030_mean1_anom.dat global_tas_Amon_mod_rcp26_+++_mean1_anom_1850:2100\n 2018-05-18 14:57:36 dat2nc ./data/iglobal_tas_Amon_mod_rcp26_030_mean1_anom.dat i CMIP5_RCP26_models_Tglobal ./data/iglobal_tas_Amon_mod_rcp26_030_mean1_anom.nc n
# tas [Celsius] from NorESM1-ME model output prepared for CMIP5 RCP2.6 r1i1p1
 1850   12.96497    
 1851   13.01481    
 1852   12.79076    
 1853   12.66633    
 1854   12.76754    
 1855   12.87245    
 1856   12.73823    
 1857   12.74145    
 1858   12.86675    
 1859   13.00321    
 1860   12.84501    
 1861   12.78975    
 1862   12.84976    
 1863   12.81798    
 1864   12.73363    
 1865   12.72596    
 1866   12.70680    
 1867   12.73503    
 1868   12.76867    
 1869   12.87786    
 1870   12.85553    
 1871   12.90202    
 1872   12.87844    
 1873   12.59417    
 1874   12.71177    
 1875   12.83585    
 1876   12.72845    
 1877   12.82292    
 1878   12.82949    
 1879   12.64081    
 1880   12.80920    
 1881   12.80230    
 1882   12.77797    
 1883   12.78732    
 1884   12.40311    
 1885   12.57103    
 1886   12.58772    
 1887   12.68136    
 1888   12.61258    
 1889   12.73944    
 1890   12.62989    
 1891   12.61650    
 1892   12.64007    
 1893   12.72292    
 1894   12.70631    
 1895   12.88710    
 1896   12.85942    
 1897   12.79166    
 1898   12.68768    
 1899   12.79742    
 1900   12.76942    
 1901   12.70426    
 1902   12.74838    
 1903   12.60728    
 1904   12.53001    
 1905   12.56867    
 1906   12.75574    
 1907   12.83617    
 1908   12.75523    
 1909   12.64713    
 1910   12.85455    
 1911   12.77740    
 1912   12.77796    
 1913   12.75309    
 1914   12.92273    
 1915   13.02310    
 1916   12.75037    
 1917   12.73563    
 1918   12.93432    
 1919   12.76850    
 1920   12.77494    
 1921   12.87124    
 1922   12.75818    
 1923   12.72929    
 1924   12.87466    
 1925   13.00982    
 1926   12.92852    
 1927   12.96437    
 1928   12.87776    
 1929   12.79852    
 1930   12.91189    
 1931   12.95807    
 1932   13.07419    
 1933   12.89754    
 1934   12.96947    
 1935   12.91661    
 1936   12.93980    
 1937   13.00581    
 1938   13.12394    
 1939   13.15147    
 1940   13.02602    
 1941   12.96465    
 1942   12.91584    
 1943   12.92828    
 1944   12.94221    
 1945   13.03055    
 1946   13.04617    
 1947   12.90240    
 1948   12.77810    
 1949   12.74173    
 1950   12.98218    
 1951   12.77107    
 1952   12.79229    
 1953   12.85594    
 1954   12.93382    
 1955   13.00053    
 1956   12.85741    
 1957   12.94407    
 1958   13.05223    
 1959   13.04272    
 1960   13.16053    
 1961   13.06879    
 1962   12.84144    
 1963   12.78161    
 1964   12.75952    
 1965   12.84241    
 1966   12.88152    
 1967   12.97391    
 1968   12.91391    
 1969   12.76049    
 1970   12.83356    
 1971   12.92210    
 1972   12.98323    
 1973   12.97928    
 1974   12.90425    
 1975   12.81073    
 1976   12.91964    
 1977   12.94920    
 1978   13.10987    
 1979   13.22785    
 1980   13.16562    
 1981   13.24359    
 1982   13.27313    
 1983   13.04045    
 1984   13.17634    
 1985   13.09068    
 1986   13.04360    
 1987   13.16630    
 1988   13.25698    
 1989   13.20624    
 1990   13.43581    
 1991   13.23735    
 1992   12.94862    
 1993   12.93471    
 1994   13.04003    
 1995   13.09061    
 1996   13.07913    
 1997   13.12824    
 1998   13.21147    
 1999   13.34978    
 2000   13.52808    
 2001   13.47642    
 2002   13.52337    
 2003   13.73689    
 2004   13.72809    
 2005   13.73711    
 2006   13.59764    
 2007   13.53484    
 2008   13.51884    
 2009   13.57236    
 2010   13.64294    
 2011   13.50713    
 2012   13.59496    
 2013   13.64775    
 2014   13.66917    
 2015   13.89393    
 2016   13.82860    
 2017   13.65691    
 2018   13.67309    
 2019   13.84241    
 2020   13.88426    
 2021   13.95018    
 2022   13.89268    
 2023   13.92866    
 2024   13.87959    
 2025   13.88781    
 2026   13.96721    
 2027   14.06243    
 2028   13.93119    
 2029   14.02246    
 2030   14.11063    
 2031   14.12431    
 2032   14.35228    
 2033   14.14470    
 2034   13.98596    
 2035   13.99776    
 2036   14.03477    
 2037   14.07460    
 2038   14.04268    
 2039   14.00284    
 2040   14.21993    
 2041   14.30861    
 2042   14.38412    
 2043   14.22316    
 2044   14.20836    
 2045   14.21377    
 2046   14.27663    
 2047   14.28888    
 2048   14.32169    
 2049   14.36259    
 2050   14.31661    
 2051   14.16218    
 2052   14.15754    
 2053   14.11727    
 2054   14.08097    
 2055   14.15400    
 2056   14.37623    
 2057   14.26268    
 2058   14.13353    
 2059   14.11821    
 2060   14.21690    
 2061   14.34812    
 2062   14.36263    
 2063   14.18676    
 2064   14.25332    
 2065   14.17392    
 2066   14.08374    
 2067   14.29306    
 2068   14.31990    
 2069   14.09056    
 2070   14.09514    
 2071   14.01255    
 2072   13.98135    
 2073   13.96367    
 2074   13.94984    
 2075   14.07316    
 2076   14.29869    
 2077   14.39048    
 2078   14.31755    
 2079   14.26657    
 2080   14.24865    
 2081   14.24209    
 2082   14.05175    
 2083   14.03903    
 2084   14.23750    
 2085   14.33920    
 2086   14.27555    
 2087   14.20754    
 2088   14.16517    
 2089   14.35930    
 2090   14.47744    
 2091   14.26607    
 2092   14.34489    
 2093   14.33272    
 2094   14.35332    
 2095   14.24527    
 2096   14.22011    
 2097   14.19374    
 2098   14.24977    
 2099   14.27638    
 2100   14.33717    
