# daily2longer    1 mea
# ensemble mea of file global_tas_Amon_EC-EARTH_rcp26_%%.dat
# using members   0 to   1
# <a href=http://cmip-pcmdi.llnl.gov/cmip5/>CMIP5</a> global mean temperature computed at <a href=http://www.knmi.nl/selectfield_cmip5.cgi?someone@somewhere>KNMI Climate Explorer</a> tas_Amon_EC-EARTH_rcp26_r12i1p1
# cutting out region lon=   -0.562  359.438, lat=  -89.698   89.698
# file :: /data/storage/climexp/data/iglobal_tas_Amon_mod_rcp26_008_mean1_anom.dat
# description :: CMIP5 RCP26 models Tglobal
# comment :: daily2longer    1 mea, ensemble mea of file global_tas_Amon_EC-EARTH_rcp26_%%.dat, using members   0 to   1, <a href=http://cmip-pcmdi.llnl.gov/cmip5/>CMIP5</a> global mean temperature computed at <a href=http://www.knmi.nl/selectfield_cmip5.cgi?someone@somewhere>KNMI Climate Explorer</a> tas_Amon_EC-EARTH_rcp26_r12i1p1, cutting out region lon=   -0.562  359.438, lat=  -89.698   89.698, via the KNMI Climate Explorer (http://climexp.knmi.nl)
# institution :: KNMI Climate Explorer
# history ::  2018-05-18 14:59:18 bin/selectyear 1850 2100 data/iglobal_tas_Amon_mod_rcp26_008_mean1_anom.dat global_tas_Amon_mod_rcp26_+++_mean1_anom_1850:2100\n 2018-05-18 14:57:34 dat2nc ./data/iglobal_tas_Amon_mod_rcp26_008_mean1_anom.dat i CMIP5_RCP26_models_Tglobal ./data/iglobal_tas_Amon_mod_rcp26_008_mean1_anom.nc n
# tas [Celsius] from EC-EARTH model output prepared for CMIP5 RCP2.6 r12i1p1
 1850   12.53070    
 1851   12.49282    
 1852   12.46044    
 1853   12.49586    
 1854   12.48582    
 1855   12.53730    
 1856   12.39322    
 1857   12.28438    
 1858   12.28068    
 1859   12.36122    
 1860   12.39564    
 1861   12.41709    
 1862   12.39041    
 1863   12.49085    
 1864   12.54130    
 1865   12.51841    
 1866   12.41250    
 1867   12.40137    
 1868   12.39297    
 1869   12.45885    
 1870   12.52367    
 1871   12.42830    
 1872   12.45423    
 1873   12.52992    
 1874   12.53200    
 1875   12.56635    
 1876   12.52209    
 1877   12.48986    
 1878   12.59043    
 1879   12.58958    
 1880   12.56532    
 1881   12.60599    
 1882   12.58163    
 1883   12.51921    
 1884   12.23207    
 1885   12.18008    
 1886   12.24397    
 1887   12.27587    
 1888   12.28699    
 1889   12.32504    
 1890   12.28061    
 1891   12.28377    
 1892   12.29634    
 1893   12.38473    
 1894   12.44937    
 1895   12.60572    
 1896   12.46968    
 1897   12.40395    
 1898   12.40044    
 1899   12.34378    
 1900   12.40385    
 1901   12.41204    
 1902   12.46300    
 1903   12.32303    
 1904   12.30227    
 1905   12.39820    
 1906   12.43417    
 1907   12.45980    
 1908   12.49344    
 1909   12.53113    
 1910   12.48346    
 1911   12.45631    
 1912   12.44126    
 1913   12.40795    
 1914   12.45372    
 1915   12.55694    
 1916   12.58934    
 1917   12.53683    
 1918   12.56908    
 1919   12.63270    
 1920   12.63656    
 1921   12.68250    
 1922   12.74977    
 1923   12.68614    
 1924   12.73345    
 1925   12.77704    
 1926   12.77077    
 1927   12.79735    
 1928   12.78879    
 1929   12.79046    
 1930   12.71776    
 1931   12.72540    
 1932   12.71773    
 1933   12.69183    
 1934   12.74490    
 1935   12.76442    
 1936   12.76935    
 1937   12.73431    
 1938   12.66103    
 1939   12.66724    
 1940   12.65467    
 1941   12.79840    
 1942   12.80345    
 1943   12.84950    
 1944   12.90911    
 1945   12.77474    
 1946   12.78647    
 1947   12.76616    
 1948   12.81489    
 1949   12.90224    
 1950   12.85438    
 1951   12.80360    
 1952   12.82998    
 1953   12.81020    
 1954   12.91472    
 1955   12.86036    
 1956   12.80987    
 1957   12.86000    
 1958   12.91632    
 1959   12.91583    
 1960   12.85425    
 1961   12.84772    
 1962   12.87949    
 1963   12.77420    
 1964   12.72458    
 1965   12.72009    
 1966   12.71942    
 1967   12.82183    
 1968   12.78973    
 1969   12.77961    
 1970   12.86496    
 1971   12.89027    
 1972   12.89342    
 1973   12.97702    
 1974   12.98392    
 1975   12.90943    
 1976   12.99904    
 1977   13.04032    
 1978   13.14441    
 1979   13.21072    
 1980   13.24020    
 1981   13.18150    
 1982   13.09427    
 1983   12.95156    
 1984   13.00209    
 1985   13.12715    
 1986   13.20728    
 1987   13.16432    
 1988   13.21472    
 1989   13.23545    
 1990   13.29472    
 1991   13.26841    
 1992   13.07945    
 1993   13.16791    
 1994   13.27368    
 1995   13.30220    
 1996   13.22114    
 1997   13.38050    
 1998   13.38195    
 1999   13.33306    
 2000   13.46306    
 2001   13.54405    
 2002   13.60451    
 2003   13.65598    
 2004   13.61803    
 2005   13.65051    
 2006   13.56576    
 2007   13.58208    
 2008   13.61386    
 2009   13.72602    
 2010   13.75502    
 2011   13.64165    
 2012   13.73065    
 2013   13.83150    
 2014   13.87672    
 2015   13.85097    
 2016   13.86917    
 2017   13.87607    
 2018   13.92489    
 2019   13.90792    
 2020   13.84933    
 2021   13.84147    
 2022   13.89381    
 2023   13.93212    
 2024   13.95832    
 2025   13.92095    
 2026   13.89217    
 2027   13.90154    
 2028   14.01530    
 2029   13.98517    
 2030   14.06151    
 2031   14.01732    
 2032   14.04969    
 2033   14.07739    
 2034   14.08332    
 2035   14.14473    
 2036   14.16967    
 2037   14.15374    
 2038   14.13148    
 2039   14.16463    
 2040   14.18724    
 2041   14.19027    
 2042   14.17032    
 2043   14.20412    
 2044   14.16716    
 2045   14.19974    
 2046   14.23973    
 2047   14.21409    
 2048   14.23736    
 2049   14.19872    
 2050   14.24557    
 2051   14.24864    
 2052   14.33230    
 2053   14.37238    
 2054   14.27129    
 2055   14.25156    
 2056   14.31592    
 2057   14.30262    
 2058   14.18931    
 2059   14.28411    
 2060   14.38771    
 2061   14.37547    
 2062   14.27637    
 2063   14.24273    
 2064   14.22499    
 2065   14.36905    
 2066   14.39155    
 2067   14.37380    
 2068   14.26608    
 2069   14.30607    
 2070   14.33874    
 2071   14.41109    
 2072   14.38779    
 2073   14.21970    
 2074   14.21616    
 2075   14.33963    
 2076   14.28302    
 2077   14.24535    
 2078   14.22947    
 2079   14.28064    
 2080   14.24530    
 2081   14.36182    
 2082   14.35113    
 2083   14.25286    
 2084   14.19079    
 2085   14.18968    
 2086   14.24644    
 2087   14.35221    
 2088   14.37426    
 2089   14.28615    
 2090   14.21732    
 2091   14.21097    
 2092   14.31118    
 2093   14.25056    
 2094   14.21277    
 2095   14.21747    
 2096   14.22452    
 2097   14.25818    
 2098   14.16228    
 2099   14.24545    
 2100   14.11634    
