# daily2longer    1 mea
# <a href=http://cmip-pcmdi.llnl.gov/cmip5/>CMIP5</a> global mean temperature computed at <a href=http://www.knmi.nl/selectfield_cmip5.cgi?someone@somewhere>KNMI Climate Explorer</a> tas_Amon_GISS-E2-H_rcp26_r1i1p3
# cutting out region lon=    0.000  360.000, lat=  -90.000   90.000
# file :: /data/storage/climexp/data/iglobal_tas_Amon_mod_rcp26_016_mean1_anom.dat
# description :: CMIP5 RCP26 models Tglobal
# comment :: daily2longer    1 mea, <a href=http://cmip-pcmdi.llnl.gov/cmip5/>CMIP5</a> global mean temperature computed at <a href=http://www.knmi.nl/selectfield_cmip5.cgi?someone@somewhere>KNMI Climate Explorer</a> tas_Amon_GISS-E2-H_rcp26_r1i1p3, cutting out region lon=    0.000  360.000, lat=  -90.000   90.000, via the KNMI Climate Explorer (http://climexp.knmi.nl)
# institution :: KNMI Climate Explorer
# history ::  2018-05-18 14:59:18 bin/selectyear 1850 2100 data/iglobal_tas_Amon_mod_rcp26_016_mean1_anom.dat global_tas_Amon_mod_rcp26_+++_mean1_anom_1850:2100\n 2018-05-18 14:57:35 dat2nc ./data/iglobal_tas_Amon_mod_rcp26_016_mean1_anom.dat i CMIP5_RCP26_models_Tglobal ./data/iglobal_tas_Amon_mod_rcp26_016_mean1_anom.nc n
# tas [Celsius] from GISS-E2-H model output prepared for CMIP5 RCP2.6 r1i1p3
 1850   14.87786    
 1851   14.92304    
 1852   14.92724    
 1853   14.85174    
 1854   15.04302    
 1855   15.09124    
 1856   14.97333    
 1857   14.88865    
 1858   14.83030    
 1859   14.82594    
 1860   15.06855    
 1861   15.07766    
 1862   14.96650    
 1863   15.04403    
 1864   15.18765    
 1865   15.21125    
 1866   15.13301    
 1867   15.15324    
 1868   15.21217    
 1869   15.21654    
 1870   15.17927    
 1871   15.23962    
 1872   15.21243    
 1873   15.27513    
 1874   15.27940    
 1875   15.23737    
 1876   15.19349    
 1877   15.10457    
 1878   15.08307    
 1879   15.13242    
 1880   15.11002    
 1881   15.19669    
 1882   15.16216    
 1883   14.97661    
 1884   14.70431    
 1885   14.64108    
 1886   14.87758    
 1887   14.76409    
 1888   14.90656    
 1889   14.94661    
 1890   14.91775    
 1891   14.82851    
 1892   14.99447    
 1893   15.09791    
 1894   15.04692    
 1895   15.11049    
 1896   15.09426    
 1897   15.17944    
 1898   15.11711    
 1899   15.13752    
 1900   15.10565    
 1901   15.10455    
 1902   15.17252    
 1903   14.86680    
 1904   14.89771    
 1905   15.02699    
 1906   15.09427    
 1907   15.14496    
 1908   15.20857    
 1909   15.13746    
 1910   15.15627    
 1911   15.25218    
 1912   15.25803    
 1913   15.12220    
 1914   15.21535    
 1915   15.23312    
 1916   15.25671    
 1917   15.20504    
 1918   15.35135    
 1919   15.40267    
 1920   15.26381    
 1921   15.34993    
 1922   15.47931    
 1923   15.43549    
 1924   15.29359    
 1925   15.23057    
 1926   15.29228    
 1927   15.39392    
 1928   15.33020    
 1929   15.41214    
 1930   15.44397    
 1931   15.42879    
 1932   15.45581    
 1933   15.54232    
 1934   15.34581    
 1935   15.30713    
 1936   15.49011    
 1937   15.47015    
 1938   15.44700    
 1939   15.51863    
 1940   15.52285    
 1941   15.46522    
 1942   15.50601    
 1943   15.51381    
 1944   15.40337    
 1945   15.55462    
 1946   15.50967    
 1947   15.41192    
 1948   15.55040    
 1949   15.58712    
 1950   15.46695    
 1951   15.51997    
 1952   15.62496    
 1953   15.48685    
 1954   15.61463    
 1955   15.54847    
 1956   15.45632    
 1957   15.53048    
 1958   15.47577    
 1959   15.52790    
 1960   15.59602    
 1961   15.63769    
 1962   15.53454    
 1963   15.51466    
 1964   15.39837    
 1965   15.37036    
 1966   15.40251    
 1967   15.40195    
 1968   15.50581    
 1969   15.46771    
 1970   15.47456    
 1971   15.49139    
 1972   15.69141    
 1973   15.61930    
 1974   15.74680    
 1975   15.51662    
 1976   15.49123    
 1977   15.64249    
 1978   15.73023    
 1979   15.77479    
 1980   15.78243    
 1981   15.80733    
 1982   15.67048    
 1983   15.59739    
 1984   15.56851    
 1985   15.67490    
 1986   15.73171    
 1987   15.67748    
 1988   15.62684    
 1989   15.79156    
 1990   15.78705    
 1991   15.79741    
 1992   15.53130    
 1993   15.54207    
 1994   15.78080    
 1995   15.84548    
 1996   15.85569    
 1997   15.94454    
 1998   15.98926    
 1999   16.03032    
 2000   16.03055    
 2001   16.08926    
 2002   16.18390    
 2003   16.25722    
 2004   16.23804    
 2005   16.18428    
 2006   16.25136    
 2007   16.25021    
 2008   16.33116    
 2009   16.25031    
 2010   16.35509    
 2011   16.34402    
 2012   16.38866    
 2013   16.40322    
 2014   16.44995    
 2015   16.42256    
 2016   16.37552    
 2017   16.42666    
 2018   16.43526    
 2019   16.49776    
 2020   16.54799    
 2021   16.48353    
 2022   16.52878    
 2023   16.54855    
 2024   16.58782    
 2025   16.61421    
 2026   16.68815    
 2027   16.68666    
 2028   16.66793    
 2029   16.66438    
 2030   16.66611    
 2031   16.67361    
 2032   16.69880    
 2033   16.59984    
 2034   16.67995    
 2035   16.75905    
 2036   16.70317    
 2037   16.74696    
 2038   16.80297    
 2039   16.70773    
 2040   16.75625    
 2041   16.86449    
 2042   16.88727    
 2043   16.89505    
 2044   16.83281    
 2045   16.83802    
 2046   16.82407    
 2047   16.85786    
 2048   16.83568    
 2049   16.96286    
 2050   16.86149    
 2051   16.84672    
 2052   16.93281    
 2053   16.89585    
 2054   16.82874    
 2055   16.85412    
 2056   16.86711    
 2057   16.84349    
 2058   16.94836    
 2059   16.86500    
 2060   16.87233    
 2061   16.89518    
 2062   16.91771    
 2063   16.88610    
 2064   16.84174    
 2065   16.81810    
 2066   16.86700    
 2067   16.75340    
 2068   16.92283    
 2069   16.87341    
 2070   16.82770    
 2071   16.93940    
 2072   16.98470    
 2073   16.83481    
 2074   16.83528    
 2075   16.88821    
 2076   16.88885    
 2077   16.89208    
 2078   16.91734    
 2079   16.84944    
 2080   16.87262    
 2081   16.89378    
 2082   16.86620    
 2083   16.84635    
 2084   16.93090    
 2085   16.91838    
 2086   16.76507    
 2087   16.91291    
 2088   16.88930    
 2089   16.93473    
 2090   16.84084    
 2091   16.79014    
 2092   16.83502    
 2093   16.87121    
 2094   16.87545    
 2095   16.88073    
 2096   16.92257    
 2097   16.90855    
 2098   16.86586    
 2099   16.88469    
 2100   16.80425    
