# daily2longer    1 mea
# <a href=http://cmip-pcmdi.llnl.gov/cmip5/>CMIP5</a> global mean temperature computed at <a href=http://www.knmi.nl/selectfield_cmip5.cgi?someone@somewhere>KNMI Climate Explorer</a> tas_Amon_GISS-E2-R_rcp26_r1i1p3
# cutting out region lon=    0.000  360.000, lat=  -90.000   90.000
# file :: /data/storage/climexp/data/iglobal_tas_Amon_mod_rcp26_019_mean1_anom.dat
# description :: CMIP5 RCP26 models Tglobal
# comment :: daily2longer    1 mea, <a href=http://cmip-pcmdi.llnl.gov/cmip5/>CMIP5</a> global mean temperature computed at <a href=http://www.knmi.nl/selectfield_cmip5.cgi?someone@somewhere>KNMI Climate Explorer</a> tas_Amon_GISS-E2-R_rcp26_r1i1p3, cutting out region lon=    0.000  360.000, lat=  -90.000   90.000, via the KNMI Climate Explorer (http://climexp.knmi.nl)
# institution :: KNMI Climate Explorer
# history ::  2018-05-18 14:59:18 bin/selectyear 1850 2100 data/iglobal_tas_Amon_mod_rcp26_019_mean1_anom.dat global_tas_Amon_mod_rcp26_+++_mean1_anom_1850:2100\n 2018-05-18 14:57:35 dat2nc ./data/iglobal_tas_Amon_mod_rcp26_019_mean1_anom.dat i CMIP5_RCP26_models_Tglobal ./data/iglobal_tas_Amon_mod_rcp26_019_mean1_anom.nc n
# tas [Celsius] from GISS-E2-R model output prepared for CMIP5 RCP2.6 r1i1p3
 1850   14.46025    
 1851   14.48998    
 1852   14.44936    
 1853   14.44797    
 1854   14.60517    
 1855   14.56908    
 1856   14.45686    
 1857   14.37447    
 1858   14.35356    
 1859   14.36579    
 1860   14.44922    
 1861   14.56925    
 1862   14.48709    
 1863   14.36472    
 1864   14.30737    
 1865   14.48361    
 1866   14.53548    
 1867   14.56629    
 1868   14.51101    
 1869   14.59424    
 1870   14.68388    
 1871   14.59620    
 1872   14.53826    
 1873   14.52856    
 1874   14.59845    
 1875   14.54933    
 1876   14.46650    
 1877   14.56605    
 1878   14.57261    
 1879   14.56647    
 1880   14.60198    
 1881   14.58640    
 1882   14.58331    
 1883   14.56467    
 1884   14.29592    
 1885   14.21352    
 1886   14.31353    
 1887   14.31574    
 1888   14.32134    
 1889   14.28898    
 1890   14.36781    
 1891   14.40802    
 1892   14.53830    
 1893   14.51961    
 1894   14.42985    
 1895   14.55222    
 1896   14.60976    
 1897   14.53294    
 1898   14.55148    
 1899   14.62646    
 1900   14.71275    
 1901   14.65872    
 1902   14.70776    
 1903   14.31466    
 1904   14.45218    
 1905   14.60102    
 1906   14.48299    
 1907   14.56557    
 1908   14.60599    
 1909   14.68701    
 1910   14.64226    
 1911   14.64445    
 1912   14.59136    
 1913   14.50794    
 1914   14.67873    
 1915   14.69614    
 1916   14.67033    
 1917   14.58415    
 1918   14.78980    
 1919   14.74099    
 1920   14.74160    
 1921   14.70700    
 1922   14.56544    
 1923   14.61421    
 1924   14.59110    
 1925   14.78829    
 1926   14.69378    
 1927   14.74842    
 1928   14.70757    
 1929   14.63728    
 1930   14.68012    
 1931   14.78920    
 1932   14.81292    
 1933   14.70552    
 1934   14.68940    
 1935   14.81074    
 1936   14.74740    
 1937   14.75785    
 1938   14.79581    
 1939   14.80584    
 1940   14.80184    
 1941   14.72225    
 1942   14.70780    
 1943   14.84177    
 1944   14.75783    
 1945   14.64878    
 1946   14.92678    
 1947   14.93423    
 1948   14.84578    
 1949   14.80486    
 1950   14.70041    
 1951   14.78035    
 1952   14.75077    
 1953   14.64616    
 1954   14.79355    
 1955   14.78399    
 1956   14.73594    
 1957   14.70416    
 1958   14.75351    
 1959   14.74861    
 1960   14.86929    
 1961   14.81588    
 1962   14.79499    
 1963   14.83483    
 1964   14.63305    
 1965   14.80232    
 1966   14.82824    
 1967   14.79198    
 1968   14.71117    
 1969   14.75854    
 1970   14.79620    
 1971   14.92177    
 1972   14.84818    
 1973   14.81063    
 1974   14.72790    
 1975   14.79679    
 1976   14.80435    
 1977   14.85710    
 1978   14.89060    
 1979   14.89328    
 1980   14.99166    
 1981   14.97511    
 1982   14.90030    
 1983   14.66384    
 1984   14.74857    
 1985   14.86798    
 1986   14.90550    
 1987   14.95520    
 1988   14.97554    
 1989   15.07374    
 1990   15.13272    
 1991   14.96339    
 1992   14.59244    
 1993   14.69374    
 1994   15.02753    
 1995   14.97355    
 1996   14.98952    
 1997   15.12861    
 1998   15.14415    
 1999   15.22114    
 2000   15.32956    
 2001   15.42190    
 2002   15.44943    
 2003   15.47037    
 2004   15.43122    
 2005   15.41879    
 2006   15.58921    
 2007   15.49369    
 2008   15.35905    
 2009   15.51981    
 2010   15.38423    
 2011   15.36484    
 2012   15.45197    
 2013   15.55433    
 2014   15.45436    
 2015   15.55707    
 2016   15.58754    
 2017   15.50364    
 2018   15.59287    
 2019   15.68236    
 2020   15.67174    
 2021   15.71515    
 2022   15.76288    
 2023   15.70353    
 2024   15.68584    
 2025   15.70150    
 2026   15.75304    
 2027   15.74278    
 2028   15.71238    
 2029   15.77500    
 2030   15.75276    
 2031   15.76343    
 2032   15.71765    
 2033   15.85757    
 2034   15.81329    
 2035   15.79031    
 2036   15.88219    
 2037   15.80140    
 2038   15.86371    
 2039   15.90886    
 2040   16.01779    
 2041   15.94540    
 2042   15.89301    
 2043   15.87386    
 2044   16.00810    
 2045   15.97205    
 2046   15.88643    
 2047   15.90808    
 2048   15.95740    
 2049   15.99160    
 2050   16.10756    
 2051   16.10880    
 2052   16.09652    
 2053   16.07174    
 2054   16.03545    
 2055   16.00029    
 2056   15.96110    
 2057   15.91573    
 2058   15.99781    
 2059   15.99788    
 2060   16.03719    
 2061   16.09451    
 2062   16.10227    
 2063   16.09993    
 2064   15.98990    
 2065   16.04573    
 2066   15.99805    
 2067   15.97579    
 2068   15.96661    
 2069   15.99485    
 2070   15.93766    
 2071   15.99771    
 2072   16.03579    
 2073   16.03240    
 2074   15.97688    
 2075   16.10097    
 2076   16.08351    
 2077   16.07241    
 2078   15.87892    
 2079   15.93449    
 2080   16.00926    
 2081   15.99876    
 2082   16.08959    
 2083   16.06922    
 2084   15.95073    
 2085   15.94037    
 2086   15.89431    
 2087   15.93907    
 2088   16.02315    
 2089   16.08920    
 2090   15.95102    
 2091   15.91996    
 2092   16.04660    
 2093   16.06086    
 2094   16.04393    
 2095   16.14417    
 2096   16.00164    
 2097   15.98841    
 2098   16.01284    
 2099   16.12018    
 2100   16.09355    
