# daily2longer    1 mea
# <a href=http://cmip-pcmdi.llnl.gov/cmip5/>CMIP5</a> global mean temperature computed at <a href=http://www.knmi.nl/selectfield_cmip5.cgi?someone@somewhere>KNMI Climate Explorer</a> tas_Amon_GISS-E2-H_rcp26_r1i1p2
# cutting out region lon=    0.000  360.000, lat=  -90.000   90.000
# file :: /data/storage/climexp/data/iglobal_tas_Amon_mod_rcp26_015_mean1_anom.dat
# description :: CMIP5 RCP26 models Tglobal
# comment :: daily2longer    1 mea, <a href=http://cmip-pcmdi.llnl.gov/cmip5/>CMIP5</a> global mean temperature computed at <a href=http://www.knmi.nl/selectfield_cmip5.cgi?someone@somewhere>KNMI Climate Explorer</a> tas_Amon_GISS-E2-H_rcp26_r1i1p2, cutting out region lon=    0.000  360.000, lat=  -90.000   90.000, via the KNMI Climate Explorer (http://climexp.knmi.nl)
# institution :: KNMI Climate Explorer
# history ::  2018-05-18 14:59:18 bin/selectyear 1850 2100 data/iglobal_tas_Amon_mod_rcp26_015_mean1_anom.dat global_tas_Amon_mod_rcp26_+++_mean1_anom_1850:2100\n 2018-05-18 14:57:35 dat2nc ./data/iglobal_tas_Amon_mod_rcp26_015_mean1_anom.dat i CMIP5_RCP26_models_Tglobal ./data/iglobal_tas_Amon_mod_rcp26_015_mean1_anom.nc n
# tas [Celsius] from GISS-E2-H model output prepared for CMIP5 RCP2.6 r1i1p2
 1850   14.90275    
 1851   14.92899    
 1852   14.82600    
 1853   14.94706    
 1854   14.88971    
 1855   14.89801    
 1856   14.79131    
 1857   14.72862    
 1858   14.70677    
 1859   14.74522    
 1860   14.72116    
 1861   14.82684    
 1862   14.78391    
 1863   14.83387    
 1864   14.88985    
 1865   14.80280    
 1866   14.89602    
 1867   14.93738    
 1868   14.96008    
 1869   15.03979    
 1870   15.04990    
 1871   15.09064    
 1872   15.03064    
 1873   15.07870    
 1874   15.06873    
 1875   14.99833    
 1876   14.96021    
 1877   14.95968    
 1878   15.09663    
 1879   15.04622    
 1880   15.10884    
 1881   15.08506    
 1882   15.01031    
 1883   15.01895    
 1884   14.72766    
 1885   14.63451    
 1886   14.83390    
 1887   14.76982    
 1888   14.78849    
 1889   14.87730    
 1890   14.83239    
 1891   14.84337    
 1892   14.92228    
 1893   14.87221    
 1894   15.00735    
 1895   15.00024    
 1896   15.04154    
 1897   15.04524    
 1898   15.02934    
 1899   15.11193    
 1900   15.13543    
 1901   15.15674    
 1902   15.06400    
 1903   14.88751    
 1904   14.99738    
 1905   14.97472    
 1906   14.98143    
 1907   15.07983    
 1908   15.13159    
 1909   15.20736    
 1910   15.08844    
 1911   15.19381    
 1912   15.16642    
 1913   15.12527    
 1914   15.11601    
 1915   15.06440    
 1916   15.12455    
 1917   15.22782    
 1918   15.17612    
 1919   15.12581    
 1920   15.08401    
 1921   15.23538    
 1922   15.22821    
 1923   15.20909    
 1924   15.25515    
 1925   15.40742    
 1926   15.33338    
 1927   15.33226    
 1928   15.38649    
 1929   15.39628    
 1930   15.37077    
 1931   15.23546    
 1932   15.24819    
 1933   15.23919    
 1934   15.20876    
 1935   15.29877    
 1936   15.30439    
 1937   15.34198    
 1938   15.33980    
 1939   15.33146    
 1940   15.29052    
 1941   15.30181    
 1942   15.33568    
 1943   15.28454    
 1944   15.31314    
 1945   15.34392    
 1946   15.37836    
 1947   15.26091    
 1948   15.22404    
 1949   15.37179    
 1950   15.30614    
 1951   15.25116    
 1952   15.24320    
 1953   15.29486    
 1954   15.13544    
 1955   15.22143    
 1956   15.24026    
 1957   15.31493    
 1958   15.30348    
 1959   15.29415    
 1960   15.31853    
 1961   15.24746    
 1962   15.24549    
 1963   15.29465    
 1964   15.00672    
 1965   15.09307    
 1966   15.15843    
 1967   15.22967    
 1968   15.19666    
 1969   15.04911    
 1970   15.13957    
 1971   15.27628    
 1972   15.25818    
 1973   15.25138    
 1974   15.26871    
 1975   15.22925    
 1976   15.24501    
 1977   15.25586    
 1978   15.40158    
 1979   15.51528    
 1980   15.52090    
 1981   15.48170    
 1982   15.51891    
 1983   15.30376    
 1984   15.39683    
 1985   15.52248    
 1986   15.52050    
 1987   15.54044    
 1988   15.63678    
 1989   15.55010    
 1990   15.58773    
 1991   15.64892    
 1992   15.37557    
 1993   15.42955    
 1994   15.49755    
 1995   15.55836    
 1996   15.68102    
 1997   15.76547    
 1998   15.71646    
 1999   15.61327    
 2000   15.78129    
 2001   15.91829    
 2002   15.85901    
 2003   15.77726    
 2004   15.94059    
 2005   15.98834    
 2006   15.96990    
 2007   15.98725    
 2008   15.95619    
 2009   15.91253    
 2010   15.99685    
 2011   16.09459    
 2012   16.00391    
 2013   16.13648    
 2014   16.09768    
 2015   16.15299    
 2016   16.12017    
 2017   16.17346    
 2018   16.11345    
 2019   16.16463    
 2020   16.21688    
 2021   16.14535    
 2022   16.30053    
 2023   16.27471    
 2024   16.17278    
 2025   16.28349    
 2026   16.27423    
 2027   16.25954    
 2028   16.31523    
 2029   16.30240    
 2030   16.28490    
 2031   16.34905    
 2032   16.29576    
 2033   16.27969    
 2034   16.40866    
 2035   16.44472    
 2036   16.34881    
 2037   16.42684    
 2038   16.37111    
 2039   16.33437    
 2040   16.44144    
 2041   16.46520    
 2042   16.44525    
 2043   16.43546    
 2044   16.34264    
 2045   16.31349    
 2046   16.37974    
 2047   16.40534    
 2048   16.35762    
 2049   16.40886    
 2050   16.54417    
 2051   16.43311    
 2052   16.33824    
 2053   16.40598    
 2054   16.47521    
 2055   16.42860    
 2056   16.45766    
 2057   16.41281    
 2058   16.41498    
 2059   16.32435    
 2060   16.44443    
 2061   16.52146    
 2062   16.42912    
 2063   16.46644    
 2064   16.37188    
 2065   16.40394    
 2066   16.35207    
 2067   16.39723    
 2068   16.27561    
 2069   16.31127    
 2070   16.34912    
 2071   16.37608    
 2072   16.27906    
 2073   16.27294    
 2074   16.40662    
 2075   16.45742    
 2076   16.32887    
 2077   16.37955    
 2078   16.37490    
 2079   16.25473    
 2080   16.32701    
 2081   16.34077    
 2082   16.26324    
 2083   16.31479    
 2084   16.27689    
 2085   16.26439    
 2086   16.30931    
 2087   16.43031    
 2088   16.28206    
 2089   16.24958    
 2090   16.30572    
 2091   16.19779    
 2092   16.25900    
 2093   16.17341    
 2094   16.26545    
 2095   16.25209    
 2096   16.24879    
 2097   16.32697    
 2098   16.32392    
 2099   16.30137    
 2100   16.31104    
