# daily2longer    1 mea
# ensemble mea of file global_tas_Amon_MPI-ESM-LR_rcp26_%%.dat
# using members   0 to   2
# <a href=http://cmip-pcmdi.llnl.gov/cmip5/>CMIP5</a> global mean temperature computed at <a href=http://www.knmi.nl/selectfield_cmip5.cgi?someone@somewhere>KNMI Climate Explorer</a> tas_Amon_MPI-ESM-LR_rcp26_r1i1p1
# cutting out region lon=   -0.938  359.062, lat=  -89.497   89.497
# file :: /data/storage/climexp/data/iglobal_tas_Amon_mod_rcp26_027_mean1_anom.dat
# description :: CMIP5 RCP26 models Tglobal
# comment :: daily2longer    1 mea, ensemble mea of file global_tas_Amon_MPI-ESM-LR_rcp26_%%.dat, using members   0 to   2, <a href=http://cmip-pcmdi.llnl.gov/cmip5/>CMIP5</a> global mean temperature computed at <a href=http://www.knmi.nl/selectfield_cmip5.cgi?someone@somewhere>KNMI Climate Explorer</a> tas_Amon_MPI-ESM-LR_rcp26_r1i1p1, cutting out region lon=   -0.938  359.062, lat=  -89.497   89.497, via the KNMI Climate Explorer (http://climexp.knmi.nl)
# institution :: KNMI Climate Explorer
# history ::  2018-05-18 14:59:19 bin/selectyear 1850 2100 data/iglobal_tas_Amon_mod_rcp26_027_mean1_anom.dat global_tas_Amon_mod_rcp26_+++_mean1_anom_1850:2100\n 2018-05-18 14:57:36 dat2nc ./data/iglobal_tas_Amon_mod_rcp26_027_mean1_anom.dat i CMIP5_RCP26_models_Tglobal ./data/iglobal_tas_Amon_mod_rcp26_027_mean1_anom.nc n
# tas [Celsius] from MPI-ESM-LR model output prepared for CMIP5 RCP2.6 r1i1p1
 1850   13.47702    
 1851   13.47536    
 1852   13.43532    
 1853   13.43342    
 1854   13.44764    
 1855   13.34995    
 1856   13.34279    
 1857   13.38926    
 1858   13.39003    
 1859   13.38379    
 1860   13.36827    
 1861   13.42212    
 1862   13.36440    
 1863   13.43129    
 1864   13.36607    
 1865   13.42878    
 1866   13.41446    
 1867   13.56307    
 1868   13.54211    
 1869   13.46969    
 1870   13.48523    
 1871   13.46516    
 1872   13.44008    
 1873   13.45376    
 1874   13.53422    
 1875   13.62869    
 1876   13.53671    
 1877   13.50376    
 1878   13.44524    
 1879   13.37378    
 1880   13.38397    
 1881   13.46234    
 1882   13.39543    
 1883   13.23687    
 1884   12.99185    
 1885   12.97051    
 1886   13.12515    
 1887   13.14216    
 1888   13.20866    
 1889   13.22419    
 1890   13.24428    
 1891   13.26316    
 1892   13.28382    
 1893   13.36392    
 1894   13.47417    
 1895   13.49068    
 1896   13.47431    
 1897   13.41141    
 1898   13.46385    
 1899   13.48798    
 1900   13.44067    
 1901   13.43300    
 1902   13.44572    
 1903   13.35981    
 1904   13.36472    
 1905   13.35652    
 1906   13.40181    
 1907   13.36811    
 1908   13.44407    
 1909   13.53433    
 1910   13.55200    
 1911   13.50441    
 1912   13.52286    
 1913   13.41726    
 1914   13.47974    
 1915   13.54928    
 1916   13.57370    
 1917   13.50427    
 1918   13.55619    
 1919   13.62456    
 1920   13.64893    
 1921   13.49338    
 1922   13.47314    
 1923   13.57106    
 1924   13.59118    
 1925   13.58047    
 1926   13.51308    
 1927   13.48987    
 1928   13.51384    
 1929   13.52927    
 1930   13.58455    
 1931   13.64774    
 1932   13.56359    
 1933   13.46482    
 1934   13.58101    
 1935   13.67402    
 1936   13.64743    
 1937   13.60032    
 1938   13.64027    
 1939   13.61892    
 1940   13.65177    
 1941   13.73795    
 1942   13.68959    
 1943   13.58332    
 1944   13.59438    
 1945   13.66396    
 1946   13.67205    
 1947   13.73399    
 1948   13.75340    
 1949   13.59625    
 1950   13.65109    
 1951   13.58459    
 1952   13.63568    
 1953   13.70091    
 1954   13.62833    
 1955   13.63627    
 1956   13.64986    
 1957   13.74229    
 1958   13.71682    
 1959   13.71287    
 1960   13.66849    
 1961   13.75986    
 1962   13.76654    
 1963   13.84278    
 1964   13.68803    
 1965   13.55630    
 1966   13.62691    
 1967   13.68460    
 1968   13.83944    
 1969   13.79379    
 1970   13.75137    
 1971   13.76557    
 1972   13.88020    
 1973   13.88250    
 1974   13.85399    
 1975   13.91356    
 1976   13.91405    
 1977   13.95125    
 1978   13.98137    
 1979   14.07946    
 1980   14.10661    
 1981   14.07379    
 1982   14.06680    
 1983   13.92275    
 1984   14.02750    
 1985   14.00151    
 1986   14.02926    
 1987   14.08090    
 1988   14.05654    
 1989   14.29724    
 1990   14.40302    
 1991   14.25117    
 1992   13.89862    
 1993   13.95300    
 1994   14.10205    
 1995   14.20870    
 1996   14.26588    
 1997   14.28968    
 1998   14.35487    
 1999   14.30507    
 2000   14.33444    
 2001   14.36985    
 2002   14.38082    
 2003   14.53119    
 2004   14.60667    
 2005   14.53662    
 2006   14.53658    
 2007   14.57020    
 2008   14.52848    
 2009   14.47915    
 2010   14.60850    
 2011   14.68779    
 2012   14.74857    
 2013   14.77212    
 2014   14.81394    
 2015   14.77073    
 2016   14.67919    
 2017   14.63360    
 2018   14.74100    
 2019   15.00368    
 2020   14.96304    
 2021   14.86850    
 2022   14.90491    
 2023   14.93673    
 2024   15.02820    
 2025   14.95240    
 2026   15.09050    
 2027   15.09941    
 2028   15.15893    
 2029   15.11529    
 2030   15.10601    
 2031   15.17542    
 2032   15.04081    
 2033   14.94870    
 2034   15.04794    
 2035   15.00370    
 2036   15.03335    
 2037   15.11038    
 2038   15.20896    
 2039   15.16519    
 2040   15.11330    
 2041   15.02399    
 2042   15.19245    
 2043   15.29055    
 2044   15.30800    
 2045   15.16253    
 2046   15.21107    
 2047   15.27462    
 2048   15.19725    
 2049   15.18950    
 2050   15.17444    
 2051   15.20993    
 2052   15.25766    
 2053   15.28894    
 2054   15.20356    
 2055   15.14477    
 2056   15.21720    
 2057   15.16315    
 2058   15.10706    
 2059   15.11611    
 2060   15.14285    
 2061   15.20953    
 2062   15.21696    
 2063   15.18566    
 2064   15.11655    
 2065   15.10449    
 2066   15.20188    
 2067   15.34249    
 2068   15.16217    
 2069   15.02693    
 2070   15.04538    
 2071   15.09297    
 2072   15.04788    
 2073   15.12730    
 2074   15.18569    
 2075   15.11092    
 2076   15.10684    
 2077   15.07840    
 2078   15.18540    
 2079   15.31605    
 2080   15.18829    
 2081   14.99041    
 2082   14.98763    
 2083   15.00390    
 2084   14.97368    
 2085   15.08659    
 2086   15.24982    
 2087   15.08278    
 2088   15.02411    
 2089   14.94367    
 2090   14.97917    
 2091   15.09757    
 2092   15.10237    
 2093   14.88962    
 2094   14.95008    
 2095   14.97805    
 2096   15.03562    
 2097   15.18024    
 2098   15.23291    
 2099   14.96564    
 2100   14.96489    
