# daily2longer    1 mea
# ensemble mea of file global_tas_Amon_CESM1-CAM5_rcp26_%%.dat
# using members   0 to   2
# <a href=http://cmip-pcmdi.llnl.gov/cmip5/>CMIP5</a> global mean temperature computed at <a href=http://www.knmi.nl/selectfield_cmip5.cgi?someone@somewhere>KNMI Climate Explorer</a> tas_Amon_CESM1-CAM5_rcp26_r1i1p1
# cutting out region lon=   -0.625  359.375, lat=  -90.000   90.000
# file :: /data/storage/climexp/data/iglobal_tas_Amon_mod_rcp26_005_mean1_anom.dat
# description :: CMIP5 RCP26 models Tglobal
# comment :: daily2longer    1 mea, ensemble mea of file global_tas_Amon_CESM1-CAM5_rcp26_%%.dat, using members   0 to   2, <a href=http://cmip-pcmdi.llnl.gov/cmip5/>CMIP5</a> global mean temperature computed at <a href=http://www.knmi.nl/selectfield_cmip5.cgi?someone@somewhere>KNMI Climate Explorer</a> tas_Amon_CESM1-CAM5_rcp26_r1i1p1, cutting out region lon=   -0.625  359.375, lat=  -90.000   90.000, via the KNMI Climate Explorer (http://climexp.knmi.nl)
# institution :: KNMI Climate Explorer
# history ::  2018-05-18 14:59:18 bin/selectyear 1850 2100 data/iglobal_tas_Amon_mod_rcp26_005_mean1_anom.dat global_tas_Amon_mod_rcp26_+++_mean1_anom_1850:2100\n 2018-05-18 14:57:34 dat2nc ./data/iglobal_tas_Amon_mod_rcp26_005_mean1_anom.dat i CMIP5_RCP26_models_Tglobal ./data/iglobal_tas_Amon_mod_rcp26_005_mean1_anom.nc n
# tas [Celsius] from CESM1-CAM5 model output prepared for CMIP5 RCP2.6 r1i1p1
 1850   13.19658    
 1851   13.17932    
 1852   13.16085    
 1853   13.20768    
 1854   13.15173    
 1855   13.04952    
 1856   13.02482    
 1857   13.09077    
 1858   13.10552    
 1859   13.13626    
 1860   13.06817    
 1861   13.04082    
 1862   13.13401    
 1863   13.29573    
 1864   13.18992    
 1865   13.12592    
 1866   13.20836    
 1867   13.17620    
 1868   13.16682    
 1869   13.21092    
 1870   13.23380    
 1871   13.16718    
 1872   13.18752    
 1873   13.18722    
 1874   13.13777    
 1875   13.15567    
 1876   13.11480    
 1877   13.12973    
 1878   13.17384    
 1879   13.22373    
 1880   13.20438    
 1881   13.19827    
 1882   13.20747    
 1883   13.17486    
 1884   12.86792    
 1885   12.91486    
 1886   12.99588    
 1887   12.96010    
 1888   13.05915    
 1889   13.02057    
 1890   12.97991    
 1891   12.94627    
 1892   12.94525    
 1893   12.89697    
 1894   12.98319    
 1895   13.04684    
 1896   13.09178    
 1897   13.02878    
 1898   13.08378    
 1899   13.13497    
 1900   13.10899    
 1901   13.04320    
 1902   13.00682    
 1903   12.74729    
 1904   12.87882    
 1905   13.04480    
 1906   12.93433    
 1907   12.89796    
 1908   12.98529    
 1909   12.99553    
 1910   13.07161    
 1911   13.04537    
 1912   12.99066    
 1913   12.90043    
 1914   12.99318    
 1915   13.09941    
 1916   13.09424    
 1917   13.15905    
 1918   13.14388    
 1919   13.10497    
 1920   13.15979    
 1921   13.21176    
 1922   13.20282    
 1923   13.18639    
 1924   13.12720    
 1925   13.24895    
 1926   13.37976    
 1927   13.29581    
 1928   13.25733    
 1929   13.17966    
 1930   13.20892    
 1931   13.24352    
 1932   13.16764    
 1933   13.20185    
 1934   13.24965    
 1935   13.31670    
 1936   13.22273    
 1937   13.21776    
 1938   13.24893    
 1939   13.23702    
 1940   13.20618    
 1941   13.22423    
 1942   13.18475    
 1943   13.22427    
 1944   13.28866    
 1945   13.32760    
 1946   13.27017    
 1947   13.23434    
 1948   13.27695    
 1949   13.29360    
 1950   13.29624    
 1951   13.28682    
 1952   13.32325    
 1953   13.30169    
 1954   13.25358    
 1955   13.20915    
 1956   13.11897    
 1957   13.24091    
 1958   13.34122    
 1959   13.38595    
 1960   13.34012    
 1961   13.26183    
 1962   13.41922    
 1963   13.27291    
 1964   13.07508    
 1965   13.11359    
 1966   13.17285    
 1967   13.21687    
 1968   13.21978    
 1969   13.28252    
 1970   13.33170    
 1971   13.28240    
 1972   13.26616    
 1973   13.30993    
 1974   13.34735    
 1975   13.31549    
 1976   13.31772    
 1977   13.29558    
 1978   13.30794    
 1979   13.37701    
 1980   13.43824    
 1981   13.55291    
 1982   13.50869    
 1983   13.29300    
 1984   13.31508    
 1985   13.38104    
 1986   13.44164    
 1987   13.55254    
 1988   13.50391    
 1989   13.51218    
 1990   13.49946    
 1991   13.49705    
 1992   13.43047    
 1993   13.54506    
 1994   13.49957    
 1995   13.54168    
 1996   13.58163    
 1997   13.61520    
 1998   13.74326    
 1999   13.77127    
 2000   13.72014    
 2001   13.75174    
 2002   13.89601    
 2003   13.91770    
 2004   13.89077    
 2005   13.90795    
 2006   13.95685    
 2007   13.95752    
 2008   13.93245    
 2009   13.95396    
 2010   13.96260    
 2011   13.98886    
 2012   13.95691    
 2013   14.02507    
 2014   14.14116    
 2015   14.03496    
 2016   14.08244    
 2017   14.21443    
 2018   14.26871    
 2019   14.28575    
 2020   14.33520    
 2021   14.30885    
 2022   14.31708    
 2023   14.44982    
 2024   14.55805    
 2025   14.57600    
 2026   14.46844    
 2027   14.38282    
 2028   14.51259    
 2029   14.59987    
 2030   14.61459    
 2031   14.58713    
 2032   14.69934    
 2033   14.67894    
 2034   14.61206    
 2035   14.57229    
 2036   14.64273    
 2037   14.71830    
 2038   14.88402    
 2039   14.86663    
 2040   14.78368    
 2041   14.78261    
 2042   14.68402    
 2043   14.75478    
 2044   14.77409    
 2045   14.88058    
 2046   14.91698    
 2047   14.96611    
 2048   14.89958    
 2049   14.80205    
 2050   14.89472    
 2051   15.01221    
 2052   15.00930    
 2053   14.87477    
 2054   14.98867    
 2055   15.07889    
 2056   14.91678    
 2057   14.84754    
 2058   14.95955    
 2059   15.07733    
 2060   15.09006    
 2061   15.09350    
 2062   15.08834    
 2063   14.98120    
 2064   14.94817    
 2065   14.99082    
 2066   15.07843    
 2067   15.13492    
 2068   15.13847    
 2069   15.09269    
 2070   15.01758    
 2071   15.09334    
 2072   15.04697    
 2073   15.05200    
 2074   15.14662    
 2075   15.14047    
 2076   14.97013    
 2077   14.97305    
 2078   15.07572    
 2079   15.20571    
 2080   15.13759    
 2081   15.05180    
 2082   15.02112    
 2083   15.06687    
 2084   15.09813    
 2085   15.13074    
 2086   15.16799    
 2087   15.10371    
 2088   15.08419    
 2089   15.19792    
 2090   15.28512    
 2091   15.13798    
 2092   15.10041    
 2093   15.14771    
 2094   15.17843    
 2095   15.12300    
 2096   15.13461    
 2097   15.10778    
 2098   15.16859    
 2099   15.14771    
 2100   15.10534    
