# daily2longer    1 mea
# <a href=http://cmip-pcmdi.llnl.gov/cmip5/>CMIP5</a> global mean temperature computed at <a href=http://www.knmi.nl/selectfield_cmip5.cgi?someone@somewhere>KNMI Climate Explorer</a> tas_Amon_GFDL-CM3_rcp26_r1i1p1
# cutting out region lon=    0.000  360.000, lat=  -90.000   90.000
# file :: /data/storage/climexp/data/iglobal_tas_Amon_mod_rcp26_011_mean1_anom.dat
# description :: CMIP5 RCP26 models Tglobal
# comment :: daily2longer    1 mea, <a href=http://cmip-pcmdi.llnl.gov/cmip5/>CMIP5</a> global mean temperature computed at <a href=http://www.knmi.nl/selectfield_cmip5.cgi?someone@somewhere>KNMI Climate Explorer</a> tas_Amon_GFDL-CM3_rcp26_r1i1p1, cutting out region lon=    0.000  360.000, lat=  -90.000   90.000, via the KNMI Climate Explorer (http://climexp.knmi.nl)
# institution :: KNMI Climate Explorer
# history ::  2018-05-18 14:59:18 bin/selectyear 1850 2100 data/iglobal_tas_Amon_mod_rcp26_011_mean1_anom.dat global_tas_Amon_mod_rcp26_+++_mean1_anom_1850:2100\n 2018-05-18 14:57:34 dat2nc ./data/iglobal_tas_Amon_mod_rcp26_011_mean1_anom.dat i CMIP5_RCP26_models_Tglobal ./data/iglobal_tas_Amon_mod_rcp26_011_mean1_anom.nc n
# tas [Celsius] from NOAA GFDL GFDL-CM3, RCP2.6 (run 1) experiment output for CMIP5 AR5 r1i1p1
 1860   13.51111    
 1861   13.47035    
 1862   13.47933    
 1863   13.26052    
 1864   13.40246    
 1865   13.51880    
 1866   13.31102    
 1867   13.38295    
 1868   13.51258    
 1869   13.58655    
 1870   13.47208    
 1871   13.63866    
 1872   13.54230    
 1873   13.61454    
 1874   13.63504    
 1875   13.78891    
 1876   13.72075    
 1877   13.41028    
 1878   13.58595    
 1879   13.68206    
 1880   13.62413    
 1881   13.56516    
 1882   13.71720    
 1883   13.68733    
 1884   13.34341    
 1885   13.07208    
 1886   13.19241    
 1887   13.17635    
 1888   13.39749    
 1889   13.27169    
 1890   13.07307    
 1891   13.08297    
 1892   13.14639    
 1893   13.35391    
 1894   13.25715    
 1895   13.42116    
 1896   13.41870    
 1897   13.25580    
 1898   13.38105    
 1899   13.44251    
 1900   13.51124    
 1901   13.37424    
 1902   13.30190    
 1903   13.19361    
 1904   13.24597    
 1905   13.28727    
 1906   13.24103    
 1907   13.38358    
 1908   13.53388    
 1909   13.38165    
 1910   13.46126    
 1911   13.61754    
 1912   13.28786    
 1913   13.19380    
 1914   13.22943    
 1915   13.44343    
 1916   13.34171    
 1917   13.37455    
 1918   13.34221    
 1919   13.20104    
 1920   13.51570    
 1921   13.55641    
 1922   13.51693    
 1923   13.60300    
 1924   13.58230    
 1925   13.67227    
 1926   13.48611    
 1927   13.48219    
 1928   13.56256    
 1929   13.42803    
 1930   13.42245    
 1931   13.55346    
 1932   13.54831    
 1933   13.45171    
 1934   13.60256    
 1935   13.71257    
 1936   13.54676    
 1937   13.56563    
 1938   13.79868    
 1939   13.52986    
 1940   13.55124    
 1941   13.62596    
 1942   13.74417    
 1943   13.63082    
 1944   13.71915    
 1945   13.84937    
 1946   13.68130    
 1947   13.75031    
 1948   13.59845    
 1949   13.73483    
 1950   13.52588    
 1951   13.72080    
 1952   13.68097    
 1953   13.61217    
 1954   13.74198    
 1955   13.72443    
 1956   13.95534    
 1957   13.89388    
 1958   13.60269    
 1959   13.61921    
 1960   13.55937    
 1961   13.56743    
 1962   13.47434    
 1963   13.36208    
 1964   13.08777    
 1965   13.09898    
 1966   13.00229    
 1967   13.10488    
 1968   13.15643    
 1969   13.11442    
 1970   13.18880    
 1971   13.21979    
 1972   13.27680    
 1973   13.33648    
 1974   13.43102    
 1975   13.43472    
 1976   13.24062    
 1977   13.31742    
 1978   13.54577    
 1979   13.79886    
 1980   13.71940    
 1981   13.57632    
 1982   13.63930    
 1983   13.31959    
 1984   13.52060    
 1985   13.53606    
 1986   13.48965    
 1987   13.73578    
 1988   13.74428    
 1989   13.78418    
 1990   13.77123    
 1991   13.70752    
 1992   13.53417    
 1993   13.46919    
 1994   13.51670    
 1995   13.60583    
 1996   13.79004    
 1997   13.97907    
 1998   13.84680    
 1999   14.00863    
 2000   14.00195    
 2001   14.07010    
 2002   14.19192    
 2003   14.19615    
 2004   14.07561    
 2005   14.17667    
 2006   14.37393    
 2007   14.36102    
 2008   14.41113    
 2009   14.45034    
 2010   14.52744    
 2011   14.73516    
 2012   14.66674    
 2013   14.58349    
 2014   14.78223    
 2015   14.77655    
 2016   14.84070    
 2017   14.87140    
 2018   14.89354    
 2019   14.94685    
 2020   14.99642    
 2021   15.11981    
 2022   15.10748    
 2023   15.02288    
 2024   15.01549    
 2025   15.02490    
 2026   14.95727    
 2027   15.11424    
 2028   14.80666    
 2029   15.05820    
 2030   15.15911    
 2031   14.99046    
 2032   15.17115    
 2033   15.22963    
 2034   14.98308    
 2035   15.09886    
 2036   15.37440    
 2037   15.14612    
 2038   15.12612    
 2039   15.10231    
 2040   15.19803    
 2041   15.31597    
 2042   15.15340    
 2043   15.38179    
 2044   15.14136    
 2045   15.48141    
 2046   15.54087    
 2047   15.43120    
 2048   15.44824    
 2049   15.33507    
 2050   15.38749    
 2051   15.49348    
 2052   15.60092    
 2053   15.51829    
 2054   15.48661    
 2055   15.54489    
 2056   15.68073    
 2057   15.60378    
 2058   15.52669    
 2059   15.61712    
 2060   15.80367    
 2061   15.60262    
 2062   15.69321    
 2063   15.70994    
 2064   15.42398    
 2065   15.53811    
 2066   15.60536    
 2067   15.72878    
 2068   15.77783    
 2069   15.55903    
 2070   15.59007    
 2071   15.70841    
 2072   15.69970    
 2073   15.72673    
 2074   15.80621    
 2075   15.59360    
 2076   15.82167    
 2077   15.72945    
 2078   15.70596    
 2079   15.82192    
 2080   15.62535    
 2081   15.57810    
 2082   15.59360    
 2083   15.64963    
 2084   15.62169    
 2085   15.87399    
 2086   15.60579    
 2087   15.65435    
 2088   15.76743    
 2089   15.79282    
 2090   15.92913    
 2091   15.78987    
 2092   15.97372    
 2093   15.93315    
 2094   15.87011    
 2095   15.77247    
 2096   15.80170    
 2097   15.91741    
 2098   15.90535    
 2099   15.91242    
 2100   15.91041    
