# daily2longer    1 mea
# <a href=http://cmip-pcmdi.llnl.gov/cmip5/>CMIP5</a> global mean temperature computed at <a href=http://www.knmi.nl/selectfield_cmip5.cgi?someone@somewhere>KNMI Climate Explorer</a> tas_Amon_CNRM-CM5_rcp26_r1i1p1
# cutting out region lon=   -0.703  359.297, lat=  -89.622   89.622
# file :: /data/storage/climexp/data/iglobal_tas_Amon_mod_rcp26_006_mean1_anom.dat
# description :: CMIP5 RCP26 models Tglobal
# comment :: daily2longer    1 mea, <a href=http://cmip-pcmdi.llnl.gov/cmip5/>CMIP5</a> global mean temperature computed at <a href=http://www.knmi.nl/selectfield_cmip5.cgi?someone@somewhere>KNMI Climate Explorer</a> tas_Amon_CNRM-CM5_rcp26_r1i1p1, cutting out region lon=   -0.703  359.297, lat=  -89.622   89.622, via the KNMI Climate Explorer (http://climexp.knmi.nl)
# institution :: KNMI Climate Explorer
# history ::  2018-05-18 14:59:18 bin/selectyear 1850 2100 data/iglobal_tas_Amon_mod_rcp26_006_mean1_anom.dat global_tas_Amon_mod_rcp26_+++_mean1_anom_1850:2100\n 2018-05-18 14:57:34 dat2nc ./data/iglobal_tas_Amon_mod_rcp26_006_mean1_anom.dat i CMIP5_RCP26_models_Tglobal ./data/iglobal_tas_Amon_mod_rcp26_006_mean1_anom.nc n
# tas [Celsius] from CNRM-CM5 model output prepared for CMIP5 RCP2.6 r1i1p1
 1850   13.25224    
 1851   13.23082    
 1852   13.25620    
 1853   13.42630    
 1854   13.13184    
 1855   13.22217    
 1856   13.33785    
 1857   13.22070    
 1858   13.25254    
 1859   13.28366    
 1860   13.33246    
 1861   13.36715    
 1862   13.27132    
 1863   13.24392    
 1864   13.25584    
 1865   13.46040    
 1866   13.37554    
 1867   13.25376    
 1868   13.24856    
 1869   13.33848    
 1870   13.20394    
 1871   13.19264    
 1872   13.33549    
 1873   13.26574    
 1874   13.37378    
 1875   13.37804    
 1876   13.26348    
 1877   13.32712    
 1878   13.42091    
 1879   13.32215    
 1880   13.44075    
 1881   13.38153    
 1882   13.58341    
 1883   13.22673    
 1884   12.71018    
 1885   12.89349    
 1886   12.98421    
 1887   13.24802    
 1888   13.35928    
 1889   13.35890    
 1890   13.22797    
 1891   13.17799    
 1892   13.36488    
 1893   13.55659    
 1894   13.38536    
 1895   13.41888    
 1896   13.56464    
 1897   13.57278    
 1898   13.55808    
 1899   13.66761    
 1900   13.65740    
 1901   13.66933    
 1902   13.70495    
 1903   13.40036    
 1904   13.39052    
 1905   13.37164    
 1906   13.34162    
 1907   13.42291    
 1908   13.61493    
 1909   13.40205    
 1910   13.55461    
 1911   13.49911    
 1912   13.34228    
 1913   13.12314    
 1914   13.23763    
 1915   13.35177    
 1916   13.37793    
 1917   13.42405    
 1918   13.22506    
 1919   13.26866    
 1920   13.49186    
 1921   13.36365    
 1922   13.56348    
 1923   13.34741    
 1924   13.45929    
 1925   13.43056    
 1926   13.50525    
 1927   13.48085    
 1928   13.46982    
 1929   13.32376    
 1930   13.42652    
 1931   13.37455    
 1932   13.30529    
 1933   13.37572    
 1934   13.46623    
 1935   13.43070    
 1936   13.70633    
 1937   13.52937    
 1938   13.48474    
 1939   13.57172    
 1940   13.52768    
 1941   13.62839    
 1942   13.67020    
 1943   13.53091    
 1944   13.71072    
 1945   13.51190    
 1946   13.58937    
 1947   13.66872    
 1948   13.58638    
 1949   13.70058    
 1950   13.63062    
 1951   13.65400    
 1952   13.54948    
 1953   13.52821    
 1954   13.55713    
 1955   13.58399    
 1956   13.72294    
 1957   13.82679    
 1958   13.60925    
 1959   13.56096    
 1960   13.68818    
 1961   13.64325    
 1962   13.56702    
 1963   13.56758    
 1964   13.23458    
 1965   13.36747    
 1966   13.57646    
 1967   13.50757    
 1968   13.62301    
 1969   13.52106    
 1970   13.53331    
 1971   13.75487    
 1972   13.61161    
 1973   13.48490    
 1974   13.60362    
 1975   13.42000    
 1976   13.41216    
 1977   13.48949    
 1978   13.46542    
 1979   13.64436    
 1980   13.65298    
 1981   13.77239    
 1982   13.71782    
 1983   13.45507    
 1984   13.59641    
 1985   13.59732    
 1986   13.82626    
 1987   13.75085    
 1988   13.78846    
 1989   13.75594    
 1990   14.00706    
 1991   13.92432    
 1992   13.49298    
 1993   13.73519    
 1994   13.96224    
 1995   13.81254    
 1996   13.83244    
 1997   14.04287    
 1998   13.99799    
 1999   13.94580    
 2000   14.11662    
 2001   14.04895    
 2002   14.17264    
 2003   14.22820    
 2004   14.28798    
 2005   14.33889    
 2006   14.22534    
 2007   14.13717    
 2008   14.22826    
 2009   14.20146    
 2010   14.26674    
 2011   14.34574    
 2012   14.27386    
 2013   14.29815    
 2014   14.31903    
 2015   14.31610    
 2016   14.34045    
 2017   14.33603    
 2018   14.40890    
 2019   14.47861    
 2020   14.61891    
 2021   14.46033    
 2022   14.45948    
 2023   14.49132    
 2024   14.50864    
 2025   14.42476    
 2026   14.59565    
 2027   14.53317    
 2028   14.65863    
 2029   14.61545    
 2030   14.75366    
 2031   14.75938    
 2032   14.58771    
 2033   14.63364    
 2034   14.65948    
 2035   14.69183    
 2036   14.71468    
 2037   14.66590    
 2038   14.78137    
 2039   14.79466    
 2040   14.82866    
 2041   14.70452    
 2042   14.80766    
 2043   14.92670    
 2044   14.77801    
 2045   14.88192    
 2046   15.02191    
 2047   14.87954    
 2048   14.88461    
 2049   14.92404    
 2050   14.92782    
 2051   14.90345    
 2052   14.92872    
 2053   14.96452    
 2054   14.89005    
 2055   14.92884    
 2056   15.12604    
 2057   14.95243    
 2058   15.03197    
 2059   15.01526    
 2060   14.91998    
 2061   15.03785    
 2062   14.93469    
 2063   14.96197    
 2064   15.00760    
 2065   15.08863    
 2066   15.11155    
 2067   15.07192    
 2068   14.98808    
 2069   14.92581    
 2070   14.95299    
 2071   15.04817    
 2072   14.99849    
 2073   15.05664    
 2074   15.07423    
 2075   15.08204    
 2076   15.05883    
 2077   15.03347    
 2078   15.16298    
 2079   15.11406    
 2080   14.98266    
 2081   14.90737    
 2082   15.04491    
 2083   14.85814    
 2084   14.91955    
 2085   14.93406    
 2086   14.98929    
 2087   14.94171    
 2088   14.97280    
 2089   14.93895    
 2090   15.07740    
 2091   14.94595    
 2092   14.98254    
 2093   14.92950    
 2094   15.03402    
 2095   15.07624    
 2096   15.08888    
 2097   14.93734    
 2098   14.97475    
 2099   14.91973    
 2100   14.98409    
