# daily2longer    1 mea
# <a href=http://cmip-pcmdi.llnl.gov/cmip5/>CMIP5</a> global mean temperature computed at <a href=http://www.knmi.nl/selectfield_cmip5.cgi?someone@somewhere>KNMI Climate Explorer</a> tas_Amon_MIROC-ESM_rcp26_r1i1p1
# cutting out region lon=   -1.406  358.594, lat=  -89.247   89.247
# file :: /data/storage/climexp/data/iglobal_tas_Amon_mod_rcp26_026_mean1_anom.dat
# description :: CMIP5 RCP26 models Tglobal
# comment :: daily2longer    1 mea, <a href=http://cmip-pcmdi.llnl.gov/cmip5/>CMIP5</a> global mean temperature computed at <a href=http://www.knmi.nl/selectfield_cmip5.cgi?someone@somewhere>KNMI Climate Explorer</a> tas_Amon_MIROC-ESM_rcp26_r1i1p1, cutting out region lon=   -1.406  358.594, lat=  -89.247   89.247, via the KNMI Climate Explorer (http://climexp.knmi.nl)
# institution :: KNMI Climate Explorer
# history ::  2018-05-18 14:59:18 bin/selectyear 1850 2100 data/iglobal_tas_Amon_mod_rcp26_026_mean1_anom.dat global_tas_Amon_mod_rcp26_+++_mean1_anom_1850:2100\n 2018-05-18 14:57:36 dat2nc ./data/iglobal_tas_Amon_mod_rcp26_026_mean1_anom.dat i CMIP5_RCP26_models_Tglobal ./data/iglobal_tas_Amon_mod_rcp26_026_mean1_anom.nc n
# tas [Celsius] from MIROC-ESM model output prepared for CMIP5 RCP2.6 r1i1p1
 1850   13.30242    
 1851   13.41344    
 1852   13.30206    
 1853   13.38128    
 1854   13.41679    
 1855   13.44150    
 1856   13.23508    
 1857   13.28159    
 1858   13.23021    
 1859   13.28860    
 1860   13.33186    
 1861   13.25066    
 1862   13.37783    
 1863   13.26338    
 1864   13.15891    
 1865   13.35661    
 1866   13.29214    
 1867   13.37876    
 1868   13.41077    
 1869   13.63658    
 1870   13.48297    
 1871   13.40575    
 1872   13.42684    
 1873   13.48197    
 1874   13.50429    
 1875   13.44441    
 1876   13.38968    
 1877   13.33140    
 1878   13.31588    
 1879   13.57866    
 1880   13.33936    
 1881   13.29269    
 1882   13.33076    
 1883   13.31126    
 1884   13.02913    
 1885   13.07921    
 1886   13.11657    
 1887   13.35035    
 1888   13.32420    
 1889   13.34842    
 1890   13.39487    
 1891   13.26827    
 1892   13.17016    
 1893   13.27210    
 1894   13.33654    
 1895   13.37341    
 1896   13.40298    
 1897   13.32070    
 1898   13.34558    
 1899   13.52492    
 1900   13.44003    
 1901   13.49249    
 1902   13.41705    
 1903   13.28401    
 1904   13.20966    
 1905   13.27952    
 1906   13.31366    
 1907   13.30990    
 1908   13.24903    
 1909   13.37768    
 1910   13.36754    
 1911   13.39367    
 1912   13.43360    
 1913   13.20713    
 1914   13.28471    
 1915   13.32759    
 1916   13.40699    
 1917   13.33938    
 1918   13.32314    
 1919   13.47701    
 1920   13.40210    
 1921   13.46586    
 1922   13.58612    
 1923   13.77803    
 1924   13.73851    
 1925   13.60950    
 1926   13.69735    
 1927   13.72208    
 1928   13.66749    
 1929   13.57918    
 1930   13.61247    
 1931   13.64549    
 1932   13.49186    
 1933   13.52972    
 1934   13.44123    
 1935   13.52695    
 1936   13.64655    
 1937   13.79980    
 1938   13.66426    
 1939   13.58533    
 1940   13.69246    
 1941   13.63404    
 1942   13.57059    
 1943   13.75750    
 1944   13.79445    
 1945   13.73349    
 1946   13.78625    
 1947   13.75188    
 1948   13.84902    
 1949   13.82203    
 1950   14.00134    
 1951   13.89444    
 1952   13.78715    
 1953   13.71128    
 1954   13.72622    
 1955   13.73214    
 1956   13.66299    
 1957   13.67216    
 1958   13.83721    
 1959   13.75034    
 1960   13.73514    
 1961   13.85216    
 1962   13.85677    
 1963   13.79253    
 1964   13.47939    
 1965   13.37018    
 1966   13.50976    
 1967   13.68064    
 1968   13.51581    
 1969   13.50714    
 1970   13.52458    
 1971   13.54805    
 1972   13.55700    
 1973   13.53700    
 1974   13.69345    
 1975   13.62703    
 1976   13.74683    
 1977   13.92224    
 1978   13.96104    
 1979   13.87506    
 1980   13.81328    
 1981   13.86251    
 1982   13.75790    
 1983   13.68709    
 1984   13.74511    
 1985   13.81333    
 1986   13.91940    
 1987   13.94851    
 1988   13.99315    
 1989   13.99024    
 1990   14.17934    
 1991   14.03817    
 1992   13.73265    
 1993   13.79367    
 1994   13.91476    
 1995   13.95714    
 1996   14.10349    
 1997   14.24026    
 1998   14.14915    
 1999   14.19862    
 2000   14.29138    
 2001   14.41599    
 2002   14.28557    
 2003   14.20113    
 2004   14.05724    
 2005   14.16323    
 2006   14.18589    
 2007   14.40206    
 2008   14.47836    
 2009   14.34474    
 2010   14.41101    
 2011   14.37323    
 2012   14.57715    
 2013   14.45945    
 2014   14.50455    
 2015   14.61144    
 2016   14.67647    
 2017   14.70989    
 2018   14.79996    
 2019   14.76332    
 2020   14.76261    
 2021   14.89061    
 2022   14.91920    
 2023   14.97930    
 2024   14.97005    
 2025   15.07697    
 2026   15.09756    
 2027   14.96304    
 2028   14.94485    
 2029   15.14410    
 2030   15.09503    
 2031   15.10896    
 2032   15.14578    
 2033   15.12014    
 2034   15.23393    
 2035   15.23093    
 2036   15.27007    
 2037   15.18360    
 2038   15.23295    
 2039   15.31039    
 2040   15.35630    
 2041   15.27139    
 2042   15.28714    
 2043   15.53165    
 2044   15.49123    
 2045   15.56840    
 2046   15.52308    
 2047   15.55954    
 2048   15.52947    
 2049   15.44946    
 2050   15.42242    
 2051   15.55367    
 2052   15.64359    
 2053   15.62278    
 2054   15.55257    
 2055   15.55340    
 2056   15.57587    
 2057   15.59129    
 2058   15.64002    
 2059   15.69364    
 2060   15.59359    
 2061   15.46735    
 2062   15.60192    
 2063   15.72004    
 2064   15.62432    
 2065   15.50204    
 2066   15.45080    
 2067   15.49992    
 2068   15.64627    
 2069   15.80802    
 2070   15.65855    
 2071   15.67939    
 2072   15.51776    
 2073   15.47121    
 2074   15.67036    
 2075   15.67770    
 2076   15.68748    
 2077   15.75275    
 2078   15.64664    
 2079   15.59642    
 2080   15.72442    
 2081   15.67352    
 2082   15.62261    
 2083   15.59858    
 2084   15.66118    
 2085   15.59396    
 2086   15.52161    
 2087   15.63547    
 2088   15.78669    
 2089   15.70758    
 2090   15.69536    
 2091   15.81996    
 2092   15.82338    
 2093   15.78771    
 2094   15.73932    
 2095   15.77372    
 2096   15.86693    
 2097   15.81083    
 2098   15.75850    
 2099   15.90324    
 2100   15.67794    
