# daily2longer    1 mea
# ensemble mea of file global_tas_Amon_CCSM4_rcp26_%%.dat
# using members   0 to   5
# <a href=http://cmip-pcmdi.llnl.gov/cmip5/>CMIP5</a> global mean temperature computed at <a href=http://www.knmi.nl/selectfield_cmip5.cgi?someone@somewhere>KNMI Climate Explorer</a> tas_Amon_CCSM4_rcp26_r1i1p1
# cutting out region lon=   -0.625  359.375, lat=  -90.000   90.000
# file :: /data/storage/climexp/data/iglobal_tas_Amon_mod_rcp26_004_mean1_anom.dat
# description :: CMIP5 RCP26 models Tglobal
# comment :: daily2longer    1 mea, ensemble mea of file global_tas_Amon_CCSM4_rcp26_%%.dat, using members   0 to   5, <a href=http://cmip-pcmdi.llnl.gov/cmip5/>CMIP5</a> global mean temperature computed at <a href=http://www.knmi.nl/selectfield_cmip5.cgi?someone@somewhere>KNMI Climate Explorer</a> tas_Amon_CCSM4_rcp26_r1i1p1, cutting out region lon=   -0.625  359.375, lat=  -90.000   90.000, via the KNMI Climate Explorer (http://climexp.knmi.nl)
# institution :: KNMI Climate Explorer
# history ::  2018-05-18 14:59:18 bin/selectyear 1850 2100 data/iglobal_tas_Amon_mod_rcp26_004_mean1_anom.dat global_tas_Amon_mod_rcp26_+++_mean1_anom_1850:2100\n 2018-05-18 14:57:34 dat2nc ./data/iglobal_tas_Amon_mod_rcp26_004_mean1_anom.dat i CMIP5_RCP26_models_Tglobal ./data/iglobal_tas_Amon_mod_rcp26_004_mean1_anom.nc n
# tas [Celsius] from CCSM4 model output prepared for CMIP5 RCP2.6 r1i1p1
 1850   13.35133    
 1851   13.43462    
 1852   13.33630    
 1853   13.37033    
 1854   13.21502    
 1855   13.32986    
 1856   13.38404    
 1857   13.35195    
 1858   13.27938    
 1859   13.29065    
 1860   13.30227    
 1861   13.31303    
 1862   13.31472    
 1863   13.34811    
 1864   13.32220    
 1865   13.31589    
 1866   13.31391    
 1867   13.34758    
 1868   13.40602    
 1869   13.41173    
 1870   13.27975    
 1871   13.34899    
 1872   13.38669    
 1873   13.44715    
 1874   13.40935    
 1875   13.42862    
 1876   13.45136    
 1877   13.39693    
 1878   13.29300    
 1879   13.35525    
 1880   13.43005    
 1881   13.46749    
 1882   13.45453    
 1883   13.33514    
 1884   12.82599    
 1885   13.06976    
 1886   13.14258    
 1887   13.13439    
 1888   13.27230    
 1889   13.29553    
 1890   13.17336    
 1891   13.13105    
 1892   13.18192    
 1893   13.22544    
 1894   13.32640    
 1895   13.37023    
 1896   13.40432    
 1897   13.36622    
 1898   13.37165    
 1899   13.41902    
 1900   13.33867    
 1901   13.40449    
 1902   13.38352    
 1903   12.96147    
 1904   13.01260    
 1905   13.21831    
 1906   13.26237    
 1907   13.25762    
 1908   13.31325    
 1909   13.44733    
 1910   13.46707    
 1911   13.33692    
 1912   13.28844    
 1913   13.35651    
 1914   13.43164    
 1915   13.40162    
 1916   13.39890    
 1917   13.48285    
 1918   13.50098    
 1919   13.50455    
 1920   13.47528    
 1921   13.45836    
 1922   13.55808    
 1923   13.48172    
 1924   13.50303    
 1925   13.53560    
 1926   13.55699    
 1927   13.63044    
 1928   13.57340    
 1929   13.46245    
 1930   13.53696    
 1931   13.61061    
 1932   13.50688    
 1933   13.47420    
 1934   13.58022    
 1935   13.56317    
 1936   13.56050    
 1937   13.57906    
 1938   13.58186    
 1939   13.57161    
 1940   13.59337    
 1941   13.62156    
 1942   13.69544    
 1943   13.65668    
 1944   13.56006    
 1945   13.63044    
 1946   13.69910    
 1947   13.63656    
 1948   13.63801    
 1949   13.59751    
 1950   13.65911    
 1951   13.67470    
 1952   13.68310    
 1953   13.62249    
 1954   13.61496    
 1955   13.68262    
 1956   13.69759    
 1957   13.75001    
 1958   13.70918    
 1959   13.64013    
 1960   13.70204    
 1961   13.74142    
 1962   13.70994    
 1963   13.55772    
 1964   13.45761    
 1965   13.50742    
 1966   13.59713    
 1967   13.62122    
 1968   13.68923    
 1969   13.75632    
 1970   13.69963    
 1971   13.68454    
 1972   13.75926    
 1973   13.80766    
 1974   13.88236    
 1975   13.84423    
 1976   13.84692    
 1977   13.94780    
 1978   14.02679    
 1979   13.98164    
 1980   14.03346    
 1981   14.05786    
 1982   13.97392    
 1983   13.86296    
 1984   13.94800    
 1985   13.99454    
 1986   14.06518    
 1987   14.16565    
 1988   14.21440    
 1989   14.19041    
 1990   14.26513    
 1991   14.18037    
 1992   13.89001    
 1993   14.04148    
 1994   14.10682    
 1995   14.16930    
 1996   14.25002    
 1997   14.28961    
 1998   14.39928    
 1999   14.45356    
 2000   14.47573    
 2001   14.55175    
 2002   14.56855    
 2003   14.54286    
 2004   14.58560    
 2005   14.60186    
 2006   14.60446    
 2007   14.64524    
 2008   14.70141    
 2009   14.69610    
 2010   14.70135    
 2011   14.74069    
 2012   14.79814    
 2013   14.76718    
 2014   14.72752    
 2015   14.76326    
 2016   14.86102    
 2017   14.84567    
 2018   14.84295    
 2019   14.88876    
 2020   14.86278    
 2021   14.90779    
 2022   14.92052    
 2023   14.89844    
 2024   14.96358    
 2025   15.00557    
 2026   14.98542    
 2027   15.01660    
 2028   15.00956    
 2029   15.09282    
 2030   15.12496    
 2031   15.03545    
 2032   15.01378    
 2033   15.08670    
 2034   15.15640    
 2035   15.12132    
 2036   15.08684    
 2037   15.08397    
 2038   15.11933    
 2039   15.13557    
 2040   15.19308    
 2041   15.09809    
 2042   15.10292    
 2043   15.11398    
 2044   15.16241    
 2045   15.17617    
 2046   15.22227    
 2047   15.24233    
 2048   15.17995    
 2049   15.16656    
 2050   15.25465    
 2051   15.22887    
 2052   15.18517    
 2053   15.16064    
 2054   15.16712    
 2055   15.18678    
 2056   15.17433    
 2057   15.18583    
 2058   15.20103    
 2059   15.16651    
 2060   15.16219    
 2061   15.16013    
 2062   15.16752    
 2063   15.18964    
 2064   15.17013    
 2065   15.15951    
 2066   15.12566    
 2067   15.15262    
 2068   15.18989    
 2069   15.14641    
 2070   15.11190    
 2071   15.15773    
 2072   15.16563    
 2073   15.19174    
 2074   15.18315    
 2075   15.10255    
 2076   15.08167    
 2077   15.08589    
 2078   15.15236    
 2079   15.13390    
 2080   15.11629    
 2081   15.12517    
 2082   15.20724    
 2083   15.13721    
 2084   15.10654    
 2085   15.07096    
 2086   15.11088    
 2087   15.19112    
 2088   15.19088    
 2089   15.12007    
 2090   15.16723    
 2091   15.19347    
 2092   15.17925    
 2093   15.16638    
 2094   15.16926    
 2095   15.18286    
 2096   15.14818    
 2097   15.17928    
 2098   15.11834    
 2099   15.08005    
 2100   15.15205    
