# daily2longer    1 mea
# ensemble mea of file global_tas_Amon_FIO-ESM_rcp26_%%.dat
# using members   0 to   2
# <a href=http://cmip-pcmdi.llnl.gov/cmip5/>CMIP5</a> global mean temperature computed at <a href=http://www.knmi.nl/selectfield_cmip5.cgi?someone@somewhere>KNMI Climate Explorer</a> tas_Amon_FIO-ESM_rcp26_r1i1p1
# cutting out region lon=   -1.406  358.594, lat=  -89.247   89.247
# file :: /data/storage/climexp/data/iglobal_tas_Amon_mod_rcp26_010_mean1_anom.dat
# description :: CMIP5 RCP26 models Tglobal
# comment :: daily2longer    1 mea, ensemble mea of file global_tas_Amon_FIO-ESM_rcp26_%%.dat, using members   0 to   2, <a href=http://cmip-pcmdi.llnl.gov/cmip5/>CMIP5</a> global mean temperature computed at <a href=http://www.knmi.nl/selectfield_cmip5.cgi?someone@somewhere>KNMI Climate Explorer</a> tas_Amon_FIO-ESM_rcp26_r1i1p1, cutting out region lon=   -1.406  358.594, lat=  -89.247   89.247, via the KNMI Climate Explorer (http://climexp.knmi.nl)
# institution :: KNMI Climate Explorer
# history ::  2018-05-18 14:59:18 bin/selectyear 1850 2100 data/iglobal_tas_Amon_mod_rcp26_010_mean1_anom.dat global_tas_Amon_mod_rcp26_+++_mean1_anom_1850:2100\n 2018-05-18 14:57:34 dat2nc ./data/iglobal_tas_Amon_mod_rcp26_010_mean1_anom.dat i CMIP5_RCP26_models_Tglobal ./data/iglobal_tas_Amon_mod_rcp26_010_mean1_anom.nc n
# tas [Celsius] from FIO-ESM model output prepared for CMIP5 RCP2.6 r1i1p1
 1850   13.22254    
 1851   13.19654    
 1852   13.35250    
 1853   13.30527    
 1854   13.24294    
 1855   13.26648    
 1856   13.23933    
 1857   13.29641    
 1858   13.29844    
 1859   13.30474    
 1860   13.26637    
 1861   13.33822    
 1862   13.30809    
 1863   13.32190    
 1864   13.22324    
 1865   13.24087    
 1866   13.41348    
 1867   13.27986    
 1868   13.20865    
 1869   13.27898    
 1870   13.37732    
 1871   13.13305    
 1872   13.27251    
 1873   13.39962    
 1874   13.34331    
 1875   13.24179    
 1876   13.24513    
 1877   13.31567    
 1878   13.28502    
 1879   13.26509    
 1880   13.33532    
 1881   13.23271    
 1882   13.25734    
 1883   13.29172    
 1884   13.36104    
 1885   13.23261    
 1886   13.36643    
 1887   13.27680    
 1888   13.28530    
 1889   13.31845    
 1890   13.34509    
 1891   13.31655    
 1892   13.38289    
 1893   13.36522    
 1894   13.36163    
 1895   13.39630    
 1896   13.33851    
 1897   13.31694    
 1898   13.36078    
 1899   13.32312    
 1900   13.34720    
 1901   13.42455    
 1902   13.30123    
 1903   13.27370    
 1904   13.36792    
 1905   13.35612    
 1906   13.37898    
 1907   13.41770    
 1908   13.29277    
 1909   13.45270    
 1910   13.49883    
 1911   13.27836    
 1912   13.22141    
 1913   13.41558    
 1914   13.46422    
 1915   13.33133    
 1916   13.30338    
 1917   13.51100    
 1918   13.51337    
 1919   13.40167    
 1920   13.48114    
 1921   13.53860    
 1922   13.43773    
 1923   13.47181    
 1924   13.46979    
 1925   13.43610    
 1926   13.39042    
 1927   13.50004    
 1928   13.44183    
 1929   13.47084    
 1930   13.47081    
 1931   13.45695    
 1932   13.46925    
 1933   13.49771    
 1934   13.47983    
 1935   13.46146    
 1936   13.61993    
 1937   13.58579    
 1938   13.45938    
 1939   13.47107    
 1940   13.49447    
 1941   13.55997    
 1942   13.50214    
 1943   13.53034    
 1944   13.58079    
 1945   13.55156    
 1946   13.44999    
 1947   13.46854    
 1948   13.51785    
 1949   13.56687    
 1950   13.56328    
 1951   13.45259    
 1952   13.59030    
 1953   13.51929    
 1954   13.43960    
 1955   13.57308    
 1956   13.50284    
 1957   13.47169    
 1958   13.64642    
 1959   13.60103    
 1960   13.52950    
 1961   13.71918    
 1962   13.64138    
 1963   13.60472    
 1964   13.63570    
 1965   13.50060    
 1966   13.60350    
 1967   13.66201    
 1968   13.61902    
 1969   13.62478    
 1970   13.69453    
 1971   13.69935    
 1972   13.68603    
 1973   13.73862    
 1974   13.73163    
 1975   13.76359    
 1976   13.71186    
 1977   13.82721    
 1978   13.82834    
 1979   13.79469    
 1980   13.79914    
 1981   13.94006    
 1982   13.84927    
 1983   13.86192    
 1984   13.94260    
 1985   13.82198    
 1986   13.90834    
 1987   13.97993    
 1988   14.05946    
 1989   14.01326    
 1990   14.09709    
 1991   14.09647    
 1992   14.10911    
 1993   14.08182    
 1994   14.04894    
 1995   14.21775    
 1996   14.12334    
 1997   14.13702    
 1998   14.30802    
 1999   14.23292    
 2000   14.13098    
 2001   14.20619    
 2002   14.31501    
 2003   14.36535    
 2004   14.35161    
 2005   14.29191    
 2006   14.31481    
 2007   14.43138    
 2008   14.37624    
 2009   14.27589    
 2010   14.49997    
 2011   14.45434    
 2012   14.43596    
 2013   14.50275    
 2014   14.42148    
 2015   14.48241    
 2016   14.59059    
 2017   14.55028    
 2018   14.55549    
 2019   14.55842    
 2020   14.56343    
 2021   14.58901    
 2022   14.57144    
 2023   14.62193    
 2024   14.60627    
 2025   14.60627    
 2026   14.72024    
 2027   14.65454    
 2028   14.60955    
 2029   14.73535    
 2030   14.66609    
 2031   14.68720    
 2032   14.70457    
 2033   14.69425    
 2034   14.77280    
 2035   14.73194    
 2036   14.72051    
 2037   14.75173    
 2038   14.72446    
 2039   14.60549    
 2040   14.75427    
 2041   14.68583    
 2042   14.64396    
 2043   14.77865    
 2044   14.74753    
 2045   14.64468    
 2046   14.74429    
 2047   14.75733    
 2048   14.67442    
 2049   14.75416    
 2050   14.66660    
 2051   14.58156    
 2052   14.69617    
 2053   14.66947    
 2054   14.51904    
 2055   14.64192    
 2056   14.63226    
 2057   14.59390    
 2058   14.59881    
 2059   14.46611    
 2060   14.59696    
 2061   14.58069    
 2062   14.56871    
 2063   14.56985    
 2064   14.32376    
 2065   14.44266    
 2066   14.49040    
 2067   14.48453    
 2068   14.45161    
 2069   14.50192    
 2070   14.31654    
 2071   14.29644    
 2072   14.41352    
 2073   14.34869    
 2074   14.16804    
 2075   14.33604    
 2076   14.28981    
 2077   14.24215    
 2078   14.22940    
 2079   14.22197    
 2080   14.31227    
 2081   14.35555    
 2082   14.21532    
 2083   14.31403    
 2084   14.33018    
 2085   14.28602    
 2086   14.16872    
 2087   14.24761    
 2088   14.33550    
 2089   14.19445    
 2090   14.26445    
 2091   14.21726    
 2092   14.12912    
 2093   14.12685    
 2094   14.16451    
 2095   14.22709    
 2096   14.27917    
 2097   14.16113    
 2098   14.11561    
 2099   14.19797    
 2100   14.16116    
