# daily2longer    1 mea
# <a href=http://cmip-pcmdi.llnl.gov/cmip5/>CMIP5</a> global mean temperature computed at <a href=http://www.knmi.nl/selectfield_cmip5.cgi?someone@somewhere>KNMI Climate Explorer</a> tas_Amon_bcc-csm1-1_rcp26_r1i1p1
# cutting out region lon=   -1.406  358.594, lat=  -89.247   89.247
# file :: /data/storage/climexp/data/iglobal_tas_Amon_mod_rcp26_001_mean1_anom.dat
# description :: CMIP5 RCP26 models Tglobal
# comment :: daily2longer    1 mea, <a href=http://cmip-pcmdi.llnl.gov/cmip5/>CMIP5</a> global mean temperature computed at <a href=http://www.knmi.nl/selectfield_cmip5.cgi?someone@somewhere>KNMI Climate Explorer</a> tas_Amon_bcc-csm1-1_rcp26_r1i1p1, cutting out region lon=   -1.406  358.594, lat=  -89.247   89.247, via the KNMI Climate Explorer (http://climexp.knmi.nl)
# institution :: KNMI Climate Explorer
# history ::  2018-05-18 14:59:18 bin/selectyear 1850 2100 data/iglobal_tas_Amon_mod_rcp26_001_mean1_anom.dat global_tas_Amon_mod_rcp26_+++_mean1_anom_1850:2100\n 2018-05-18 14:57:34 dat2nc ./data/iglobal_tas_Amon_mod_rcp26_001_mean1_anom.dat i CMIP5_RCP26_models_Tglobal ./data/iglobal_tas_Amon_mod_rcp26_001_mean1_anom.nc n
# tas [Celsius] from bcc-csm1-1 model output prepared for CMIP5 RCP2.6 r1i1p1
 1850   13.71630    
 1851   13.62345    
 1852   13.63509    
 1853   13.78652    
 1854   13.70983    
 1855   13.70673    
 1856   13.66466    
 1857   13.38788    
 1858   13.54847    
 1859   13.68847    
 1860   13.82557    
 1861   13.73848    
 1862   13.82102    
 1863   13.56191    
 1864   13.74402    
 1865   13.73269    
 1866   13.66949    
 1867   13.80089    
 1868   13.76632    
 1869   13.83207    
 1870   13.89043    
 1871   13.97142    
 1872   13.90493    
 1873   13.94512    
 1874   13.94668    
 1875   13.98683    
 1876   13.93264    
 1877   13.96951    
 1878   13.81241    
 1879   13.97475    
 1880   14.03013    
 1881   14.00721    
 1882   14.01215    
 1883   13.91759    
 1884   13.42148    
 1885   13.64712    
 1886   13.61046    
 1887   13.75045    
 1888   13.67232    
 1889   13.63435    
 1890   13.77330    
 1891   13.50972    
 1892   13.63499    
 1893   13.72289    
 1894   13.83268    
 1895   13.89982    
 1896   13.81509    
 1897   13.88009    
 1898   13.92875    
 1899   13.98004    
 1900   13.91751    
 1901   13.92869    
 1902   13.93679    
 1903   13.51391    
 1904   13.50850    
 1905   13.61181    
 1906   13.71497    
 1907   13.73999    
 1908   13.66550    
 1909   13.74201    
 1910   13.64179    
 1911   13.65951    
 1912   13.67922    
 1913   13.63516    
 1914   13.70838    
 1915   13.81269    
 1916   13.85525    
 1917   13.85376    
 1918   13.85140    
 1919   13.86127    
 1920   14.05683    
 1921   13.88819    
 1922   13.95708    
 1923   13.89834    
 1924   13.95048    
 1925   14.05430    
 1926   13.97846    
 1927   14.21663    
 1928   14.07513    
 1929   13.98087    
 1930   13.92906    
 1931   14.15345    
 1932   14.04964    
 1933   14.11832    
 1934   14.06111    
 1935   14.06176    
 1936   13.96519    
 1937   14.08080    
 1938   14.11119    
 1939   14.02769    
 1940   14.01933    
 1941   14.02821    
 1942   14.03432    
 1943   14.04540    
 1944   14.06339    
 1945   14.07536    
 1946   14.07739    
 1947   14.08044    
 1948   14.03836    
 1949   14.11701    
 1950   13.97205    
 1951   13.98354    
 1952   14.05300    
 1953   14.09827    
 1954   14.00863    
 1955   14.04533    
 1956   14.03219    
 1957   14.08534    
 1958   14.14162    
 1959   14.06451    
 1960   14.10466    
 1961   14.00628    
 1962   14.17081    
 1963   13.94254    
 1964   13.76397    
 1965   13.85636    
 1966   13.93719    
 1967   14.02519    
 1968   14.01042    
 1969   13.99865    
 1970   13.98809    
 1971   14.07235    
 1972   14.06075    
 1973   14.11685    
 1974   14.31109    
 1975   14.12712    
 1976   14.23002    
 1977   14.19820    
 1978   14.12621    
 1979   14.30892    
 1980   14.21085    
 1981   14.37296    
 1982   14.31463    
 1983   14.25769    
 1984   14.36947    
 1985   14.36979    
 1986   14.56922    
 1987   14.56331    
 1988   14.63747    
 1989   14.71091    
 1990   14.80231    
 1991   14.77467    
 1992   14.41410    
 1993   14.53094    
 1994   14.62019    
 1995   14.59787    
 1996   14.77811    
 1997   14.83891    
 1998   14.80578    
 1999   14.84507    
 2000   14.87731    
 2001   14.89928    
 2002   14.97533    
 2003   14.88633    
 2004   14.93801    
 2005   14.93438    
 2006   14.99782    
 2007   14.99143    
 2008   15.06541    
 2009   15.06526    
 2010   15.12726    
 2011   15.14367    
 2012   15.04875    
 2013   15.14175    
 2014   15.12044    
 2015   15.12607    
 2016   15.14310    
 2017   15.20856    
 2018   15.08770    
 2019   15.06239    
 2020   15.12775    
 2021   15.12570    
 2022   15.22899    
 2023   15.40084    
 2024   15.25818    
 2025   15.30977    
 2026   15.43911    
 2027   15.59732    
 2028   15.51400    
 2029   15.46931    
 2030   15.47326    
 2031   15.43619    
 2032   15.49806    
 2033   15.48444    
 2034   15.50635    
 2035   15.55717    
 2036   15.56259    
 2037   15.63007    
 2038   15.72566    
 2039   15.66054    
 2040   15.61704    
 2041   15.53640    
 2042   15.45481    
 2043   15.38823    
 2044   15.46160    
 2045   15.53826    
 2046   15.51302    
 2047   15.59023    
 2048   15.52579    
 2049   15.55395    
 2050   15.62484    
 2051   15.59416    
 2052   15.47210    
 2053   15.38722    
 2054   15.52142    
 2055   15.59330    
 2056   15.46533    
 2057   15.57047    
 2058   15.61523    
 2059   15.64243    
 2060   15.79957    
 2061   15.72571    
 2062   15.68417    
 2063   15.81660    
 2064   15.71235    
 2065   15.70330    
 2066   15.72172    
 2067   15.64859    
 2068   15.67982    
 2069   15.52298    
 2070   15.54466    
 2071   15.52734    
 2072   15.59964    
 2073   15.49199    
 2074   15.53898    
 2075   15.52955    
 2076   15.51688    
 2077   15.49337    
 2078   15.57895    
 2079   15.51054    
 2080   15.62054    
 2081   15.54552    
 2082   15.53268    
 2083   15.46393    
 2084   15.53807    
 2085   15.35311    
 2086   15.45084    
 2087   15.38837    
 2088   15.47222    
 2089   15.56203    
 2090   15.51040    
 2091   15.53593    
 2092   15.60029    
 2093   15.62339    
 2094   15.55045    
 2095   15.60724    
 2096   15.74461    
 2097   15.75124    
 2098   15.77349    
 2099   15.70507    
 2100   15.72215    
