# daily2longer    1 mea
# <a href=http://cmip-pcmdi.llnl.gov/cmip5/>CMIP5</a> global mean temperature computed at <a href=http://www.knmi.nl/selectfield_cmip5.cgi?someone@somewhere>KNMI Climate Explorer</a> tas_Amon_GISS-E2-H_rcp26_r1i1p1
# cutting out region lon=    0.000  360.000, lat=  -90.000   90.000
# file :: /data/storage/climexp/data/iglobal_tas_Amon_mod_rcp26_014_mean1_anom.dat
# description :: CMIP5 RCP26 models Tglobal
# comment :: daily2longer    1 mea, <a href=http://cmip-pcmdi.llnl.gov/cmip5/>CMIP5</a> global mean temperature computed at <a href=http://www.knmi.nl/selectfield_cmip5.cgi?someone@somewhere>KNMI Climate Explorer</a> tas_Amon_GISS-E2-H_rcp26_r1i1p1, cutting out region lon=    0.000  360.000, lat=  -90.000   90.000, via the KNMI Climate Explorer (http://climexp.knmi.nl)
# institution :: KNMI Climate Explorer
# history ::  2018-05-18 14:59:18 bin/selectyear 1850 2100 data/iglobal_tas_Amon_mod_rcp26_014_mean1_anom.dat global_tas_Amon_mod_rcp26_+++_mean1_anom_1850:2100\n 2018-05-18 14:57:35 dat2nc ./data/iglobal_tas_Amon_mod_rcp26_014_mean1_anom.dat i CMIP5_RCP26_models_Tglobal ./data/iglobal_tas_Amon_mod_rcp26_014_mean1_anom.nc n
# tas [Celsius] from GISS-E2-H model output prepared for CMIP5 RCP2.6 r1i1p1
 1850   14.83160    
 1851   14.82434    
 1852   14.63926    
 1853   14.75206    
 1854   14.75099    
 1855   14.64543    
 1856   14.64570    
 1857   14.44414    
 1858   14.52529    
 1859   14.66246    
 1860   14.64587    
 1861   14.75231    
 1862   14.70260    
 1863   14.67113    
 1864   14.75927    
 1865   14.71103    
 1866   14.68835    
 1867   14.70961    
 1868   14.74478    
 1869   14.79935    
 1870   14.75422    
 1871   14.73096    
 1872   14.72206    
 1873   14.77478    
 1874   14.82435    
 1875   14.87534    
 1876   14.79670    
 1877   14.91313    
 1878   14.85753    
 1879   14.94890    
 1880   14.84888    
 1881   14.89872    
 1882   14.90291    
 1883   14.97473    
 1884   14.58182    
 1885   14.48231    
 1886   14.63064    
 1887   14.60304    
 1888   14.67199    
 1889   14.73036    
 1890   14.69343    
 1891   14.63017    
 1892   14.78316    
 1893   14.84041    
 1894   14.86429    
 1895   14.83700    
 1896   14.89561    
 1897   14.78076    
 1898   14.93398    
 1899   14.86319    
 1900   14.86864    
 1901   14.88100    
 1902   14.91275    
 1903   14.74577    
 1904   14.78197    
 1905   14.73196    
 1906   14.93281    
 1907   14.87419    
 1908   14.93594    
 1909   14.97889    
 1910   14.95392    
 1911   14.95629    
 1912   15.02324    
 1913   14.95361    
 1914   14.87283    
 1915   14.93383    
 1916   14.95153    
 1917   14.99513    
 1918   15.05190    
 1919   15.01940    
 1920   15.04015    
 1921   15.02420    
 1922   15.04874    
 1923   15.03906    
 1924   15.15299    
 1925   15.17368    
 1926   15.02381    
 1927   15.06005    
 1928   15.13523    
 1929   15.10902    
 1930   15.13345    
 1931   15.05357    
 1932   15.12863    
 1933   15.28362    
 1934   15.18299    
 1935   15.13435    
 1936   15.19135    
 1937   15.22054    
 1938   15.17667    
 1939   15.12767    
 1940   15.18927    
 1941   15.30553    
 1942   15.27224    
 1943   15.22942    
 1944   15.34346    
 1945   15.16967    
 1946   15.23347    
 1947   15.24128    
 1948   15.25759    
 1949   15.30256    
 1950   15.26942    
 1951   15.31076    
 1952   15.21962    
 1953   15.17513    
 1954   15.26560    
 1955   15.21005    
 1956   15.29131    
 1957   15.28038    
 1958   15.32818    
 1959   15.39713    
 1960   15.33176    
 1961   15.28568    
 1962   15.28447    
 1963   15.19870    
 1964   15.01506    
 1965   15.12645    
 1966   15.20793    
 1967   15.23717    
 1968   15.24118    
 1969   15.14854    
 1970   15.24203    
 1971   15.32616    
 1972   15.32867    
 1973   15.36923    
 1974   15.40426    
 1975   15.34779    
 1976   15.30737    
 1977   15.38566    
 1978   15.42312    
 1979   15.40808    
 1980   15.43883    
 1981   15.49058    
 1982   15.37963    
 1983   15.30446    
 1984   15.37817    
 1985   15.37487    
 1986   15.39381    
 1987   15.49803    
 1988   15.51765    
 1989   15.60684    
 1990   15.64594    
 1991   15.60563    
 1992   15.23266    
 1993   15.32966    
 1994   15.50094    
 1995   15.60930    
 1996   15.65263    
 1997   15.61804    
 1998   15.69147    
 1999   15.68297    
 2000   15.66403    
 2001   15.75115    
 2002   15.85495    
 2003   15.78831    
 2004   15.85448    
 2005   15.82113    
 2006   15.88536    
 2007   15.95490    
 2008   15.92093    
 2009   15.91126    
 2010   15.93246    
 2011   15.90878    
 2012   16.01185    
 2013   15.97144    
 2014   16.06531    
 2015   16.16864    
 2016   16.16661    
 2017   16.12696    
 2018   16.13967    
 2019   16.12266    
 2020   16.05715    
 2021   16.18646    
 2022   16.14387    
 2023   16.18854    
 2024   16.24213    
 2025   16.37839    
 2026   16.19740    
 2027   16.27266    
 2028   16.26099    
 2029   16.26083    
 2030   16.33445    
 2031   16.27535    
 2032   16.24621    
 2033   16.30839    
 2034   16.37019    
 2035   16.29042    
 2036   16.40066    
 2037   16.31592    
 2038   16.33855    
 2039   16.36847    
 2040   16.26501    
 2041   16.31869    
 2042   16.35747    
 2043   16.44651    
 2044   16.44600    
 2045   16.40725    
 2046   16.42113    
 2047   16.34034    
 2048   16.39207    
 2049   16.46442    
 2050   16.36061    
 2051   16.42741    
 2052   16.47897    
 2053   16.41504    
 2054   16.39414    
 2055   16.46078    
 2056   16.33241    
 2057   16.32150    
 2058   16.44205    
 2059   16.48830    
 2060   16.47052    
 2061   16.47490    
 2062   16.45003    
 2063   16.45014    
 2064   16.33733    
 2065   16.48789    
 2066   16.50377    
 2067   16.43318    
 2068   16.42501    
 2069   16.38206    
 2070   16.42368    
 2071   16.46746    
 2072   16.41261    
 2073   16.47707    
 2074   16.48145    
 2075   16.42001    
 2076   16.32509    
 2077   16.37181    
 2078   16.32690    
 2079   16.27462    
 2080   16.46518    
 2081   16.33305    
 2082   16.38113    
 2083   16.43869    
 2084   16.39483    
 2085   16.38764    
 2086   16.31956    
 2087   16.36783    
 2088   16.27993    
 2089   16.29463    
 2090   16.31009    
 2091   16.27476    
 2092   16.30637    
 2093   16.32571    
 2094   16.27174    
 2095   16.37340    
 2096   16.39615    
 2097   16.32190    
 2098   16.29536    
 2099   16.30387    
 2100   16.24349    
