     time     emission      CO2       tas    tas_land     fgco2      fnep      fnpp      fvegsoil       frh     cveg        csoil
  1862.417  -999.0000     287.04     286.28     285.94    -0.2741     -0.0240     82.455     82.571     82.479    1005.80    1795.34
  1863.417  -999.0000     285.62     286.09     285.37    -0.3662      2.2307     88.689     87.504     86.458    1008.81    1796.23
  1864.417  -999.0000     285.38     286.36     285.80    -0.2595      1.0286     81.917     81.996     80.888    1008.41    1797.76
  1865.417  -999.0000     287.11     286.37     285.83    -0.0401     -2.8495     81.452     84.355     84.302    1004.82    1797.52
  1866.417  -999.0000     288.76     286.50     285.90     0.4726     -4.4379     77.042     81.270     81.480    1000.77    1797.51
  1867.417  -999.0000     289.78     286.55     286.05     0.3557     -2.2962     85.705     87.364     88.001     997.92    1796.56
  1868.417  -999.0000     287.71     286.41     285.92    -0.0149      2.3985     88.244     85.624     85.846    1002.18    1796.43
  1869.417  -999.0000     287.37     286.41     285.99    -0.0412      0.7497     81.524     80.951     80.774    1003.05    1796.77
  1870.417  -999.0000     289.07     286.41     286.08     0.0903     -2.5694     81.250     83.466     83.819     999.28    1796.22
  1871.417  -999.0000     289.29     286.38     286.11    -0.0638     -1.5316     84.576     85.577     86.107     999.16    1796.00
  1872.417  -999.0000     289.58     286.47     286.21     0.2295     -0.3568     85.248     85.122     85.605     999.59    1795.09
  1873.417  -999.0000     290.46     286.62     286.20     0.4188     -2.5170     80.920     82.716     83.437     997.56    1794.73
  1874.417  -999.0000     291.95     286.72     286.50     0.3323     -3.4654     82.033     84.558     85.499     994.40    1793.62
  1875.417  -999.0000     292.13     286.50     286.08     0.1298     -0.9709     84.308     84.771     85.279     994.25    1792.87
  1876.417  -999.0000     291.44     286.42     285.90     0.1307      0.4277     85.476     85.214     85.048     995.16    1793.27
  1877.417  -999.0000     291.81     286.57     286.15     0.3052     -0.1672     84.291     84.902     84.458     993.79    1793.66
  1878.417  -999.0000     291.94     286.59     286.10     0.3672     -1.7930     82.601     84.386     84.394     992.80    1793.92
  1879.417  -999.0000     292.94     286.67     286.22     0.3365     -1.3448     85.657     86.630     87.002     990.47    1793.22
  1880.417  -999.0000     291.82     286.54     286.10    -0.0371      0.9490     87.801     86.850     86.852     992.38    1793.37
  1881.417  -999.0000     291.92     286.52     286.07    -0.0545      0.5456     85.265     84.932     84.719     993.03    1793.70
  1882.417  -999.0000     293.16     286.61     286.22     0.1951     -2.1687     81.610     83.724     83.778     990.70    1793.55
  1883.417  -999.0000     295.16     286.69     286.13     0.5693     -4.3385     79.786     83.991     84.125     986.15    1793.33
  1884.417  -999.0000     296.27     286.35     285.64     1.0360     -3.8762     80.371     84.576     84.247     981.66    1793.63
  1885.417  -999.0000     296.06     286.21     285.58     0.6652     -0.8151     85.345     86.618     86.161     980.45    1794.29
  1886.417  -999.0000     295.53     286.36     285.94     0.3925      1.3815     87.008     85.836     85.626     982.13    1794.17
  1887.417  -999.0000     294.66     286.24     285.66     0.1805      2.0366     87.597     86.090     85.560     983.35    1794.79
  1888.417  -999.0000     294.08     286.30     285.84     0.1163      0.6213     84.022     83.757     83.401     984.04    1795.61
  1889.417  -999.0000     295.09     286.27     285.93     0.1650     -0.5068     86.383     86.838     86.890     982.73    1795.01
  1890.417  -999.0000     294.29     286.14     285.64    -0.0110      1.3676     89.765     89.083     88.397     984.52    1795.93
  1891.417  -999.0000     294.84     286.23     285.76     0.1159     -0.4172     82.252     83.313     82.669     983.02    1796.63
  1892.417  -999.0000     295.99     286.20     285.58     0.0602     -1.6589     86.557     88.270     88.216     980.69    1796.56
  1893.417  -999.0000     295.63     286.42     285.92     0.0080     -0.2866     85.379     85.719     85.666     981.21    1796.77
  1894.417  -999.0000     296.82     286.45     286.00     0.2030     -2.1776     82.490     84.648     84.667     978.94    1796.50
  1895.417  -999.0000     298.04     286.52     286.16     0.3832     -2.8258     84.099     86.628     86.925     975.61    1796.36
  1896.417  -999.0000     297.57     286.45     285.98     0.2150     -0.0875     89.693     89.333     89.781     976.32    1795.90
  1897.417  -999.0000     296.89     286.44     285.96     0.1359      1.5561     88.852     87.159     87.296     978.40    1795.63
  1898.417  -999.0000     296.19     286.30     285.86    -0.1592      2.3025     91.591     89.547     89.288     980.06    1796.12
  1899.417  -999.0000     295.69     286.48     285.98     0.0000      1.2331     88.737     88.006     87.504     982.04    1796.45
  1900.417  -999.0000     297.11     286.64     286.15     0.3047     -2.6804     83.070     85.856     85.751     978.12    1796.67
  1901.417  -999.0000     299.10     286.64     286.07     0.6106     -4.1989     83.740     87.214     87.939     973.93    1795.89
  1902.417  -999.0000     299.09     286.49     285.93     0.2399     -1.0356     90.359     90.949     91.394     974.15    1795.25
  1903.417  -999.0000     298.76     286.40     285.86     0.4517      0.7656     87.759     87.500     86.994     974.70    1796.06
  1904.417  -999.0000     299.29     286.36     285.72     0.4649     -1.4684     85.883     88.131     87.351     972.60    1796.67
  1905.417  -999.0000     300.64     286.55     285.98     0.5340     -3.2414     84.651     88.274     87.893     968.29    1797.16
  1906.417  -999.0000     302.26     286.57     285.99     0.6432     -2.7679     86.217     88.587     88.984     965.46    1796.73
  1907.417  -999.0000     301.95     286.58     286.07     0.2999     -0.8771     88.339     88.821     89.216     966.16    1796.36
  1908.417  -999.0000     302.79     286.58     286.20     0.5040     -0.9433     86.024     86.842     86.967     964.68    1796.15
  1909.417  -999.0000     303.29     286.41     285.96     0.1861     -1.0187     86.768     87.889     87.787     963.39    1796.34
  1910.417  -999.0000     303.52     286.54     286.04     0.3050     -0.0697     89.333     89.467     89.402     964.01    1796.51
  1911.417  -999.0000     304.46     286.77     286.29     0.5687     -1.8711     85.946     87.029     87.817     962.79    1795.56
  1912.417  -999.0000     305.87     286.74     286.33     0.8369     -4.0977     84.539     87.578     88.637     959.57    1794.38
  1913.417  -999.0000     307.02     286.57     285.91     0.7778     -2.7073     85.872     88.376     88.580     956.33    1794.21
  1914.417  -999.0000     306.57     286.50     286.01     0.5312     -0.6515     88.970     90.159     89.621     956.63    1794.76
  1915.417  -999.0000     307.34     286.66     286.30     0.5874     -0.7371     89.484     90.244     90.221     954.17    1795.06
  1916.417  -999.0000     307.77     286.70     286.36     0.5534     -1.4573     87.538     88.504     88.995     954.33    1794.28
  1917.417  -999.0000     308.02     286.85     286.39     0.5247     -0.9386     90.203     90.689     91.141     953.62    1794.23
  1918.417  -999.0000     308.87     286.84     286.56     0.6841     -1.7746     86.028     86.832     87.803     952.91    1792.83
  1919.417  -999.0000     309.63     286.73     286.51     0.6192     -1.9570     90.240     90.873     92.197     951.52    1791.51
  1920.417  -999.0000     308.41     286.62     286.23     0.1735      1.7088     94.609     92.448     92.900     954.21    1791.03
  1921.417  -999.0000     307.53     286.52     286.09     0.3193      2.3687     91.360     89.544     88.992     956.77    1791.78
  1922.417  -999.0000     308.58     286.70     286.31     0.5938     -1.1553     86.654     88.068     87.810     954.80    1792.28
  1923.417  -999.0000     309.95     286.64     286.18     0.5955     -2.4099     88.004     90.095     90.414     952.04    1791.47
  1924.417  -999.0000     309.81     286.70     286.26     0.6445     -1.4096     89.044     90.277     90.454     952.06    1791.59
  1925.417  -999.0000     311.30     286.79     286.47     0.8417     -3.1306     85.578     88.473     88.708     948.44    1791.25
  1926.417  -999.0000     313.15     286.78     286.38     0.8392     -4.8146     84.441     88.497     89.256     944.24    1790.59
  1927.417  -999.0000     314.14     286.74     286.31     0.9222     -2.3749     88.346     89.966     90.721     942.33    1789.67
  1928.417  -999.0000     313.59     286.57     286.10     0.5299      1.5715     92.707     91.013     91.135     943.81    1789.38
  1929.417  -999.0000     311.07     286.43     285.66     0.1365      4.9783     97.226     93.363     92.248     948.98    1790.75
  1930.417  -999.0000     310.29     286.54     285.92     0.1987      2.8864     91.154     89.579     88.268     950.73    1792.07
  1931.417  -999.0000     312.03     286.67     286.08     0.5035     -2.6585     87.391     90.367     90.050     946.66    1792.43
  1932.417  -999.0000     313.23     286.56     286.10     0.5706     -2.5978     91.912     94.492     94.510     944.34    1792.17
  1933.417  -999.0000     313.45     286.57     286.00     0.6295     -1.3164     89.742     91.125     91.059     943.22    1792.56
  1934.417  -999.0000     314.80     286.70     286.36     0.6526     -2.5533     87.286     89.549     89.840     940.19    1792.06
  1935.417  -999.0000     314.52     286.54     285.92     0.5277     -0.2427     95.411     95.541     95.654     940.57    1791.99
  1936.417  -999.0000     314.33     286.72     286.18     0.6303     -0.5327     88.891     89.419     89.423     941.29    1792.24
  1937.417  -999.0000     317.69     286.92     286.55     0.9388     -5.5213     82.709     87.390     88.231     934.40    1790.98
  1938.417  -999.0000     318.32     286.71     286.27     0.8772     -2.9562     94.989     97.519     97.945     932.96    1790.76
  1939.417  -999.0000     318.58     286.82     286.32     0.7679     -0.2476     90.462     90.501     90.709     932.94    1790.75
  1940.417  -999.0000     319.49     286.86     286.30     0.8274     -2.2160     90.390     91.964     92.606     931.46    1789.70
  1941.417  -999.0000     320.94     286.96     286.56     1.0289     -3.7415     87.371     90.078     91.113     928.10    1789.03
  1942.417  -999.0000     321.77     286.84     286.45     0.8325     -1.8753     93.118     93.853     94.994     927.55    1787.67
  1943.417  -999.0000     321.24     286.78     286.26     0.7714      1.1064     94.458     93.192     93.351     929.65    1787.36
  1944.417  -999.0000     321.64     286.76     286.32     0.6721      0.0739     92.778     92.656     92.704     928.70    1787.64
  1945.417  -999.0000     321.64     286.86     286.40     0.6956     -0.4640     94.174     94.464     94.638     929.79    1787.19
  1946.417  -999.0000     323.14     286.93     286.47     1.0606     -3.1988     87.204     90.330     90.403     925.87    1787.39
  1947.417  -999.0000     325.39     286.99     286.69     1.2294     -4.8956     90.518     94.708     95.413     920.85    1786.44
  1948.417  -999.0000     325.53     286.76     286.40     0.8906     -1.0083     94.852     95.461     95.860     920.47    1786.21
  1949.417  -999.0000     324.73     286.77     286.43     0.7730      1.8945     97.270     95.291     95.376     923.40    1786.18
  1950.417  -999.0000     324.58     286.66     286.31     0.6231      0.9657     95.428     94.058     94.462     924.85    1785.62
  1951.417  -999.0000     325.15     286.70     286.47     0.6891     -1.0067     96.010     96.699     97.017     923.81    1785.24
  1952.417  -999.0000     326.46     286.79     286.37     0.9906     -2.5470     92.977     95.685     95.524     921.07    1785.52
  1953.417  -999.0000     328.30     286.84     286.47     1.1979     -4.0796     90.957     95.204     95.036     916.72    1785.64
  1954.417  -999.0000     329.76     286.63     286.10     1.1625     -2.9892     94.103     97.344     97.092     913.00    1786.00
  1955.417  -999.0000     330.24     286.87     286.28     1.3041     -2.8609     92.159     95.379     95.020     910.86    1786.26
  1956.417  -999.0000     331.96     286.77     286.53     1.2108     -3.6825     94.765     98.214     98.448     905.98    1785.94
  1957.417  -999.0000     332.33     286.69     286.24     1.2191     -2.6685     94.979     97.783     97.647     904.91    1786.28
  1958.417  -999.0000     334.87     286.72     286.32     1.3818     -2.7760     94.220     97.298     96.996     899.75    1786.40
  1959.417  -999.0000     334.78     286.57     286.05     1.1350     -1.9469     98.761    100.878    100.708     899.66    1786.84
  1960.417  -999.0000     336.61     286.66     286.44     1.1623     -1.8836     92.688     94.477     94.571     895.77    1786.47
  1961.417  -999.0000     337.26     286.50     286.15     1.2396     -0.3480     98.030     98.148     98.378     896.94    1786.37
  1962.417  -999.0000     337.08     286.51     286.01     1.0821      1.7833     97.335     95.811     95.552     898.46    1786.45
  1963.417  -999.0000     337.26     286.51     286.23     0.9412      0.8093     95.681     95.093     94.871     899.15    1786.95
  1964.417  -999.0000     338.18     286.35     285.99     1.4056      0.4499     96.987     96.682     96.537     899.56    1786.97
  1965.417  -999.0000     338.72     286.37     285.87     1.3931     -0.1553     95.144     95.873     95.299     898.51    1787.35
  1966.417  -999.0000     339.53     286.38     285.94     1.2668     -0.0866     97.362     98.276     97.448     897.41    1788.55
  1967.417  -999.0000     340.34     286.62     286.39     1.2884     -0.0555     97.019     97.303     97.074     897.79    1788.51
  1968.417  -999.0000     341.70     286.60     286.24     1.3454     -1.1007     95.593     96.661     96.694     896.02    1788.63
  1969.417  -999.0000     342.84     286.53     286.00     1.3521     -0.0485     98.515     98.694     98.564     896.19    1788.66
  1970.417  -999.0000     343.48     286.57     286.08     1.1334      0.8509     97.872     97.129     97.021     896.44    1788.91
  1971.417  -999.0000     344.50     286.60     286.10     1.1637      0.0288     98.248     98.114     98.219     897.63    1788.71
  1972.417  -999.0000     346.59     286.82     286.45     1.4557     -2.2954     92.063     93.888     94.358     895.15    1788.23
  1973.417  -999.0000     348.87     286.82     286.53     1.4812     -2.2334     96.343     98.097     98.576     892.69    1787.70
  1974.417  -999.0000     349.03     286.79     286.39     1.3575      1.8597    101.793     99.937     99.933     895.39    1787.68
  1975.417  -999.0000     349.06     286.63     286.04     1.1719      2.8484     99.943     97.651     97.095     897.73    1788.31
  1976.417  -999.0000     350.25     286.80     286.24     1.2921      0.6964     98.842     98.466     98.145     898.50    1788.63
  1977.417  -999.0000     353.13     286.95     286.59     1.6105     -2.4724     92.808     94.794     95.280     895.35    1788.10
  1978.417  -999.0000     354.45     286.84     286.41     1.3776      0.5744    103.993    103.244    103.419     895.93    1787.95
  1979.417  -999.0000     352.93     286.75     286.38     1.0332      5.8273    108.000    102.733    102.173     902.60    1788.63
  1980.417  -999.0000     353.30     286.77     286.49     1.0678      3.8769    104.301    100.852    100.424     905.72    1789.09
  1981.417  -999.0000     355.19     286.87     286.43     1.5513      0.2008     99.545     99.625     99.344     905.97    1789.10
  1982.417  -999.0000     357.99     286.88     286.42     1.8079     -2.2634     96.043     98.381     98.307     901.90    1789.19
  1983.417  -999.0000     357.94     286.58     285.93     1.5885      2.3698    109.107    107.770    106.737     904.20    1790.27
  1984.417  -999.0000     356.95     286.66     286.08     1.4016      5.0172    104.417    101.136     99.399     908.74    1792.18
  1985.417  -999.0000     359.12     286.80     286.42     1.6566     -0.3496     98.973    100.094     99.322     906.17    1792.81
  1986.417  -999.0000     361.36     286.75     286.31     1.6129     -1.4368    102.364    104.009    103.801     904.68    1793.12
  1987.417  -999.0000     362.83     286.90     286.53     1.4978      0.0324    102.711    102.826    102.679     905.02    1793.31
  1988.417  -999.0000     365.68     286.96     286.57     1.7898     -1.1159    100.078    100.999    101.194     903.50    1792.98
  1989.417  -999.0000     367.19     286.98     286.64     1.5731     -0.2329    105.723    105.842    105.956     903.70    1792.73
  1990.417  -999.0000     368.49     287.09     286.73     1.6715     -0.4459    100.580    101.070    101.026     904.01    1793.25
  1991.417  -999.0000     372.87     287.30     287.01     2.4435     -4.8686     94.723     98.942     99.592     898.56    1792.06
  1992.417  -999.0000     375.57     286.94     286.58     2.6884     -3.3700    100.104    103.328    103.474     894.75    1791.98
  1993.417  -999.0000     374.05     286.57     286.11     1.8210      5.6943    115.783    111.470    110.089     899.52    1793.31
  1994.417  -999.0000     371.83     286.70     286.17     1.4278      8.1313    110.044    103.602    101.912     907.65    1795.50
  1995.417  -999.0000     373.46     286.90     286.43     1.5818      3.5507    108.288    105.736    104.737     909.13    1796.10
  1996.417  -999.0000     374.97     286.98     286.66     1.7356      0.4954    105.082    105.009    104.587     909.41    1796.91
  1997.417  -999.0000     378.83     287.02     286.70     2.0580     -3.2248     98.541    101.482    101.765     906.41    1796.29
  1998.417  -999.0000     382.15     287.14     287.02     2.1938     -3.2905    102.123    104.744    105.414     902.64    1795.76
  1999.417  -999.0000     382.84     286.96     286.83     1.8665      1.8424    110.019    108.057    108.176     905.74    1795.45
  2000.417  -999.0000     383.24     286.99     286.72     1.8129      3.6309    106.297    102.922    102.666     908.63    1795.88
  2001.417  -999.0000     384.46     287.09     287.00     1.8398      1.2763    104.662    103.604    103.386     910.60    1796.12
  2002.417  -999.0000     386.41     287.13     286.98     1.8921      1.8400    109.565    107.487    107.725     911.02    1795.71
  2003.417  -999.0000     386.88     287.11     287.10     1.6651      3.1510    107.511    104.000    104.360     916.34    1795.42
  2004.417  -999.0000     388.79     287.04     286.77     1.7402      2.0277    107.750    105.971    105.723     917.54    1795.67
  2005.417  -999.0000     391.02     287.27     287.05     2.0162     -0.3436    106.412    106.990    106.755     917.63    1795.80
  2006.417  -999.0000     393.48     287.25     287.01     2.1924     -2.3818    107.591    110.257    109.973     914.27    1796.20
  2007.417  -999.0000     396.78     287.29     287.11     2.1762     -2.9012    107.562    110.864    110.464     910.47    1796.66
  2008.417  -999.0000     398.97     287.42     287.35     2.3097     -2.4872    110.098    112.819    112.585     908.94    1796.88
  2009.417  -999.0000     402.79     287.41     287.29     2.6014     -2.8417    105.802    108.709    108.644     903.61    1796.71
  2010.417  -999.0000     404.24     287.23     287.12     2.3408     -0.5853    114.592    115.378    115.177     905.08    1797.15
  2011.417  -999.0000     406.82     287.41     287.27     2.4289     -1.1019    107.338    109.078    108.440     903.33    1797.89
  2012.417  -999.0000     411.98     287.56     287.43     2.9405     -4.1936    106.862    111.100    111.056     897.17    1797.69
  2013.417  -999.0000     413.85     287.40     287.16     2.6433     -0.4944    114.783    115.190    115.278     898.16    1797.61
  2014.417  -999.0000     415.83     287.33     287.09     2.6392      1.4324    112.985    112.194    111.553     899.10    1798.36
  2015.417  -999.0000     418.50     287.37     287.08     2.5784     -0.4089    113.302    114.413    113.711     897.94    1799.12
  2016.417  -999.0000     422.25     287.38     287.11     2.7600     -1.8197    110.645    113.073    112.465     895.09    1799.62
  2017.417  -999.0000     426.18     287.42     287.29     2.9382     -1.5384    112.874    114.795    114.412     892.71    1799.86
  2018.417  -999.0000     428.14     287.26     287.08     2.7278      1.1397    119.489    119.131    118.350     894.61    1800.89
  2019.417  -999.0000     432.10     287.60     287.53     3.0242     -1.7433    109.974    112.183    111.718     891.74    1801.51
  2020.417  -999.0000     438.06     287.71     287.76     3.3724     -5.2312    110.147    114.874    115.378     885.77    1800.54
  2021.417  -999.0000     440.99     287.67     287.39     3.3061     -1.1218    116.810    117.710    117.932     885.72    1800.84
  2022.417  -999.0000     443.18     287.49     287.36     3.0782      3.6596    121.778    118.303    118.119     889.09    1800.47
  2023.417  -999.0000     444.62     287.47     287.50     2.9559      3.5602    120.673    117.294    117.113     893.59    1801.04
  2024.417  -999.0000     448.10     287.49     287.28     3.0491      1.3626    118.896    118.212    117.533     893.26    1801.54
  2025.417  -999.0000     451.85     287.57     287.23     3.0431      1.0149    119.492    119.287    118.477     893.63    1802.60
  2026.417  -999.0000     455.55     287.68     287.59     3.2558     -0.5937    116.175    116.922    116.769     893.73    1802.49
  2027.417  -999.0000     461.56     287.92     288.11     3.5734     -4.8093    110.836    115.039    115.645     888.40    1802.01
  2028.417  -999.0000     467.94     287.95     288.10     3.7105     -4.8512    113.063    117.025    117.914     883.70    1801.00
  2029.417  -999.0000     470.87     287.66     287.89     3.4309      1.2812    122.836    121.604    121.555     885.71    1801.04
  2030.417  -999.0000     472.90     287.56     287.69     3.2786      4.5145    124.697    120.962    120.183     890.29    1801.79
  2031.417  -999.0000     476.42     287.79     287.97     3.5486      0.4620    118.096    118.385    117.634     890.57    1802.75
  2032.417  -999.0000     483.01     287.97     288.14     3.7431     -2.2061    120.082    122.103    122.288     885.44    1802.50
  2033.417  -999.0000     485.82     287.74     287.94     3.5094      1.8454    128.822    126.509    126.977     889.93    1802.08
  2034.417  -999.0000     488.55     287.78     287.88     3.5449      3.5951    125.149    121.978    121.554     893.37    1802.14
  2035.417  -999.0000     492.79     287.94     288.06     3.6506      0.9717    124.089    123.814    123.117     893.34    1803.09
  2036.417  -999.0000     497.34     287.96     287.90     3.6362      0.8120    127.218    127.141    126.406     892.84    1803.75
  2037.417  -999.0000     501.27     288.11     288.23     3.6865     -0.1219    124.559    125.065    124.681     893.94    1804.58
  2038.417  -999.0000     509.05     288.13     288.30     4.2838     -3.5504    116.563    119.866    120.113     887.29    1803.75
  2039.417  -999.0000     512.67     288.01     288.06     3.8389      0.4872    131.464    131.237    130.976     890.52    1804.43
  2040.417  -999.0000     516.34     288.16     288.22     3.8554      2.8395    129.249    126.614    126.410     893.78    1804.43
  2041.417  -999.0000     523.46     288.51     288.58     4.3519     -1.7416    121.817    122.498    123.559     888.82    1803.29
  2042.417  -999.0000     526.23     288.04     288.17     3.7032      3.9320    140.296    136.108    136.364     895.99    1803.10
  2043.417  -999.0000     528.47     287.91     287.92     3.6496      7.9560    136.271    129.653    128.315     903.79    1804.59
  2044.417  -999.0000     534.89     288.27     288.58     4.0591      0.0323    123.498    124.180    123.466     902.27    1805.29
  2045.417  -999.0000     542.89     288.25     288.63     4.2367     -3.4251    127.315    130.538    130.740     897.41    1804.69
  2046.417  -999.0000     548.73     288.22     288.54     4.1899     -0.8696    128.034    128.807    128.904     897.69    1805.26
  2047.417  -999.0000     554.97     288.34     288.74     4.1727      1.3643    131.715    130.092    130.350     898.91    1804.32
  2048.417  -999.0000     560.39     288.22     288.47     4.3152      1.3908    129.275    127.825    127.884     901.32    1804.76
  2049.417  -999.0000     567.04     288.30     288.56     4.3613      0.9009    132.785    132.153    131.884     901.33    1804.65
  2050.417  -999.0000     572.80     288.39     288.86     4.3418      1.1754    132.619    131.419    131.443     902.77    1804.90
  2051.417  -999.0000     579.55     288.44     288.92     4.4817      0.3686    133.446    132.769    133.078     903.23    1804.25
  2052.417  -999.0000     585.38     288.47     288.87     4.3489      1.4157    136.200    134.709    134.784     904.54    1804.66
  2053.417  -999.0000     591.29     288.56     288.97     4.5308      2.7906    136.171    133.257    133.380     907.55    1804.30
  2054.417  -999.0000     597.82     288.50     288.94     4.4602      3.0724    140.214    136.685    137.142     911.03    1803.81
  2055.417  -999.0000     602.19     288.45     288.75     4.2670      5.6216    144.399    138.875    138.777     916.74    1803.97
  2056.417  -999.0000     607.77     288.60     289.06     4.4026      3.5100    134.348    131.343    130.838     921.26    1804.47
  2057.417  -999.0000     617.00     288.62     289.06     4.6267     -0.2762    135.862    136.404    136.138     917.15    1804.62
  2058.417  -999.0000     622.65     288.65     289.05     4.5186      2.4677    140.783    139.106    138.316     922.11    1805.46
  2059.417  -999.0000     629.68     288.63     289.00     4.5328      3.3889    141.664    139.170    138.275     923.24    1806.58
  2060.417  -999.0000     637.40     288.69     289.00     4.6002      0.0496    135.820    135.999    135.770     924.18    1806.58
  2061.417  -999.0000     646.57     288.76     289.27     4.9366     -0.9070    135.964    136.905    136.871     920.44    1806.61
  2062.417  -999.0000     653.05     288.70     289.26     4.7310      3.0143    144.680    141.426    141.665     925.31    1806.56
  2063.417  -999.0000     658.46     288.72     289.12     4.5559      5.7365    146.494    141.244    140.757     932.62    1806.76
  2064.417  -999.0000     667.45     288.86     289.30     4.9481      1.2109    135.841    135.262    134.630     930.05    1807.80
  2065.417  -999.0000     676.18     288.82     289.23     4.7886     -0.0364    142.773    143.005    142.809     931.01    1807.43
  2066.417  -999.0000     683.64     288.86     289.23     4.8510      2.6857    145.978    143.738    143.292     934.23    1808.34
  2067.417  -999.0000     692.48     289.05     289.64     4.9687      0.1799    139.628    139.174    139.448     933.16    1808.12
  2068.417  -999.0000     701.29     288.96     289.49     5.0411      0.0290    144.785    144.341    144.756     934.76    1807.17
  2069.417  -999.0000     710.04     288.97     289.43     4.8605      1.8397    143.595    141.898    141.755     934.17    1807.84
  2070.417  -999.0000     716.18     288.98     289.43     4.7750      4.7639    155.633    151.125    150.869     942.10    1807.77
  2071.417  -999.0000     724.08     289.09     289.68     4.9811      3.6320    144.115    140.467    140.483     944.03    1807.93
  2072.417  -999.0000     733.64     289.22     289.88     5.0004      0.0629    144.979    144.279    144.916     943.93    1807.29
  2073.417  -999.0000     741.69     289.14     289.78     5.1150      2.5164    150.011    147.275    147.494     947.39    1806.84
  2074.417  -999.0000     748.17     289.16     289.81     4.9204      3.7011    151.093    148.052    147.392     951.52    1807.79
  2075.417  -999.0000     757.35     289.24     289.82     5.1714      1.6836    146.912    145.659    145.228     951.54    1808.21
  2076.417  -999.0000     766.20     289.36     289.92     5.0491      2.0718    154.277    152.080    152.205     953.87    1807.83
  2077.417  -999.0000     773.90     289.36     289.98     5.0292      2.1880    148.724    146.277    146.536     957.18    1807.99
  2078.417  -999.0000     783.94     289.53     290.23     5.0318     -0.6704    147.218    147.139    147.888     956.76    1806.97
  2079.417  -999.0000     795.32     289.56     290.36     5.3409     -1.6943    144.971    145.441    146.665     954.56    1805.64
  2080.417  -999.0000     802.82     289.47     290.19     4.8870      1.6836    155.217    153.236    153.534     959.14    1805.43
  2081.417  -999.0000     812.16     289.64     290.41     5.1266      3.2134    151.712    148.629    148.498     960.63    1805.55
  2082.417  -999.0000     819.33     289.52     290.24     4.7280      3.5860    159.818    156.169    156.232     964.97    1805.51
  2083.417  -999.0000     828.12     289.59     290.26     4.9148      3.8588    153.931    150.181    150.072     968.19    1805.39
  2084.417  -999.0000     835.97     289.53     290.20     4.8114      2.7531    158.233    155.400    155.480     972.12    1805.90
  2085.417  -999.0000     846.15     289.69     290.55     4.9712      0.3309    149.434    148.342    149.103     972.01    1804.78
  2086.417  -999.0000     856.52     289.63     290.38     5.0918     -0.1660    159.518    159.275    159.684     973.29    1804.09
  2087.417  -999.0000     865.27     289.71     290.53     4.9820     -0.2345    151.356    151.628    151.591     972.83    1804.92
  2088.417  -999.0000     878.50     289.91     290.93     5.3171     -4.1538    147.278    150.296    151.432     968.46    1803.05
  2089.417  -999.0000     888.58     289.80     290.74     4.9224     -1.2968    157.780    157.942    159.077     969.00    1802.09
  2090.417  -999.0000     896.47     289.97     290.83     4.9116      2.8423    161.057    157.958    158.214     973.66    1801.90
  2091.417  -999.0000     907.14     290.14     291.17     5.2114     -1.0867    151.793    152.242    152.879     971.97    1801.25
  2092.417  -999.0000     919.18     290.05     290.95     5.2221     -2.9534    153.401    155.317    156.354     968.65    1800.04
  2093.417  -999.0000     927.78     290.04     290.90     5.0584      1.3943    161.061    159.314    159.667     971.95    1800.25
  2094.417  -999.0000     937.12     290.06     290.92     4.9690      2.8074    162.825    159.563    160.017     975.19    1799.33
  2095.417  -999.0000     947.47     290.16     291.07     5.1236     -0.9194    154.528    154.312    155.447     976.24    1798.13
  2096.417  -999.0000     959.52     290.18     291.09     5.2353     -3.6840    153.167    155.762    156.851     971.01    1797.10
  2097.417  -999.0000     968.82     290.14     291.17     5.0826     -0.2951    161.957    161.598    162.253     973.37    1796.72
  2098.417  -999.0000     978.04     290.06     291.03     5.1700      3.2388    165.719    162.105    162.480     975.98    1795.81
  2099.417  -999.0000     985.75     290.09     290.87     4.8678      3.9490    167.765    163.799    163.816     981.95    1796.69
  2100.417  -999.0000     996.13     290.30     291.27     5.0061      4.2069    160.485    156.587    156.279     982.05    1795.28
