     time     emission      CO2       tas    tas_land     fgco2      fnep      fnpp      fvegsoil       frh     cveg        csoil
  1862.417  -999.0000     286.73     286.91     286.33    -0.0937     -2.7983     76.780     79.058     79.578    1140.98    1593.18
  1863.417  -999.0000     289.27     287.17     286.68     0.4955     -6.1689     67.569     72.922     73.738    1134.82    1592.13
  1864.417  -999.0000     291.00     287.07     286.64     0.4906     -4.3006     80.232     83.670     84.532    1128.71    1591.44
  1865.417  -999.0000     288.16     286.70     286.26    -0.3090      4.6132     87.926     83.531     83.313    1136.09    1591.49
  1866.417  -999.0000     286.10     286.75     286.31    -0.5177      4.6355     82.947     79.019     78.312    1141.16    1592.58
  1867.417  -999.0000     287.97     286.77     286.30    -0.0074     -0.7410     75.864     77.016     76.605    1137.30    1592.56
  1868.417  -999.0000     287.93     286.68     286.21    -0.1989     -0.6585     81.813     82.644     82.472    1137.59    1592.96
  1869.417  -999.0000     288.21     286.67     286.23    -0.2582      0.0835     79.336     78.966     79.252    1138.14    1592.64
  1870.417  -999.0000     288.83     286.81     286.42    -0.1143     -1.7862     77.630     79.214     79.416    1136.92    1592.41
  1871.417  -999.0000     290.44     286.91     286.51     0.2326     -3.7317     75.399     78.827     79.130    1132.44    1592.18
  1872.417  -999.0000     291.68     287.01     286.60     0.4717     -3.5787     76.954     79.945     80.533    1129.66    1591.44
  1873.417  -999.0000     292.15     287.01     286.62     0.4367     -2.3604     78.149     79.917     80.510    1128.50    1590.91
  1874.417  -999.0000     292.72     286.95     286.53     0.4377     -1.3060     80.176     80.727     81.482    1126.69    1590.18
  1875.417  -999.0000     291.74     286.89     286.46     0.0273      0.4144     82.394     81.564     81.980    1129.27    1589.78
  1876.417  -999.0000     292.62     287.08     286.66     0.2654     -1.7192     75.716     77.216     77.435    1126.82    1589.54
  1877.417  -999.0000     293.29     287.07     286.81     0.4418     -2.7487     80.167     82.517     82.916    1123.56    1589.14
  1878.417  -999.0000     292.29     286.78     286.36     0.0608      1.2998     86.183     84.746     84.883    1126.29    1588.93
  1879.417  -999.0000     291.61     286.88     286.42    -0.1735      1.9987     81.797     80.076     79.798    1127.92    1589.39
  1880.417  -999.0000     292.19     286.84     286.26     0.1441      0.0670     81.548     81.917     81.481    1127.67    1589.48
  1881.417  -999.0000     293.26     286.83     286.29     0.1561     -1.8720     77.195     79.378     79.067    1125.36    1590.21
  1882.417  -999.0000     294.96     286.97     286.54     0.5906     -4.3971     76.636     81.089     81.033    1121.11    1589.94
  1883.417  -999.0000     296.59     286.95     286.43     0.7981     -4.8116     76.120     81.020     80.931    1114.88    1590.29
  1884.417  -999.0000     296.55     286.48     285.82     0.6432     -0.0925     83.827     85.155     83.920    1114.18    1591.25
  1885.417  -999.0000     295.14     286.31     285.55     0.3054      3.7082     83.378     81.820     79.670    1115.73    1593.69
  1886.417  -999.0000     293.98     286.47     285.70    -0.2496      2.7888     84.151     83.129     81.362    1118.06    1595.37
  1887.417  -999.0000     294.35     286.57     285.72     0.1134     -0.0285     79.526     80.577     79.554    1115.89    1596.47
  1888.417  -999.0000     296.10     286.86     286.07     0.4548     -4.2452     74.711     78.854     78.957    1111.94    1596.23
  1889.417  -999.0000     298.01     286.91     286.25     0.6925     -6.0495     74.307     79.529     80.357    1106.82    1595.49
  1890.417  -999.0000     299.75     286.90     286.36     0.9252     -4.3834     77.260     80.861     81.644    1101.85    1594.47
  1891.417  -999.0000     298.49     286.62     286.01     0.4461      0.7403     83.643     82.865     82.903    1104.09    1594.61
  1892.417  -999.0000     297.52     286.67     285.94     0.1398      3.0525     82.730     80.317     79.678    1106.68    1595.24
  1893.417  -999.0000     298.04     286.80     286.31     0.2309     -0.8601     78.465     79.360     79.325    1105.84    1595.53
  1894.417  -999.0000     300.42     287.12     286.73     0.7137     -5.7814     72.937     77.819     78.718    1100.75    1594.21
  1895.417  -999.0000     302.34     287.25     287.06     0.9564     -5.2303     78.604     82.743     83.834    1094.69    1593.22
  1896.417  -999.0000     300.58     286.72     286.28     0.3472      2.9409     92.336     89.518     89.395    1098.96    1593.26
  1897.417  -999.0000     297.89     286.78     286.42    -0.0313      5.8770     87.823     82.690     81.946    1105.13    1594.38
  1898.417  -999.0000     298.73     286.86     286.30     0.1272      1.1017     82.130     81.128     81.028    1105.30    1594.34
  1899.417  -999.0000     299.97     286.93     286.53     0.3864     -2.3388     80.031     81.970     82.370    1103.54    1593.82
  1900.417  -999.0000     301.08     286.97     286.72     0.3733     -2.8652     80.002     82.195     82.868    1100.69    1593.15
  1901.417  -999.0000     301.52     286.82     286.28     0.3600     -1.0440     82.464     83.172     83.508    1100.40    1592.74
  1902.417  -999.0000     300.71     286.72     286.03     0.0510      1.8347     86.626     85.721     84.791    1101.56    1593.68
  1903.417  -999.0000     300.60     286.72     286.10     0.4412     -0.3156     77.471     78.857     77.787    1100.50    1594.98
  1904.417  -999.0000     302.39     286.90     286.29     0.6727     -4.6634     76.698     81.303     81.361    1094.86    1594.80
  1905.417  -999.0000     303.18     286.87     286.38     0.5585     -2.9316     82.924     85.248     85.856    1093.06    1594.24
  1906.417  -999.0000     303.91     286.91     286.43     0.6631     -1.3908     80.894     81.598     82.285    1092.11    1593.46
  1907.417  -999.0000     304.59     287.02     286.59     0.5507     -1.8129     81.957     83.225     83.770    1091.15    1592.84
  1908.417  -999.0000     304.86     286.89     286.45     0.4480      0.0016     84.910     84.729     84.909    1090.41    1592.81
  1909.417  -999.0000     303.32     286.71     286.23     0.1673      3.4695     89.596     86.409     86.127    1094.45    1593.12
  1910.417  -999.0000     302.00     286.75     286.23     0.0076      3.5560     86.518     83.563     82.962    1098.09    1593.65
  1911.417  -999.0000     303.14     286.96     286.39     0.4403     -2.4347     77.614     80.315     80.049    1095.49    1594.08
  1912.417  -999.0000     305.65     287.12     286.84     0.9106     -5.1555     81.030     85.508     86.186    1088.66    1593.00
  1913.417  -999.0000     304.54     286.70     286.24     0.4371      1.5847     92.514     90.896     90.930    1091.73    1593.17
  1914.417  -999.0000     302.94     286.80     286.34     0.1804      4.4301     88.330     84.472     83.900    1096.35    1593.92
  1915.417  -999.0000     303.58     286.89     286.44     0.2658     -0.0195     83.450     83.718     83.470    1095.51    1593.88
  1916.417  -999.0000     304.34     286.91     286.55     0.4286     -2.6699     83.551     86.234     86.221    1093.29    1594.12
  1917.417  -999.0000     306.29     286.92     286.48     0.5691     -3.4350     81.631     84.745     85.066    1088.92    1593.76
  1918.417  -999.0000     307.35     286.86     286.34     0.5996     -3.1667     81.189     84.051     84.356    1087.17    1593.50
  1919.417  -999.0000     308.82     286.97     286.60     0.7008     -2.7677     82.406     84.957     85.174    1083.96    1592.91
  1920.417  -999.0000     309.05     286.91     286.39     0.6706     -0.8493     86.500     87.509     87.349    1082.58    1593.51
  1921.417  -999.0000     308.85     286.82     286.28     0.5533     -0.3073     84.247     84.893     84.555    1083.72    1593.74
  1922.417  -999.0000     310.94     287.15     286.72     0.9393     -4.4136     78.767     82.530     83.181    1078.27    1593.16
  1923.417  -999.0000     312.79     287.18     286.82     1.0819     -4.7219     82.096     85.359     86.818    1074.63    1591.47
  1924.417  -999.0000     311.67     286.98     286.66     0.6109      0.9676     90.727     89.108     89.759    1077.62    1590.92
  1925.417  -999.0000     311.37     287.07     286.61     0.7265      1.4091     84.651     83.165     83.242    1078.90    1590.75
  1926.417  -999.0000     312.71     287.21     286.78     0.8529     -3.2217     79.991     82.950     83.213    1075.89    1590.57
  1927.417  -999.0000     314.21     287.21     286.85     0.9940     -4.3118     83.503     87.321     87.815    1071.38    1590.20
  1928.417  -999.0000     314.95     287.13     286.75     0.8838     -2.2335     84.733     86.354     86.966    1070.16    1589.30
  1929.417  -999.0000     315.05     286.90     286.50     0.7155      1.0268     89.812     88.662     88.785    1070.59    1589.40
  1930.417  -999.0000     313.31     286.76     286.12     0.3629      3.8489     92.181     89.329     88.332    1075.17    1590.30
  1931.417  -999.0000     313.41     287.00     286.55     0.5523      0.8271     83.812     83.881     82.985    1073.98    1591.39
  1932.417  -999.0000     314.10     287.06     286.60     0.6535     -2.8742     86.786     89.724     89.661    1072.23    1591.38
  1933.417  -999.0000     316.17     287.33     287.24     1.0984     -3.9057     81.880     85.196     85.785    1066.24    1590.80
  1934.417  -999.0000     316.03     287.00     286.62     0.7984      0.0839     94.171     93.613     94.087    1068.62    1590.13
  1935.417  -999.0000     314.69     287.03     286.71     0.4957      3.4890     91.249     88.052     87.760    1072.20    1590.69
  1936.417  -999.0000     315.69     287.07     286.62     0.5861     -1.3418     83.376     84.714     84.718    1070.65    1590.53
  1937.417  -999.0000     317.93     287.18     286.73     0.9844     -5.7202     80.337     85.648     86.057    1065.32    1590.06
  1938.417  -999.0000     319.65     287.31     286.99     1.0967     -4.6435     86.195     90.358     90.839    1059.42    1589.61
  1939.417  -999.0000     318.64     286.99     286.65     0.5574      1.8210     96.499     94.500     94.678    1062.66    1589.49
  1940.417  -999.0000     316.85     286.96     286.46     0.4814      3.5869     92.885     89.758     89.298    1067.64    1590.14
  1941.417  -999.0000     319.42     287.09     286.57     1.1310     -3.2332     80.322     83.566     83.555    1062.41    1589.79
  1942.417  -999.0000     321.79     287.13     286.77     1.1752     -7.0707     82.377     88.791     89.447    1056.49    1589.45
  1943.417  -999.0000     324.43     287.16     286.82     1.3017     -3.9089     85.692     88.883     89.601    1051.51    1588.38
  1944.417  -999.0000     322.93     286.97     286.49     0.7731      0.6900     90.809     90.088     90.119    1054.94    1588.57
  1945.417  -999.0000     323.60     287.15     286.62     0.9504     -0.5541     84.039     84.551     84.593    1053.33    1588.61
  1946.417  -999.0000     325.11     287.22     286.83     1.1220     -4.1714     85.237     88.611     89.408    1050.18    1587.64
  1947.417  -999.0000     326.89     287.33     287.13     1.4213     -4.6103     84.362     88.273     88.972    1045.79    1586.98
  1948.417  -999.0000     327.94     287.23     286.88     1.2364     -3.1173     86.955     89.256     90.073    1043.29    1586.27
  1949.417  -999.0000     328.13     287.19     286.77     1.0818     -0.1001     90.072     89.264     90.172    1044.46    1585.25
  1950.417  -999.0000     328.16     287.23     286.81     1.1753     -1.0914     85.322     85.690     86.413    1045.15    1584.52
  1951.417  -999.0000     329.84     287.48     287.24     1.3814     -5.6223     84.019     88.810     89.641    1039.44    1583.63
  1952.417  -999.0000     331.92     287.35     287.04     1.5918     -5.4968     86.824     91.677     92.321    1033.78    1583.16
  1953.417  -999.0000     332.20     287.24     286.89     1.1220     -0.9472     94.157     95.079     95.104    1033.92    1583.16
  1954.417  -999.0000     333.13     287.42     287.18     1.4478     -2.0454     86.605     88.417     88.650    1032.62    1582.76
  1955.417  -999.0000     335.83     287.47     287.18     1.6512     -5.9813     84.500     89.780     90.482    1026.17    1582.05
  1956.417  -999.0000     337.21     287.30     286.96     1.5329     -3.0834     93.558     96.022     96.642    1023.06    1581.55
  1957.417  -999.0000     336.76     287.25     287.01     1.2404      0.3676     93.511     92.937     93.144    1025.45    1581.26
  1958.417  -999.0000     337.92     287.39     287.18     1.3526     -1.1652     91.345     92.091     92.510    1023.57    1580.87
  1959.417  -999.0000     338.55     287.28     286.93     1.3236     -1.3852     94.268     95.129     95.654    1022.91    1580.34
  1960.417  -999.0000     339.06     287.28     286.99     1.1405      0.1497     93.132     92.693     92.982    1022.72    1580.13
  1961.417  -999.0000     339.57     287.18     286.86     1.3278      0.8831     94.226     93.026     93.343    1025.32    1579.74
  1962.417  -999.0000     340.85     287.35     287.04     1.3974     -2.1947     86.284     87.931     88.478    1023.82    1579.15
  1963.417  -999.0000     343.49     287.42     287.10     1.9029     -5.9123     85.949     90.998     91.861    1017.49    1578.30
  1964.417  -999.0000     344.67     287.25     286.99     1.9670     -3.5616     90.404     93.194     93.965    1014.66    1577.55
  1965.417  -999.0000     344.78     287.20     286.99     1.7019     -0.2129     91.276     91.150     91.489    1015.09    1577.00
  1966.417  -999.0000     344.28     287.08     286.71     1.2021      2.6761     97.826     95.161     95.150    1017.28    1577.48
  1967.417  -999.0000     342.48     287.05     286.63     0.8942      6.1348    103.020     97.304     96.885    1024.82    1577.51
  1968.417  -999.0000     342.70     287.33     286.98     1.1498      2.1190     89.171     87.484     87.052    1025.85    1578.13
  1969.417  -999.0000     345.51     287.30     286.84     1.4068     -2.5797     91.137     93.600     93.717    1021.95    1577.92
  1970.417  -999.0000     345.92     287.22     286.81     1.3142      0.2908     95.975     95.493     95.684    1023.39    1577.94
  1971.417  -999.0000     345.83     287.23     286.78     1.1904      2.5170     97.186     95.050     94.669    1025.29    1578.10
  1972.417  -999.0000     346.09     287.31     286.95     1.0629      2.6490     98.051     95.798     95.402    1028.14    1578.49
  1973.417  -999.0000     347.03     287.34     286.90     1.1667      0.6969     94.204     93.253     93.508    1029.34    1578.53
  1974.417  -999.0000     349.61     287.38     287.00     1.5192     -1.6980     92.786     94.279     94.484    1026.62    1577.96
  1975.417  -999.0000     350.87     287.26     286.90     1.6343     -1.1844     95.535     96.537     96.719    1026.58    1577.90
  1976.417  -999.0000     352.78     287.37     286.90     1.8207     -2.3498     90.543     92.630     92.893    1024.78    1577.74
  1977.417  -999.0000     356.08     287.65     287.38     2.1035     -3.9901     91.826     95.191     95.816    1019.25    1576.99
  1978.417  -999.0000     356.61     287.37     287.12     1.6104      1.2149    102.616    100.750    101.401    1022.40    1576.37
  1979.417  -999.0000     355.02     287.33     287.03     1.1894      5.6259    103.283     97.654     97.657    1029.44    1576.45
  1980.417  -999.0000     357.39     287.46     287.12     1.5446      0.8573     93.242     92.392     92.384    1028.83    1576.42
  1981.417  -999.0000     360.00     287.53     287.23     1.7963     -3.3487     93.699     97.096     97.048    1026.49    1576.27
  1982.417  -999.0000     363.10     287.66     287.35     2.1233     -3.1821     93.179     96.284     96.362    1020.95    1576.23
  1983.417  -999.0000     362.30     287.03     286.52     1.5989      3.1090    107.317    105.087    104.207    1024.85    1577.12
  1984.417  -999.0000     360.46     287.12     286.59     1.2718      7.1372    104.434     99.166     97.297    1031.16    1579.39
  1985.417  -999.0000     362.30     287.48     287.16     1.6299     -0.2285     93.270     94.135     93.499    1030.18    1579.75
  1986.417  -999.0000     366.38     287.70     287.56     2.1367     -3.7865     96.568     99.776    100.354    1024.10    1579.04
  1987.417  -999.0000     365.97     287.25     286.90     1.6942      2.2724    109.283    107.048    107.010    1029.23    1579.19
  1988.417  -999.0000     366.92     287.40     287.06     1.8007      1.9880     96.837     95.435     94.849    1030.68    1579.82
  1989.417  -999.0000     370.99     287.67     287.56     2.2186     -3.7060     93.637     97.001     97.343    1025.07    1579.53
  1990.417  -999.0000     372.49     287.48     287.13     1.9021     -0.2501    103.898    104.083    104.148    1026.31    1579.21
  1991.417  -999.0000     373.27     287.54     287.14     1.9602      2.1538    100.020     98.427     97.867    1028.30    1579.92
  1992.417  -999.0000     375.32     287.35     286.96     2.3489     -0.9764     95.834     97.293     96.810    1025.96    1580.43
  1993.417  -999.0000     377.47     287.47     287.32     2.4122     -2.3223     95.437     97.743     97.759    1023.89    1580.63
  1994.417  -999.0000     379.94     287.62     287.50     2.4919     -0.9412     99.547     99.975    100.488    1022.47    1579.56
  1995.417  -999.0000     379.48     287.40     287.26     1.8778      3.7042    109.019    105.660    105.315    1027.55    1580.39
  1996.417  -999.0000     379.99     287.50     287.23     1.8679      4.0019    103.678    100.565     99.676    1030.64    1581.17
  1997.417  -999.0000     382.98     287.55     287.17     2.2399     -1.3604     95.842     97.322     97.203    1028.43    1581.25
  1998.417  -999.0000     385.85     287.48     287.21     2.1004     -1.0253    101.076    101.704    102.101    1026.51    1580.69
  1999.417  -999.0000     385.10     287.39     287.07     1.8067      4.1469    107.209    103.462    103.062    1032.65    1581.36
  2000.417  -999.0000     386.63     287.61     287.41     2.0917      1.3401     96.148     95.026     94.808    1033.52    1581.55
  2001.417  -999.0000     390.51     287.88     287.90     2.4321     -3.1084     98.200    100.561    101.308    1029.20    1580.46
  2002.417  -999.0000     390.79     287.52     287.29     2.0563      2.5157    111.151    108.267    108.636    1032.92    1580.45
  2003.417  -999.0000     390.57     287.61     287.26     1.9100      5.1528    106.068    101.051    100.915    1039.38    1580.73
  2004.417  -999.0000     394.15     287.83     287.63     2.4100     -1.9017     92.685     94.379     94.586    1037.29    1580.09
  2005.417  -999.0000     398.47     287.99     287.95     2.8725     -5.4796     98.283    103.123    103.762    1030.99    1579.55
  2006.417  -999.0000     400.04     287.72     287.59     2.3862     -0.6771    108.224    108.706    108.902    1031.09    1579.43
  2007.417  -999.0000     400.53     287.75     287.51     2.1472      0.6829    105.874    105.999    105.191    1032.96    1580.23
  2008.417  -999.0000     404.33     288.12     288.03     2.6754     -3.7073    100.212    104.130    103.920    1025.77    1580.40
  2009.417  -999.0000     407.04     287.87     287.76     2.7839     -2.6223    107.428    109.719    110.050    1024.98    1580.02
  2010.417  -999.0000     407.62     287.81     287.60     2.3674      2.7672    115.380    113.396    112.613    1027.06    1581.11
  2011.417  -999.0000     409.17     287.90     287.63     2.3916      0.0565    104.112    104.978    104.056    1027.43    1581.97
  2012.417  -999.0000     414.97     288.17     288.13     3.0556     -6.6477     99.368    106.179    106.016    1018.79    1581.81
  2013.417  -999.0000     419.26     288.16     288.15     3.2283     -5.3030    105.298    110.102    110.601    1013.00    1581.53
  2014.417  -999.0000     420.64     287.83     287.56     2.8498      1.1605    115.335    114.244    114.174    1016.35    1581.54
  2015.417  -999.0000     423.01     287.96     287.83     2.8835      1.0376    107.629    107.177    106.591    1016.42    1582.21
  2016.417  -999.0000     427.79     288.07     288.00     3.2172     -4.0120    102.759    106.529    106.771    1012.14    1581.97
  2017.417  -999.0000     432.14     288.09     288.05     3.3793     -3.6801    107.183    110.265    110.863    1008.75    1581.13
  2018.417  -999.0000     434.97     288.16     288.23     3.2764     -1.3809    109.976    111.079    111.357    1007.87    1580.86
  2019.417  -999.0000     437.44     288.11     288.12     3.2870      0.7025    113.871    113.172    113.169    1008.87    1581.18
  2020.417  -999.0000     440.10     288.19     288.23     3.2868      0.0518    111.635    111.473    111.583    1010.25    1581.12
  2021.417  -999.0000     446.10     288.51     288.75     3.7373     -3.9546    104.690    107.860    108.644    1004.00    1579.97
  2022.417  -999.0000     448.60     288.25     288.43     3.3907     -0.0632    118.089    117.298    118.153    1006.39    1579.40
  2023.417  -999.0000     449.88     288.07     287.92     3.0976      4.2870    117.196    113.042    112.909    1011.81    1579.24
  2024.417  -999.0000     453.55     288.29     288.20     3.3655     -0.4143    109.113    109.691    109.527    1010.25    1579.73
  2025.417  -999.0000     458.35     288.29     288.26     3.4744     -2.6167    112.112    114.758    114.729    1007.48    1579.65
  2026.417  -999.0000     462.60     288.37     288.48     3.6338     -0.9683    112.960    113.914    113.928    1005.61    1579.58
  2027.417  -999.0000     465.72     288.29     288.37     3.6426      0.1070    115.131    114.641    115.025    1007.77    1579.32
  2028.417  -999.0000     470.43     288.54     288.64     3.9017     -1.4447    109.462    110.574    110.906    1005.76    1578.44
  2029.417  -999.0000     474.24     288.44     288.48     3.8690     -0.9076    117.999    118.848    118.907    1004.54    1578.95
  2030.417  -999.0000     477.18     288.42     288.68     3.7329      1.5064    117.008    115.432    115.502    1005.98    1578.79
  2031.417  -999.0000     480.29     288.28     288.37     3.6789      2.9570    121.150    118.134    118.193    1010.06    1578.76
  2032.417  -999.0000     482.96     288.27     288.18     3.7387      3.3723    119.902    117.000    116.530    1013.56    1579.25
  2033.417  -999.0000     487.61     288.62     288.85     3.8812     -1.3466    112.453    114.112    113.800    1011.42    1579.52
  2034.417  -999.0000     494.18     288.77     289.18     4.2370     -3.7256    116.106    118.911    119.832    1006.76    1578.44
  2035.417  -999.0000     498.07     288.55     288.83     4.0400     -0.2654    120.103    119.448    120.368    1009.06    1577.77
  2036.417  -999.0000     502.26     288.59     288.82     3.9954      0.6085    118.652    117.642    118.044    1010.11    1577.38
  2037.417  -999.0000     508.47     288.64     288.72     4.3167     -2.0950    113.860    115.590    115.955    1007.77    1576.55
  2038.417  -999.0000     513.89     288.66     288.89     4.3550     -1.2210    120.083    121.237    121.304    1006.75    1576.83
  2039.417  -999.0000     517.43     288.62     288.71     4.2287      0.5682    122.527    122.355    121.959    1008.43    1577.06
  2040.417  -999.0000     524.13     288.95     289.37     4.6632     -2.2926    112.025    114.376    114.317    1002.83    1577.48
  2041.417  -999.0000     528.17     288.59     288.84     4.2530      1.1122    129.977    128.768    128.865    1005.90    1577.18
  2042.417  -999.0000     531.55     288.60     288.79     4.2537      3.4079    122.442    119.440    119.034    1010.10    1577.75
  2043.417  -999.0000     538.58     288.71     288.93     4.7136     -0.9623    119.887    120.517    120.849    1007.28    1576.92
  2044.417  -999.0000     543.13     288.66     288.95     4.6108     -0.1272    124.131    123.947    124.258    1009.21    1576.98
  2045.417  -999.0000     548.74     288.76     289.01     4.6009      1.2846    124.772    123.623    123.487    1008.85    1576.97
  2046.417  -999.0000     553.49     288.74     289.14     4.5247      1.6867    125.052    123.723    123.366    1010.93    1577.29
  2047.417  -999.0000     558.07     288.68     288.89     4.5292      2.1938    126.848    125.674    124.654    1012.56    1578.60
  2048.417  -999.0000     564.42     288.84     289.20     4.7873      0.5707    123.144    123.381    122.574    1011.73    1579.16
  2049.417  -999.0000     570.63     288.90     289.07     4.8277      0.0128    125.872    126.084    125.859    1011.51    1579.61
  2050.417  -999.0000     576.61     288.92     289.33     4.8435      0.8293    128.523    127.480    127.694    1012.82    1579.28
  2051.417  -999.0000     583.55     289.16     289.62     5.0276     -1.0785    122.641    123.057    123.719    1012.82    1578.75
  2052.417  -999.0000     591.54     289.29     289.89     5.1923     -1.6163    126.152    126.924    127.769    1010.35    1577.42
  2053.417  -999.0000     596.11     289.00     289.42     5.0370      2.9218    134.219    130.851    131.298    1014.50    1577.48
  2054.417  -999.0000     600.06     288.92     289.39     4.7206      7.4663    138.151    130.879    130.685    1022.33    1577.46
  2055.417  -999.0000     605.04     289.03     289.36     4.5862      5.7067    132.449    127.625    126.742    1028.10    1578.40
  2056.417  -999.0000     612.93     289.16     289.64     5.0643      0.8156    128.585    128.504    127.769    1026.47    1579.08
  2057.417  -999.0000     619.66     289.10     289.49     5.0531      0.0729    135.010    135.104    134.937    1027.14    1579.29
  2058.417  -999.0000     627.09     289.19     289.74     5.1934      0.3929    130.161    130.068    129.768    1026.99    1579.37
  2059.417  -999.0000     634.72     289.18     289.62     5.2324     -0.9136    128.314    129.140    129.228    1026.89    1579.98
  2060.417  -999.0000     643.74     289.37     289.94     5.4140     -1.0181    130.502    130.999    131.520    1024.86    1578.61
  2061.417  -999.0000     650.14     289.28     289.78     5.2699      0.1763    134.523    134.204    134.347    1027.08    1579.08
  2062.417  -999.0000     659.10     289.43     290.01     5.3517      1.0624    132.572    131.320    131.509    1025.79    1578.32
  2063.417  -999.0000     665.48     289.44     290.10     5.3002      0.8897    133.999    132.374    133.109    1030.03    1578.20
  2064.417  -999.0000     674.87     289.52     290.02     5.6013      0.3131    132.681    131.781    132.368    1028.87    1576.90
  2065.417  -999.0000     681.90     289.50     290.07     5.3822      0.5670    134.073    133.437    133.506    1031.36    1577.51
  2066.417  -999.0000     690.30     289.51     290.06     5.5800      1.2520    133.953    132.949    132.701    1031.25    1577.42
  2067.417  -999.0000     697.98     289.55     290.14     5.4275      0.9355    134.868    134.181    133.933    1032.49    1577.95
  2068.417  -999.0000     706.65     289.58     290.04     5.5334      1.4072    135.324    133.787    133.917    1032.55    1577.59
  2069.417  -999.0000     712.72     289.55     290.09     5.4426      5.1925    146.059    140.708    140.867    1039.35    1577.28
  2070.417  -999.0000     718.84     289.62     290.19     5.3535      3.4382    135.736    132.364    132.297    1043.77    1577.72
  2071.417  -999.0000     729.90     289.66     290.28     5.6942     -0.7031    135.911    136.275    136.615    1040.10    1576.84
  2072.417  -999.0000     736.49     289.61     290.26     5.4262      2.3089    142.635    140.129    140.326    1045.49    1577.36
  2073.417  -999.0000     745.18     289.55     290.03     5.6799      1.3637    135.466    134.599    134.102    1046.12    1577.28
  2074.417  -999.0000     754.14     289.77     290.37     5.7054      0.5134    143.000    143.178    142.487    1044.14    1577.83
  2075.417  -999.0000     760.14     289.59     290.20     5.3450      4.3873    147.899    143.981    143.512    1049.31    1579.11
  2076.417  -999.0000     767.96     289.68     290.13     5.4213      3.6298    144.323    141.174    140.693    1053.66    1579.10
  2077.417  -999.0000     778.32     290.04     290.80     5.6765     -1.9794    134.350    136.254    136.329    1050.34    1579.02
  2078.417  -999.0000     789.48     289.84     290.45     5.9396     -0.9846    143.391    143.517    144.376    1047.96    1578.23
  2079.417  -999.0000     795.06     289.73     290.27     5.2845      5.2174    151.215    145.894    145.998    1057.14    1578.13
  2080.417  -999.0000     804.89     289.89     290.54     5.7298      1.7806    136.303    134.609    134.522    1057.17    1578.18
  2081.417  -999.0000     815.13     289.89     290.31     5.6727     -1.1404    142.775    144.256    143.915    1055.82    1578.08
  2082.417  -999.0000     823.35     289.90     290.51     5.6740      0.6539    143.021    143.196    142.367    1055.78    1579.73
  2083.417  -999.0000     833.80     289.98     290.68     5.7536     -0.7344    138.633    139.059    139.368    1054.81    1578.99
  2084.417  -999.0000     842.95     289.94     290.55     5.6585      0.2660    146.449    145.696    146.183    1056.72    1578.57
  2085.417  -999.0000     852.73     290.06     290.70     5.9707     -0.3663    139.212    139.280    139.578    1054.94    1578.21
  2086.417  -999.0000     861.15     290.17     290.98     5.7181     -0.0914    146.787    146.256    146.878    1056.76    1577.52
  2087.417  -999.0000     869.21     290.08     290.81     5.6468      2.4601    150.630    147.834    148.170    1059.63    1577.50
  2088.417  -999.0000     879.24     290.18     290.97     5.6705      1.3351    145.363    143.490    144.028    1060.68    1576.77
  2089.417  -999.0000     888.74     290.29     291.13     5.7658      0.3410    145.991    144.836    145.650    1062.36    1575.90
  2090.417  -999.0000     898.77     290.35     291.25     5.9081     -0.4897    145.315    144.809    145.805    1062.47    1575.09
  2091.417  -999.0000     907.75     290.38     291.18     5.7637     -0.1749    149.105    148.585    149.280    1064.67    1573.91
  2092.417  -999.0000     917.16     290.46     291.38     5.7430      1.8033    151.228    149.055    149.425    1063.56    1573.82
  2093.417  -999.0000     924.28     290.38     291.24     5.5735      3.2151    155.756    151.993    152.541    1070.43    1573.61
  2094.417  -999.0000     934.33     290.33     291.10     5.7330      1.2378    148.504    146.906    147.266    1071.06    1572.91
  2095.417  -999.0000     945.68     290.39     291.13     5.8007     -1.4907    146.831    147.686    148.322    1068.93    1572.20
  2096.417  -999.0000     954.38     290.47     291.31     5.6456     -0.0461    153.280    152.669    153.326    1071.76    1571.61
  2097.417  -999.0000     964.07     290.48     291.38     5.7500      0.6239    151.723    150.604    151.099    1071.37    1571.24
  2098.417  -999.0000     974.89     290.58     291.46     5.6992     -2.5642    145.608    147.211    148.173    1070.57    1570.40
  2099.417  -999.0000     986.67     290.72     291.81     5.7646     -2.5938    148.634    149.683    151.228    1067.24    1568.39
  2100.417  -999.0000     994.45     290.55     291.33     5.5475     -0.3978    160.247    158.825    160.645    1073.51    1568.06
