     time     emission      CO2        tas       tas_land     fgco2      fnep      fnpp      fvegsoil       frh       cveg       csoil
  1851.417     0.0547     288.15     286.92     285.45    -0.1005     -0.5958     88.195     88.455     88.791     660.50    1771.32
  1852.417     0.0625     287.93     286.90     285.36    -0.1277      0.1989     88.813     88.280     88.614     661.19    1771.15
  1853.417     0.0650     287.47     286.92     285.63    -0.0461      0.6715     89.194     88.101     88.523     663.06    1770.54
  1854.417     0.0756     287.46     287.00     285.53     0.0968      0.3534     87.587     87.392     87.233     662.79    1770.76
  1855.417     0.0780     288.00     287.10     285.71     0.0253     -0.6785     87.675     88.287     88.353     662.17    1770.77
  1856.417     0.0832     288.30     286.94     285.53     0.1107     -1.2623     87.085     88.016     88.348     661.30    1770.39
  1857.417     0.0847     288.74     287.03     285.59     0.1995     -1.0707     88.052     89.113     89.123     659.88    1770.35
  1858.417     0.0858     289.18     287.01     285.61    -0.2132     -0.6521     88.417     88.885     89.069     659.57    1770.28
  1859.417     0.0909     288.70     287.01     285.67     0.0432      0.3082     90.381     89.923     90.072     659.81    1770.03
  1860.417     0.0995     288.37     287.10     285.80     0.0223      0.8613     88.542     87.829     87.681     661.30    1770.12
  1861.417     0.1042     288.74     286.91     285.47     0.0944      0.4168     88.210     88.125     87.793     660.87    1770.64
  1862.417     0.1066     289.21     287.02     285.56     0.2418     -0.9881     87.253     87.899     88.242     660.49    1770.24
  1863.417     0.1139     289.84     287.09     285.87     0.2888     -1.8436     87.888     88.842     89.732     659.07    1769.32
  1864.417     0.1226     290.26     287.11     285.76     0.0802     -1.4208     89.042     89.442     90.463     658.59    1768.18
  1865.417     0.1304     289.95     286.97     285.43    -0.1492      0.3592     89.672     89.013     89.313     659.68    1767.98
  1866.417     0.1341     289.73     287.09     285.80    -0.0719      1.0968     88.896     88.082     87.799     660.52    1768.22
  1867.417     0.1424     289.84     287.04     285.67    -0.0000      0.1274     87.838     87.716     87.711     660.68    1768.27
  1868.417     0.1482     290.00     286.96     285.68     0.2620     -0.2865     88.365     88.457     88.652     660.12    1768.15
  1869.417     0.1557     290.03     287.08     285.81     0.1800     -0.2774     87.317     87.419     87.594     660.86    1767.84
  1870.417     0.1614     290.63     287.08     285.67     0.2676     -1.0179     87.640     88.345     88.658     659.25    1767.66
  1871.417     0.1709     290.75     286.97     285.70     0.1611     -0.8050     88.909     89.213     89.714     659.00    1766.97
  1872.417     0.1889     290.49     287.05     285.78    -0.0898      0.2501     89.288     88.617     89.038     660.21    1766.65
  1873.417     0.2016     290.34     286.97     285.37     0.0486      0.6782     89.236     88.533     88.558     660.58    1766.64
  1874.417     0.1925     290.49     287.07     285.68     0.1097     -0.1269     87.018     86.991     87.145     661.37    1766.70
  1875.417     0.2057     291.57     287.11     285.88     0.3010     -1.9610     87.843     88.983     89.804     659.22    1765.47
  1876.417     0.2100     291.88     286.98     285.65     0.1230     -1.2979     89.389     90.229     90.687     658.25    1765.23
  1877.417     0.2133     291.46     287.01     285.69     0.1577      0.4798     89.327     88.697     88.848     659.45    1765.05
  1878.417     0.2156     291.61     286.94     285.63    -0.1612      0.8348     88.947     88.026     88.112     660.42    1764.91
  1879.417     0.2299     291.47     286.88     285.48     0.2462      0.6903     90.352     89.616     89.662     660.77    1764.93
  1880.417     0.2575     291.24     287.13     285.71     0.4450      0.4879     88.551     87.770     88.064     662.14    1764.66
  1881.417     0.2669     291.34     287.07     285.56     0.0322      0.1971     89.695     89.140     89.498     662.12    1764.18
  1882.417     0.2807     291.02     286.83     285.31    -0.2199      1.0957     90.028     89.276     88.932     662.99    1764.58
  1883.417     0.2980     290.68     286.86     285.32    -0.1046      1.9328     89.037     87.916     87.104     664.43    1765.39
  1884.417     0.3025     290.02     286.47     284.80     0.1183      2.4149     89.930     88.800     87.515     664.87    1766.74
  1885.417     0.3048     289.19     286.54     284.90    -0.2215      3.0054     89.600     87.905     86.594     667.28    1768.14
  1886.417     0.3090     288.91     286.66     285.15    -0.1800      2.1546     89.609     87.856     87.455     668.91    1768.35
  1887.417     0.3235     288.51     286.77     285.40    -0.1532      1.1956     89.036     87.833     87.840     669.99    1768.57
  1888.417     0.3571     288.54     286.79     285.40    -0.2830      0.5510     90.433     89.123     89.882     671.09    1767.62
  1889.417     0.3600     288.28     286.72     285.40    -0.0790      1.0097     89.424     88.012     88.415     673.16    1767.10
  1890.417     0.3893     288.52     286.81     285.42    -0.0611      1.1431     88.236     87.498     87.093     673.57    1767.70
  1891.417     0.4081     288.70     286.77     285.43    -0.1439      0.2572     88.492     88.323     88.235     673.50    1767.84
  1892.417     0.4116     289.11     286.83     285.52     0.0813     -0.4022     86.457     86.558     86.859     673.88    1767.55
  1893.417     0.4078     290.05     286.94     285.50     0.1953     -1.6392     87.085     87.680     88.724     672.78    1766.35
  1894.417     0.4205     290.43     286.72     285.31    -0.0413     -1.1967     89.010     89.275     90.207     672.32    1765.36
  1895.417     0.4449     290.12     286.71     285.29    -0.1109      0.5659     89.507     88.767     88.941     673.43    1765.31
  1896.417     0.4602     289.92     286.82     285.33     0.1548      1.0686     88.404     87.408     87.335     674.59    1765.34
  1897.417     0.4825     290.26     286.94     285.43     0.2356      0.2002     87.743     87.727     87.543     675.08    1765.52
  1898.417     0.5097     290.46     286.97     285.56     0.2276     -0.6956     88.213     89.171     88.909     672.75    1765.81
  1899.417     0.5544     290.71     286.98     285.59     0.2326     -0.6345     87.723     87.977     88.357     673.39    1765.56
  1900.417     0.5855     291.22     286.99     285.52     0.1860     -0.6348     87.686     87.444     88.321     673.63    1764.45
  1901.417     0.6061     291.25     286.97     285.70     0.0259     -0.4385     89.449     89.200     89.888     673.07    1763.87
  1902.417     0.6219     290.87     286.94     285.71    -0.0811      0.8911     90.547     89.232     89.656     675.28    1763.19
  1903.417     0.6747     290.24     286.64     284.99     0.0618      2.8859     88.388     86.981     85.502     676.65    1764.93
  1904.417     0.6864     289.90     286.65     285.14    -0.3675      2.3987     88.026     87.475     85.627     676.89    1767.04
  1905.417     0.7264     290.35     286.64     285.10    -0.0242      0.8209     88.334     87.707     87.513     677.54    1767.06
  1906.417     0.7744     290.37     286.86     285.53     0.1134      0.0391     88.620     88.005     88.581     678.57    1766.41
  1907.417     0.8562     291.53     287.01     285.81     0.0460     -1.5385     85.608     86.044     87.146     678.06    1765.20
  1908.417     0.8329     292.60     286.91     285.55     0.1913     -1.6756     88.588     89.182     90.263     676.32    1764.29
  1909.417     0.8615     292.62     286.87     285.38     0.3582     -0.3628     88.684     88.186     89.047     678.35    1763.31
  1910.417     0.9016     293.21     286.98     285.60     0.1400     -0.3618     87.724     87.528     88.086     677.86    1762.63
  1911.417     0.9201     293.57     287.01     285.67     0.1106     -0.3623     88.412     88.658     88.774     677.31    1762.74
  1912.417     0.9640     293.36     287.01     285.58     0.2285      0.7149     89.611     88.986     88.896     678.21    1762.63
  1913.417     1.0377     293.21     286.99     285.59     0.1330      1.0526     89.181     88.126     88.129     679.47    1762.90
  1914.417     0.9553     293.70     287.07     285.62     0.3683      0.5173     88.148     87.307     87.631     680.18    1762.43
  1915.417     0.9354     294.17     287.07     285.94     0.1282      0.1159     88.493     87.869     88.377     680.90    1761.91
  1916.417     1.0019     294.32     287.05     285.62     0.1283     -0.0329     89.897     89.126     89.930     681.27    1761.12
  1917.417     1.0504     294.36     287.10     285.83     0.0710      0.4449     89.400     88.226     88.955     682.87    1760.39
  1918.417     1.0413     294.54     286.99     285.64     0.1899      1.0079     89.707     88.560     88.699     683.98    1760.05
  1919.417     0.9138     294.29     287.14     285.68     0.2956      0.8329     89.522     88.822     88.689     684.66    1760.57
  1920.417     1.0359     294.73     287.14     285.81     0.1020      0.3625     89.481     89.055     89.118     684.98    1760.20
  1921.417     0.9307     294.81     286.97     285.49     0.0841      0.7627     89.611     89.038     88.848     685.49    1760.69
  1922.417     0.9615     294.99     287.04     285.69     0.0814      0.5416     88.623     88.020     88.081     686.43    1760.27
  1923.417     1.0848     295.37     286.98     285.69     0.0898      0.1852     89.036     89.063     88.850     686.26    1760.54
  1924.417     1.0988     295.40     286.94     285.50     0.2599      1.0179     90.211     90.222     89.193     685.62    1761.87
  1925.417     1.1061     295.28     286.96     285.46     0.4615      1.0536     89.462     88.628     88.408     687.28    1762.02
  1926.417     1.0908     296.01     286.98     285.59     0.0268      0.0727     88.589     87.906     88.517     687.82    1761.36
  1927.417     1.1817     296.84     286.89     285.43     0.1942     -0.3833     89.439     89.347     89.823     687.57    1760.71
  1928.417     1.1936     296.26     286.92     285.54     0.2482      0.8069     90.970     90.304     90.163     688.05    1760.84
  1929.417     1.2760     296.20     287.03     285.62     0.3450      1.4741     88.865     87.882     87.391     690.28    1761.55
  1930.417     1.1949     296.63     287.18     285.83     0.5444     -0.2870     89.259     89.554     89.546     688.92    1761.58
  1931.417     1.0711     297.89     287.33     286.19     0.3611     -1.9134     87.252     88.306     89.165     688.14    1760.61
  1932.417     0.9656     298.92     287.14     285.93     0.4517     -1.3871     89.265     89.824     90.652     687.06    1759.65
  1933.417     1.0034     299.09     287.17     285.84     0.3588     -0.3516     89.095     88.934     89.447     687.94    1759.36
  1934.417     1.0888     299.31     287.11     285.62     0.2609     -0.0167     89.621     89.171     89.638     687.90    1758.80
  1935.417     1.1467     299.46     287.04     285.81     0.3316      0.5511     90.870     90.167     90.319     688.69    1758.46
  1936.417     1.2547     299.28     287.08     285.54     0.5002      1.4847     88.847     87.835     87.363     690.17    1759.22
  1937.417     1.3460     299.86     287.19     285.81     0.4109      0.2615     89.111     88.728     88.850     690.25    1759.08
  1938.417     1.2826     300.20     287.09     285.81     0.3151     -0.3105     90.984     90.685     91.294     690.00    1758.24
  1939.417     1.3412     299.71     287.12     285.86     0.2974      1.4194     91.861     90.441     90.442     691.96    1758.41
  1940.417     1.4567     299.51     287.09     285.60     0.3583      1.6735     89.743     88.428     88.070     694.00    1758.63
  1941.417     1.4995     300.44     287.04     285.62     0.2222      0.6103     89.800     89.840     89.190     692.87    1759.45
  1942.417     1.5064     300.73     287.11     285.82     0.3798      0.2944     89.509     89.603     89.215     693.04    1759.95
  1943.417     1.5548     300.98     287.07     285.87     0.4590      0.2105     90.022     89.525     89.812     693.59    1759.55
  1944.417     1.5490     301.48     287.07     285.77     0.4009     -0.0122     90.978     90.368     90.990     694.18    1758.71
  1945.417     1.3165     301.40     287.05     285.78     0.5360      0.8953     90.156     89.633     89.260     694.96    1759.14
  1946.417     1.4051     301.50     287.02     285.61     0.2953      1.3107     90.046     89.563     88.735     694.97    1760.24
  1947.417     1.5538     301.80     287.10     285.75     0.5648      0.4584     90.187     89.512     89.728     696.12    1759.98
  1948.417     1.6413     302.31     287.17     285.78     0.4547     -0.2233     90.660     90.094     90.883     696.35    1758.87
  1949.417     1.5766     302.45     287.06     285.65     0.3948      0.5210     91.104     90.495     90.583     697.08    1758.92
  1950.417     1.7760     302.68     287.06     285.69     0.3721      1.3516     89.827     89.203     88.475     697.91    1759.79
  1951.417     1.9330     303.32     287.20     286.08     0.4999      0.4316     89.243     89.028     88.811     697.86    1760.02
  1952.417     1.9738     304.12     287.10     285.83     0.4432     -0.4052     91.218     90.716     91.623     698.10    1759.06
  1953.417     2.0228     304.29     287.04     285.64     0.5612      0.3858     91.921     90.748     91.535     699.81    1758.12
  1954.417     2.0513     304.78     287.04     285.56     0.5775      0.9080     90.453     89.567     89.544     700.69    1758.24
  1955.417     2.2331     305.38     287.24     286.09     0.7650     -0.1492     89.479     89.758     89.629     700.61    1758.33
  1956.417     2.3847     306.78     287.18     285.87     0.5330     -1.1797     88.885     89.927     90.064     698.78    1758.31
  1957.417     2.4909     307.63     287.05     285.70     0.7375     -0.4577     91.686     92.015     92.144     698.50    1758.09
  1958.417     2.5600     307.97     286.98     285.74     0.7122      0.6663     89.454     89.088     88.788     699.78    1758.47
  1959.417     2.6906     309.14     287.09     285.79     0.8500     -0.2423     91.091     91.000     91.334     698.57    1758.20
  1960.417     2.8181     309.80     287.17     285.95     0.6606     -0.4229     92.113     91.757     92.536     700.19    1756.95
  1961.417     2.8397     310.44     287.00     285.60     0.6369      1.0714     91.851     91.415     90.780     699.84    1757.98
  1962.417     2.9477     310.74     287.11     285.66     1.0669      1.6394     91.406     90.755     89.767     700.49    1759.19
  1963.417     3.1058     311.39     287.15     285.79     0.9738      0.9358     91.901     90.868     90.965     702.22    1758.65
  1964.417     3.2828     312.20     287.08     285.73     0.9196      0.5669     91.545     91.090     90.979     702.10    1758.81
  1965.417     3.4339     312.50     286.87     285.54     1.0444      1.3818     93.526     93.150     92.144     702.39    1759.95
  1966.417     3.6058     312.67     286.87     285.58     0.7116      2.2490     93.044     92.244     90.795     703.55    1761.37
  1967.417     3.7263     313.48     286.96     285.66     0.7981      1.8237     92.759     92.160     90.935     704.19    1762.75
  1968.417     3.9105     314.48     286.96     285.69     0.9962      0.8117     91.993     92.058     91.181     703.96    1763.39
  1969.417     4.1424     316.07     287.05     285.72     0.9935      0.7429     92.763     93.037     92.020     703.58    1764.50
  1970.417     4.4375     316.68     287.02     285.77     1.0229      1.2469     93.679     93.578     92.432     703.58    1765.63
  1971.417     4.6190     317.69     287.00     285.64     1.0588      1.3751     93.868     93.117     92.493     704.36    1766.43
  1972.417     4.8028     319.06     287.17     286.04     1.3257      1.3349     92.262     91.343     90.927     705.86    1766.58
  1973.417     5.0595     320.67     287.17     285.93     1.2697      1.1601     92.996     92.436     91.836     705.62    1767.44
  1974.417     5.0895     321.53     287.15     285.85     1.4891      1.6727     93.646     92.672     91.973     706.95    1767.96
  1975.417     5.0629     322.36     287.10     285.85     1.0121      2.0570     93.968     92.811     91.911     708.55    1768.80
  1976.417     5.3310     323.12     287.12     285.74     1.3136      2.0701     94.646     94.036     92.576     708.32    1770.41
  1977.417     5.5191     324.36     287.16     285.82     1.4513      1.9208     92.220     91.774     90.299     709.72    1771.96
  1978.417     5.5955     326.23     287.13     285.88     1.3877      0.8709     93.748     93.408     92.877     708.88    1772.35
  1979.417     5.8857     327.69     287.17     285.74     1.3184      1.2071     93.117     92.231     91.910     710.58    1772.62
  1980.417     5.8580     328.85     287.11     285.81     1.4319      2.0380     94.345     92.778     92.307     711.78    1773.24
  1981.417     5.6877     329.60     287.22     285.84     1.4328      2.1285     93.847     92.307     91.718     713.74    1773.76
  1982.417     5.6333     330.77     287.10     285.61     1.4026      2.3073     95.359     93.788     93.052     714.80    1774.33
  1983.417     5.6155     330.96     287.02     285.78     1.3277      3.0440     95.897     94.035     92.853     717.09    1775.61
  1984.417     5.8000     331.92     287.10     285.69     1.4365      3.2719     95.001     93.273     91.729     718.93    1777.28
  1985.417     5.9763     332.66     287.24     286.16     1.3325      2.4625     95.575     94.466     93.113     719.62    1778.62
  1986.417     6.1604     333.79     287.19     286.07     1.5652      2.4261     96.958     95.606     94.532     720.96    1779.62
  1987.417     6.3232     334.80     287.19     286.00     1.6245      2.8503     96.009     93.953     93.159     723.31    1780.52
  1988.417     6.5516     336.05     287.11     285.76     1.4027      2.8694     95.555     93.609     92.686     725.29    1781.34
  1989.417     6.6923     337.53     287.32     285.93     1.4902      2.1813     96.076     94.474     93.895     726.57    1782.08
  1990.417     6.7668     338.99     287.27     285.97     1.7164      1.9430     96.911     94.867     94.968     728.63    1781.81
  1991.417     6.8614     340.13     287.29     285.96     1.6137      2.7543     96.841     94.496     94.087     731.52    1781.97
  1992.417     6.8079     340.54     286.89     285.47     1.6368      4.3568     97.998     95.764     93.641     732.74    1784.36
  1993.417     6.7963     340.40     287.12     285.85     1.4406      5.4622     98.366     95.588     92.904     736.57    1787.10
  1994.417     6.9088     341.75     287.15     285.76     1.4412      4.3818     95.946     93.487     91.564     739.02    1789.22
  1995.417     7.0583     343.28     287.25     286.00     1.6234      2.5536     97.765     96.397     95.211     739.53    1790.09
  1996.417     7.2002     344.66     287.32     286.35     1.8350      1.9502     96.140     94.968     94.190     741.74    1790.88
  1997.417     7.3260     346.28     287.30     285.92     1.7815      2.3664     98.886     97.824     96.520     741.63    1792.20
  1998.417     7.3111     347.39     287.31     286.06     1.7153      3.4314     97.339     95.813     93.907     744.04    1794.30
  1999.417     7.2543     348.92     287.32     286.29     1.8386      3.3626     98.033     96.228     94.671     745.48    1795.71
  2000.417     7.4169     350.36     287.29     286.04     1.8818      2.6631     95.794     94.241     93.130     747.13    1796.87
  2001.417     7.5997     352.43     287.33     286.12     1.9893      2.5570     95.224     93.543     92.667     748.68    1797.93
  2002.417     7.6805     354.33     287.26     286.12     1.8766      1.5788     97.943     95.982     96.364     750.62    1797.29
  2003.417     8.1063     355.49     287.21     286.06     1.8555      2.7015     99.536     96.792     96.834     753.14    1797.02
  2004.417     8.5331     356.53     287.37     286.14     2.0322      4.4298     99.004     95.619     94.575     757.29    1798.45
  2005.417     8.8753     358.25     287.35     286.13     1.9653      4.0456     99.583     96.499     95.537     759.89    1799.09
  2006.417     8.9707     359.64     287.32     286.16     1.8191      4.5176     99.829     96.921     95.311     762.74    1800.79
  2007.417     9.1694     360.44     287.31     286.17     1.8532      5.7474    100.491     97.246     94.744     766.27    1803.45
  2008.417     9.3795     362.12     287.30     286.27     1.8979      5.2493     99.453     96.705     94.203     769.23    1805.93
  2009.417     9.5896     363.86     287.28     286.14     2.0530      4.6506     99.453     97.477     94.802     770.62    1808.63
  2010.417     9.7996     365.83     287.37     286.28     2.2886      4.2156     99.634     97.581     95.418     773.00    1810.93
  2011.417    10.0805     367.96     287.41     286.26     2.3205      3.2531    100.353     98.192     97.099     775.02    1811.83
  2012.417    10.3678     369.96     287.40     286.33     2.0651      3.9260    102.353     99.762     98.427     777.19    1813.02
  2013.417    10.6550     371.06     287.37     286.21     2.1811      6.0182    104.091    100.414     98.073     781.49    1815.42
  2014.417    10.9423     372.09     287.35     286.13     2.1992      6.9522    103.523     99.551     96.571     785.48    1818.59
  2015.417    11.2296     373.77     287.47     286.32     2.2592      6.0523    102.979     99.563     96.926     788.78    1821.23
  2016.417    11.5169     376.21     287.60     286.56     2.2685      5.0723    103.069    100.066     97.997     791.77    1823.26
  2017.417    11.8042     379.01     287.68     286.61     2.6336      3.9841    102.578    100.096     98.594     794.82    1824.74
  2018.417    12.0914     381.86     287.60     286.54     2.2878      4.0225    104.599    102.597    100.577     795.48    1826.42
  2019.417    12.3787     383.55     287.67     286.67     2.5825      5.9802    106.552    103.521    100.572     799.22    1829.80
  2020.417    12.6660     385.43     287.85     286.70     2.5562      6.7109    104.819    100.890     98.108     803.43    1832.54
  2021.417    12.9219     387.51     287.67     286.57     2.2797      6.4816    106.783    103.191    100.301     806.55    1835.16
  2022.417    13.1750     389.05     287.69     286.67     2.9328      7.1387    106.839    103.279     99.700     810.52    1839.14
  2023.417    13.4281     392.21     287.90     286.96     2.9208      5.1983    103.361    100.834     98.163     813.92    1841.68
  2024.417    13.6811     395.76     287.66     286.67     2.2376      3.6430    106.844    105.597    103.201     812.80    1843.84
  2025.417    13.9342     398.14     287.57     286.62     2.4722      6.0273    109.422    106.800    103.394     817.12    1847.34
  2026.417    14.1873     400.18     287.74     286.59     3.1553      7.7265    106.739    103.218     99.012     820.40    1851.81
  2027.417    14.4404     403.42     287.86     286.93     3.1114      5.4251    106.758    104.305    101.333     823.03    1854.76
  2028.417    14.6934     406.90     288.04     287.13     3.0984      3.9118    108.738    106.684    104.826     824.21    1856.14
  2029.417    14.9465     409.47     288.00     286.98     2.9175      6.3227    110.881    107.759    104.558     827.79    1859.63
  2030.417    15.1996     411.70     287.93     286.86     3.0051      7.7705    108.652    104.784    100.882     832.28    1863.87
  2031.417    15.5179     414.73     288.07     287.08     3.1801      6.5675    110.151    106.999    103.584     834.53    1866.79
  2032.417    15.8421     417.90     288.06     287.05     2.8171      6.5730    112.222    108.839    105.649     838.31    1869.99
  2033.417    16.1663     420.22     287.86     286.66     3.0185      8.6111    112.085    107.545    103.474     842.57    1874.54
  2034.417    16.4906     422.55     287.94     286.79     2.8848      9.1186    113.055    108.025    103.936     848.16    1878.33
  2035.417    16.8148     425.06     287.95     286.91     3.1108      8.1607    114.121    109.646    105.960     852.57    1881.92
  2036.417    17.1390     427.93     288.05     287.18     3.3176      8.0107    114.408    110.697    106.397     855.98    1886.27
  2037.417    17.4633     431.19     288.14     287.24     3.4185      8.5244    113.461    109.605    104.936     859.94    1891.25
  2038.417    17.7875     434.96     288.25     287.47     3.4049      7.3166    113.510    109.737    106.193     864.04    1894.50
  2039.417    18.1117     438.86     288.20     287.43     3.4676      6.0572    113.727    110.482    107.670     866.76    1897.46
  2040.417    18.4360     442.62     288.40     287.64     3.7619      6.1140    115.673    112.252    109.559     870.26    1899.97
  2041.417    18.8076     446.71     288.26     287.29     3.3465      7.4068    116.164    112.314    108.757     874.42    1903.33
  2042.417    19.1835     449.55     288.22     287.28     3.4482      9.1210    117.050    113.386    107.929     877.85    1909.02
  2043.417    19.5594     452.70     288.31     287.48     3.6496      9.4481    118.531    114.474    109.083     881.41    1914.74
  2044.417    19.9354     456.72     288.36     287.52     3.5786      9.1786    116.928    112.307    107.749     887.54    1918.91
  2045.417    20.3113     460.54     288.51     287.76     3.8326      8.2349    117.270    113.777    109.035     889.84    1923.87
  2046.417    20.6872     465.57     288.48     287.43     3.7181      7.7036    118.437    115.067    110.733     892.92    1928.22
  2047.417    21.0631     469.39     288.43     287.59     3.7974      8.6111    119.435    114.845    110.824     898.45    1932.15
  2048.417    21.4391     474.18     288.49     287.57     3.8136      8.5107    118.501    113.862    109.991     902.52    1936.11
  2049.417    21.8150     478.47     288.38     287.56     3.8290      8.3869    122.149    117.268    113.762     907.25    1939.36
  2050.417    22.1909     482.00     288.37     287.58     3.8674     10.3939    124.709    119.206    114.315     913.43    1944.18
  2051.417    22.5641     485.76     288.64     287.96     4.2232     10.9965    121.273    116.495    110.277     918.29    1950.76
  2052.417    22.9371     491.15     288.62     287.81     3.9464      8.8372    122.478    118.672    113.640     921.20    1955.87
  2053.417    23.3100     496.05     288.52     287.53     4.1468      8.7611    125.669    120.997    116.908     926.08    1959.69
  2054.417    23.6830     500.33     288.65     287.88     4.2417     10.6086    124.227    118.712    113.618     932.50    1964.64
  2055.417    24.0559     504.80     288.75     288.00     4.2912     11.1423    126.265    121.103    115.123     936.36    1970.83
  2056.417    24.4289     508.93     288.64     287.75     4.1885     11.5765    127.315    121.607    115.738     942.92    1977.02
  2057.417    24.8018     513.42     288.74     287.98     4.2262     11.3269    127.812    121.762    116.485     948.95    1982.00
  2058.417    25.1748     518.68     288.81     288.03     4.1619     10.4168    127.793    122.621    117.376     954.33    1986.96
  2059.417    25.5477     523.77     288.92     288.25     4.6057     10.2450    127.925    124.159    117.680     958.11    1993.67
  2060.417    25.9207     529.75     289.02     288.12     4.5777      8.9743    127.076    124.614    118.102     960.15    2000.47
  2061.417    26.1903     535.66     288.95     288.12     4.4532      8.9503    130.381    127.298    121.431     962.32    2006.22
  2062.417    26.4505     540.94     289.06     288.37     4.7568     10.6000    132.836    127.281    122.236     968.63    2011.21
  2063.417    26.7108     546.37     289.09     288.34     4.5841     10.9524    131.814    125.134    120.862     976.22    2015.42
  2064.417    26.9710     551.89     289.07     288.27     4.4830     10.9423    132.307    126.521    121.365     981.07    2020.59
  2065.417    27.2312     557.50     289.06     288.37     4.6370     10.9260    132.737    127.612    121.811     986.78    2026.18
  2066.417    27.4914     563.28     289.15     288.55     4.8782     10.4687    133.711    129.326    123.242     991.15    2032.47
  2067.417    27.7516     569.30     289.31     288.55     4.7460      9.7616    133.495    130.325    123.734     994.26    2038.97
  2068.417    28.0119     575.87     289.34     288.73     4.6876     10.0049    133.507    130.785    123.502     996.32    2046.42
  2069.417    28.2721     582.35     289.12     288.28     4.7038     10.9630    136.275    132.362    125.312    1000.28    2053.78
  2070.417    28.5323     587.57     289.28     288.62     4.7539     11.6009    138.802    133.392    127.201    1005.96    2059.48
  2071.417    28.6996     593.29     289.30     288.64     4.7332     12.1161    139.191    133.293    127.075    1012.07    2065.71
  2072.417    28.8584     598.52     289.34     288.67     4.9672     12.2396    141.532    135.636    129.292    1017.88    2072.33
  2073.417    29.0172     604.70     289.48     288.74     4.9392     12.1566    139.421    133.822    127.264    1023.81    2078.70
  2074.417    29.1760     610.79     289.51     288.93     4.6626     11.8242    143.238    138.119    131.414    1028.25    2085.53
  2075.417    29.3348     616.33     289.57     289.01     4.9844     11.9982    142.239    136.985    130.241    1033.92    2092.22
  2076.417    29.4937     623.01     289.69     289.19     5.1309     11.3418    140.138    135.241    128.796    1039.46    2098.48
  2077.417    29.6525     630.54     289.65     289.12     4.8083     10.5146    140.449    136.571    129.934    1042.03    2105.59
  2078.417    29.8113     637.39     289.74     289.14     5.1472     10.5894    141.771    137.474    131.182    1047.01    2111.69
  2079.417    29.9701     643.88     289.70     289.13     5.0999     10.6480    144.412    138.950    133.764    1051.89    2116.82
  2080.417    30.1289     650.66     289.77     289.15     4.9921     11.5300    143.687    137.519    132.157    1059.23    2121.96
  2081.417    30.2360     656.85     289.79     289.13     5.0243     12.1757    146.102    140.197    133.926    1063.91    2128.46
  2082.417    30.3384     662.35     289.94     289.32     5.0216     12.0241    146.365    141.265    134.341    1070.60    2135.23
  2083.417    30.4408     669.17     289.98     289.51     5.0817     11.1584    145.743    142.231    134.584    1073.05    2142.97
  2084.417    30.5432     677.05     289.98     289.55     4.9147      9.3527    144.187    143.015    134.834    1075.54    2151.13
  2085.417    30.6456     684.57     289.84     289.27     4.9821      8.8624    149.704    149.491    140.841    1072.61    2159.94
  2086.417    30.7480     691.65     290.00     289.50     5.1370     11.2644    146.392    143.619    135.128    1077.24    2168.72
  2087.417    30.8504     699.01     290.05     289.50     5.2012     11.4104    152.003    146.068    140.592    1082.67    2173.98
  2088.417    30.9528     705.89     290.20     289.82     5.3654     11.0122    148.431    141.619    137.419    1090.63    2177.85
  2089.417    31.0552     713.68     290.21     289.65     5.3393     11.2258    147.571    141.477    136.345    1096.10    2183.40
  2090.417    31.1576     721.52     290.18     289.74     4.8209      9.8803    149.354    144.414    139.474    1101.38    2188.03
  2091.417    31.2067     728.57     290.16     289.74     5.0613     10.3077    149.800    145.472    139.493    1105.23    2193.87
  2092.417    31.2511     735.17     290.19     289.73     5.0780     11.5709    152.008    147.241    140.438    1109.61    2201.00
  2093.417    31.2954     741.90     290.26     289.97     4.9471     11.9177    149.687    144.255    137.770    1116.43    2207.33
  2094.417    31.3397     750.05     290.21     289.80     4.9465     11.3257    149.042    144.192    137.716    1119.73    2214.13
  2095.417    31.3840     756.99     290.14     289.55     4.8425     11.7039    154.738    148.560    143.034    1125.92    2219.50
  2096.417    31.4284     763.18     290.22     289.82     5.0658     12.9036    152.785    145.077    139.881    1135.65    2224.49
  2097.417    31.4727     771.03     290.40     290.01     4.8844     11.7473    151.918    145.684    140.171    1139.93    2230.02
  2098.417    31.5170     778.24     290.38     290.08     4.8575     10.9585    153.498    147.871    142.539    1146.63    2235.71
  2099.417    31.5613     785.66     290.41     290.07     4.9290     10.7135    153.892    148.832    143.179    1151.91    2240.68
  2100.417    31.6057     793.44     290.43     289.86     4.9961      9.8385    152.521    148.626    142.682    1154.19    2247.98
