     time     emission      CO2       tas    tas_land     fgco2      fnep      fnpp      fveglitter       frh     cveg        csoil
  1860.417  -999.0000     286.20     286.66     286.07    -0.1001     -0.5227     75.297     76.094     75.820     754.45    1306.12
  1861.417  -999.0000     286.80     286.77     286.30    -0.1450     -0.3543     76.563     76.462     76.918     754.27    1305.73
  1862.417  -999.0000     287.00     286.73     286.13    -0.2815      0.5961     77.255     77.060     76.659     754.66    1306.12
  1863.417  -999.0000     287.60     286.80     286.23    -0.1544      0.3056     78.362     78.404     78.056     754.34    1306.25
  1864.417  -999.0000     287.90     286.85     286.17    -0.2507      0.1622     77.540     76.979     77.378     754.71    1306.40
  1865.417  -999.0000     289.10     287.05     286.43    -0.0630     -3.2692     74.195     74.340     77.464     755.09    1304.24
  1866.417  -999.0000     289.50     287.08     286.52     0.2334      0.4333     78.374     77.014     77.940     755.75    1302.30
  1867.417  -999.0000     289.40     286.97     286.32     0.2099      0.8794     77.471     77.419     76.592     756.15    1302.28
  1868.417  -999.0000     290.00     286.91     286.13     0.1280     -1.0699     76.127     76.518     77.197     755.50    1302.29
  1869.417  -999.0000     290.40     287.07     286.55     0.0973     -1.0355     76.470     76.243     77.506     755.68    1301.59
  1870.417  -999.0000     290.80     287.08     286.61     0.2388     -0.1193     77.400     76.407     77.519     756.13    1300.26
  1871.417  -999.0000     291.30     287.12     286.57     0.1558     -0.9071     76.821     76.678     77.728     756.42    1298.96
  1872.417  -999.0000     291.40     287.07     286.59     0.2432      0.6584     77.362     77.378     76.704     756.45    1299.03
  1873.417  -999.0000     291.80     287.12     286.64     0.2145     -0.2168     77.699     77.453     77.916     756.37    1299.01
  1874.417  -999.0000     291.40     286.92     286.40     0.0379      3.0270     80.374     79.471     77.347     756.84    1299.96
  1875.417  -999.0000     290.60     286.91     286.30     0.2924      2.8159     80.835     80.238     78.019     757.40    1302.19
  1876.417  -999.0000     289.90     286.99     286.32     0.0987      1.9009     80.199     79.583     78.298     757.97    1303.69
  1877.417  -999.0000     290.00     287.04     286.52     0.1369     -0.6184     77.442     77.758     78.060     757.97    1304.45
  1878.417  -999.0000     291.20     287.03     286.73     0.1751     -1.6684     77.075     77.204     78.743     757.35    1302.87
  1879.417  -999.0000     291.60     286.89     286.38     0.2079      0.1741     78.034     78.534     77.860     756.60    1302.71
  1880.417  -999.0000     292.00     286.83     286.14     0.3547     -0.8288     74.963     76.415     75.792     755.14    1303.70
  1881.417  -999.0000     292.40     286.76     286.17     0.1281      0.7243     77.128     77.172     76.403     754.48    1304.28
  1882.417  -999.0000     292.50     286.75     286.21     0.2728      1.0852     77.769     77.729     76.683     754.42    1305.22
  1883.417  -999.0000     292.40     286.66     286.01     0.3176      1.4956     78.545     78.678     77.050     754.10    1306.68
  1884.417  -999.0000     292.20     286.36     285.57     0.4414      2.3061     78.530     79.007     76.223     753.66    1308.79
  1885.417  -999.0000     292.10     286.40     285.54     0.4671      0.8046     77.534     78.074     76.730     752.79    1310.98
  1886.417  -999.0000     291.90     286.50     285.70     0.4568      0.7400     77.050     77.029     76.310     752.63    1312.19
  1887.417  -999.0000     292.50     286.60     285.95     0.2826     -1.1763     76.097     76.803     77.274     751.99    1312.47
  1888.417  -999.0000     293.50     286.78     286.24     0.3581     -0.4600     78.271     77.820     78.731     751.71    1310.81
  1889.417  -999.0000     293.50     286.61     285.83     0.4486      0.9422     77.628     77.744     76.686     751.77    1311.27
  1890.417  -999.0000     294.20     286.72     286.05     0.4614     -2.2910     74.586     75.648     76.877     751.00    1311.15
  1891.417  -999.0000     295.10     286.70     286.08     0.5339     -1.0807     76.356     77.008     77.437     749.72    1310.08
  1892.417  -999.0000     295.50     286.70     286.00     0.4939      0.0937     77.311     77.866     77.217     749.02    1310.53
  1893.417  -999.0000     296.10     286.80     286.13     0.4144     -2.4455     74.989     75.945     77.435     748.35    1310.61
  1894.417  -999.0000     297.00     286.80     286.05     0.6658      0.0482     77.198     77.193     77.150     747.41    1309.09
  1895.417  -999.0000     297.00     286.83     286.25     0.3415      1.1410     80.047     79.374     78.906     747.72    1309.40
  1896.417  -999.0000     296.70     286.70     286.07     0.3526      2.1945     81.231     80.559     79.037     748.14    1310.84
  1897.417  -999.0000     296.40     286.77     286.19     0.2523      2.3034     81.113     80.407     78.810     749.01    1312.48
  1898.417  -999.0000     296.70     286.82     286.14     0.3889     -0.0465     77.998     78.475     78.044     748.80    1313.23
  1899.417  -999.0000     296.70     286.77     286.09     0.3153      1.9422     81.326     80.748     79.384     748.79    1313.53
  1900.417  -999.0000     296.30     286.76     286.04     0.2503      1.1958     80.152     80.272     78.956     748.86    1315.44
  1901.417  -999.0000     296.80     286.76     286.05     0.1553     -0.0190     80.353     80.570     80.372     748.38    1316.38
  1902.417  -999.0000     297.70     286.76     285.90     0.4311     -0.4376     78.698     79.482     79.136     747.51    1315.93
  1903.417  -999.0000     298.10     286.53     285.66     0.5893      0.6890     77.996     78.650     77.307     746.83    1317.05
  1904.417  -999.0000     298.50     286.42     285.68     0.5208      0.6989     78.713     79.287     78.014     745.99    1318.32
  1905.417  -999.0000     298.90     286.34     285.41     0.3347      1.7497     81.353     81.428     79.604     745.34    1319.75
  1906.417  -999.0000     299.10     286.49     285.73     0.3690      1.1530     81.160     81.022     80.007     745.31    1321.30
  1907.417  -999.0000     299.40     286.59     285.83     0.3470      1.0366     81.321     81.187     80.284     745.35    1322.19
  1908.417  -999.0000     300.20     286.58     285.64     0.5203     -0.2487     79.206     80.234     79.455     744.29    1323.38
  1909.417  -999.0000     301.80     286.87     286.12     0.4256     -4.0691     75.692     77.337     79.761     742.82    1322.68
  1910.417  -999.0000     303.60     286.96     286.32     0.7008     -2.0504     78.400     78.727     80.451     741.71    1320.18
  1911.417  -999.0000     304.10     286.93     286.15     0.8021     -0.3929     78.859     79.532     79.252     741.26    1319.72
  1912.417  -999.0000     305.10     287.02     286.23     0.9576     -1.6389     77.831     78.746     79.470     739.95    1319.06
  1913.417  -999.0000     305.60     286.88     285.96     0.8719      0.1467     80.029     80.741     79.883     738.94    1319.43
  1914.417  -999.0000     306.30     286.80     286.00     0.6920     -0.4517     78.750     79.574     79.202     737.84    1319.85
  1915.417  -999.0000     306.90     286.81     286.08     0.8392     -0.5594     78.740     79.626     79.299     736.81    1320.17
  1916.417  -999.0000     307.50     286.79     286.13     0.7694     -0.2638     79.644     80.261     79.908     735.88    1320.53
  1917.417  -999.0000     307.40     286.65     285.94     0.7633      3.6607     83.275     82.145     79.615     736.10    1321.99
  1918.417  -999.0000     307.00     286.67     285.94     0.5746      1.8694     82.569     82.624     80.700     736.58    1324.83
  1919.417  -999.0000     307.20     286.83     286.32     0.5157      2.3177     84.106     83.994     81.789     736.14    1326.61
  1920.417  -999.0000     307.40     286.81     286.12     0.6175      2.0106     84.650     84.389     82.640     735.99    1328.17
  1921.417  -999.0000     307.40     286.96     286.38     0.5891     -0.2600     83.117     82.783     83.377     736.21    1328.82
  1922.417  -999.0000     308.80     287.14     286.71     0.8592     -2.6810     80.765     81.376     83.446     735.66    1327.21
  1923.417  -999.0000     309.60     287.09     286.51     0.7588     -0.2857     81.813     81.758     82.099     735.34    1326.00
  1924.417  -999.0000     311.10     287.28     286.73     0.9318     -4.2769     77.615     79.495     81.892     734.04    1324.96
  1925.417  -999.0000     312.40     287.24     286.72     1.0475     -0.7724     82.393     82.321     83.165     732.96    1322.61
  1926.417  -999.0000     311.90     286.99     286.27     0.9906      5.0666     83.625     84.105     78.559     732.09    1324.90
  1927.417  -999.0000     310.50     286.84     286.24     0.5504      3.7784     86.784     85.764     83.005     732.65    1330.69
  1928.417  -999.0000     310.10     286.83     286.16     0.6894      3.7926     87.641     86.978     83.849     732.66    1333.85
  1929.417  -999.0000     310.10     286.85     286.09     0.4634      0.8782     84.326     84.815     83.448     732.85    1335.90
  1930.417  -999.0000     311.20     286.95     286.25     0.5194     -1.2053     82.973     83.941     84.179     731.31    1336.32
  1931.417  -999.0000     312.00     286.70     285.93     0.4944      0.5290     83.584     84.184     83.055     730.47    1337.50
  1932.417  -999.0000     311.90     286.71     286.09     0.6394      4.3166     88.992     87.935     84.675     730.23    1339.15
  1933.417  -999.0000     311.10     286.67     285.84     0.4434      3.6858     88.440     88.560     84.754     730.50    1343.43
  1934.417  -999.0000     312.10     286.89     286.16     0.6089     -2.0709     81.458     83.070     83.529     729.30    1344.41
  1935.417  -999.0000     313.10     286.92     286.26     0.8291     -0.0087     84.949     84.646     84.958     728.26    1343.17
  1936.417  -999.0000     313.60     286.82     285.96     0.6606      0.7815     85.488     85.964     84.706     727.41    1344.43
  1937.417  -999.0000     314.60     286.99     286.27     0.6381     -0.1085     84.989     85.471     85.097     726.70    1345.23
  1938.417  -999.0000     315.90     287.11     286.40     0.9077     -2.0330     82.930     83.856     84.963     725.46    1344.48
  1939.417  -999.0000     316.30     287.08     286.25     1.1087      1.0985     85.937     85.557     84.839     724.85    1344.25
  1940.417  -999.0000     316.90     287.14     286.53     0.7705     -0.5875     84.102     84.965     84.690     723.61    1345.12
  1941.417  -999.0000     317.70     287.07     286.56     0.8180      0.1449     84.537     85.173     84.392     722.68    1345.32
  1942.417  -999.0000     317.60     286.87     286.17     0.8052      2.8232     87.437     87.244     84.614     721.88    1347.27
  1943.417  -999.0000     317.20     286.83     286.14     0.8553      3.7194     88.780     88.737     85.061     721.66    1350.34
  1944.417  -999.0000     317.50     286.78     285.95     0.8161      0.1113     83.949     85.710     83.838     720.42    1353.27
  1945.417  -999.0000     318.70     286.97     286.34     0.9533     -1.6206     81.937     83.519     83.558     718.24    1354.21
  1946.417  -999.0000     320.60     287.01     286.40     1.1425     -3.3344     80.419     81.831     83.753     716.03    1352.70
  1947.417  -999.0000     320.80     286.82     286.08     1.2315      3.7468     88.530     88.087     84.784     715.26    1353.45
  1948.417  -999.0000     320.60     286.82     286.17     0.9803      1.8675     88.423     88.537     86.556     715.13    1356.08
  1949.417  -999.0000     321.40     286.77     286.09     0.8593     -0.7700     85.049     86.616     85.819     713.56    1357.77
  1950.417  -999.0000     322.20     286.69     286.04     1.0282      1.4235     87.128     87.145     85.704     712.28    1358.79
  1951.417  -999.0000     322.80     286.78     285.96     1.2251      0.4661     85.300     86.379     84.834     710.94    1360.41
  1952.417  -999.0000     323.80     286.86     286.21     1.1753      0.5716     86.149     86.515     85.577     709.67    1361.45
  1953.417  -999.0000     324.40     286.77     285.93     1.2201      2.0635     88.565     88.735     86.501     708.14    1362.98
  1954.417  -999.0000     324.90     286.72     285.90     1.1296      0.8640     86.755     87.603     85.891     706.81    1365.36
  1955.417  -999.0000     325.80     286.81     286.09     1.1261      0.3581     86.417     87.481     86.058     704.44    1366.76
  1956.417  -999.0000     327.00     286.80     286.16     1.1452      0.6873     87.195     87.828     86.508     702.68    1367.88
  1957.417  -999.0000     328.20     286.91     286.14     1.1405      0.1527     87.664     88.110     87.511     700.67    1369.02
  1958.417  -999.0000     329.40     286.97     286.35     1.2101     -0.3150     87.210     87.913     87.525     698.92    1369.48
  1959.417  -999.0000     330.50     286.87     286.18     1.5555      1.2769     88.220     88.864     86.943     696.82    1370.47
  1960.417  -999.0000     332.00     286.85     286.08     1.5246     -0.4019     87.234     87.991     87.636     694.62    1371.43
  1961.417  -999.0000     333.50     286.83     285.99     1.6819     -1.4397     85.032     86.666     86.472     692.66    1373.59
  1962.417  -999.0000     335.30     286.72     285.68     1.8932     -0.7189     85.776     87.440     86.495     690.19    1372.94
  1963.417  -999.0000     336.20     286.73     285.88     1.7599      1.6216     87.122     87.819     85.500     688.99    1374.50
  1964.417  -999.0000     336.40     286.62     285.83     1.5305      4.3621     92.199     92.015     87.837     688.10    1377.66
  1965.417  -999.0000     336.90     286.50     285.60     1.4654      3.2579     92.461     92.434     89.203     687.49    1381.48
  1966.417  -999.0000     337.70     286.53     285.70     1.4655      1.0109     89.318     89.883     88.307     687.16    1385.28
  1967.417  -999.0000     339.60     286.70     285.93     1.7667     -0.0407     87.662     88.026     87.703     686.02    1385.45
  1968.417  -999.0000     341.90     286.75     285.84     1.8174     -1.5598     86.100     88.382     87.659     683.85    1386.09
  1969.417  -999.0000     343.70     286.80     286.00     2.0943     -0.9669     89.263     89.868     90.230     681.79    1385.38
  1970.417  -999.0000     344.40     286.68     285.84     2.0511      3.3035     92.241     91.808     88.938     681.48    1387.44
  1971.417  -999.0000     345.60     286.84     286.01     1.9787      1.6026     91.385     91.028     89.782     681.42    1389.14
  1972.417  -999.0000     347.60     286.82     286.04     1.9734     -0.8084     88.379     89.364     89.188     680.43    1389.80
  1973.417  -999.0000     350.00     286.89     286.18     1.9571     -0.6272     89.434     89.915     90.061     679.47    1390.04
  1974.417  -999.0000     351.80     286.83     286.14     1.9379      0.6922     91.153     91.473     90.460     678.35    1390.12
  1975.417  -999.0000     352.70     286.71     285.98     2.0817      3.1585     92.102     91.854     88.944     677.87    1392.02
  1976.417  -999.0000     353.90     286.74     286.07     1.9327      2.7039     92.547     92.384     89.844     677.65    1394.75
  1977.417  -999.0000     354.70     286.68     285.97     1.8676      4.4216     95.210     94.750     90.788     677.58    1398.23
  1978.417  -999.0000     355.70     286.68     285.98     1.9078      4.2696     95.714     95.147     91.445     677.37    1402.52
  1979.417  -999.0000     356.80     286.76     285.99     1.8917      4.1848     97.903     96.958     93.718     677.75    1405.75
  1980.417  -999.0000     358.70     286.97     286.30     1.8623      1.9590     94.975     94.678     93.016     677.70    1408.06
  1981.417  -999.0000     360.90     287.03     286.28     1.9820      0.3999     94.335     94.372     93.935     677.44    1408.94
  1982.417  -999.0000     362.30     287.00     286.23     2.0814      2.4209     96.537     96.277     94.116     676.58    1410.21
  1983.417  -999.0000     363.60     286.94     286.00     2.2215      2.9679     96.134     96.095     93.166     676.37    1412.92
  1984.417  -999.0000     365.80     287.19     286.34     2.1914      0.0586     93.414     93.620     93.355     675.41    1414.18
  1985.417  -999.0000     367.70     287.28     286.68     1.9928      1.1540     97.274     96.994     96.120     675.09    1414.91
  1986.417  -999.0000     369.70     287.22     286.56     2.2593      0.9918     94.087     94.450     93.095     674.28    1415.88
  1987.417  -999.0000     372.50     287.33     286.81     2.2401      0.4205     93.857     94.269     93.436     673.00    1416.57
  1988.417  -999.0000     374.50     287.32     286.79     2.4045      2.1829     97.826     97.307     95.643     672.24    1417.56
  1989.417  -999.0000     375.30     287.10     286.32     2.2499      5.3190    101.615    101.165     96.296     672.04    1422.09
  1990.417  -999.0000     376.50     287.35     286.84     2.1363      3.2289     98.908     98.128     95.680     672.10    1425.45
  1991.417  -999.0000     379.40     287.47     287.00     2.3528     -0.6372     93.984     94.707     94.621     671.89    1426.28
  1992.417  -999.0000     381.30     287.25     286.71     2.6888      1.1436     95.522     95.826     94.378     670.82    1426.52
  1993.417  -999.0000     382.40     287.10     286.44     2.6398      5.4091    100.269     99.402     94.860     670.84    1430.10
  1994.417  -999.0000     383.60     287.12     286.49     2.6162      4.1753    100.991    100.404     96.816     670.97    1434.00
  1995.417  -999.0000     384.10     287.25     286.57     2.4365      6.0333    103.693    102.437     97.660     671.93    1438.64
  1996.417  -999.0000     385.50     287.42     286.89     2.1852      3.4473    100.989    100.620     97.541     672.68    1442.51
  1997.417  -999.0000     388.10     287.44     287.02     2.5845      0.3633    100.168     99.771     99.805     672.31    1443.44
  1998.417  -999.0000     389.50     287.32     287.01     2.7977      4.2156    102.128    101.518     97.912     672.73    1445.36
  1999.417  -999.0000     391.30     287.30     286.79     2.5546      2.5682    100.040    100.022     97.472     672.47    1448.56
  2000.417  -999.0000     392.80     287.36     287.02     2.5668      4.1453    103.471    102.086     99.326     672.95    1450.40
  2001.417  -999.0000     393.70     287.35     286.85     2.3455      5.2671    104.967    103.960     99.700     674.24    1455.03
  2002.417  -999.0000     395.30     287.37     286.91     2.4707      3.9700    103.226    102.716     99.256     674.96    1458.47
  2003.417  -999.0000     397.70     287.47     287.04     2.5486      0.9587    100.646    100.625     99.687     674.59    1460.57
  2004.417  -999.0000     400.20     287.54     287.16     2.7324      1.3621    102.665    102.500    101.303     674.85    1461.65
  2005.417  -999.0000     403.30     287.69     287.29     2.6875      0.2354     99.781     99.599     99.545     675.02    1461.94
  2006.417  -999.0000     405.90     287.69     287.22     2.6918      1.4947    101.532    101.072    100.037     674.91    1462.53
  2007.417  -999.0000     408.10     287.57     287.16     2.6740      3.7106    103.719    103.385    100.009     675.42    1465.43
  2008.417  -999.0000     409.60     287.45     287.00     2.6712      6.8867    108.213    107.307    101.327     675.67    1469.56
  2009.417  -999.0000     411.20     287.50     287.02     2.5507      5.3114    107.026    106.018    101.714     676.85    1475.10
  2010.417  -999.0000     413.40     287.52     287.10     2.6093      4.9922    108.002    107.244    103.010     677.45    1479.12
  2011.417  -999.0000     416.00     287.71     287.15     2.7664      3.0844    106.019    105.532    102.934     677.99    1482.13
  2012.417  -999.0000     419.40     287.87     287.33     2.8156      0.1607    103.945    103.640    103.784     678.13    1483.54
  2013.417  -999.0000     422.40     287.91     287.58     2.9086      2.6621    105.799    104.888    103.136     679.08    1484.33
  2014.417  -999.0000     425.70     287.86     287.49     2.8677      1.8032    105.278    105.207    103.475     679.02    1486.08
  2015.417  -999.0000     428.40     287.95     287.59     3.0542      3.8041    108.563    107.254    104.759     679.96    1488.22
  2016.417  -999.0000     430.80     287.80     287.40     3.0024      5.5699    110.352    109.176    104.782     680.89    1491.65
  2017.417  -999.0000     433.30     287.76     287.37     2.8055      5.0969    109.939    109.330    104.842     681.67    1496.04
  2018.417  -999.0000     436.50     287.98     287.67     2.9249      4.0230    108.115    107.426    104.092     682.40    1500.17
  2019.417  -999.0000     440.90     288.15     287.79     3.1563      0.2961    106.199    106.112    105.903     682.22    1501.31
  2020.417  -999.0000     445.30     288.29     288.07     3.3108      0.5191    104.758    104.748    104.239     682.43    1502.07
  2021.417  -999.0000     449.50     288.27     288.07     3.3079      2.2260    108.847    108.282    106.621     682.35    1502.72
  2022.417  -999.0000     453.50     288.17     288.04     3.4795      2.9798    109.845    109.404    106.865     682.50    1505.04
  2023.417  -999.0000     455.60     288.12     287.86     3.4530      8.3849    116.934    115.003    108.549     683.87    1509.64
  2024.417  -999.0000     458.30     288.16     287.86     3.4137      4.9761    112.641    111.654    107.665     685.43    1515.06
  2025.417  -999.0000     461.60     288.17     287.84     3.3606      4.7968    113.673    112.629    108.876     685.87    1519.17
  2026.417  -999.0000     465.50     288.38     288.23     3.4964      2.7892    112.348    111.672    109.559     686.57    1521.55
  2027.417  -999.0000     468.80     288.32     288.17     3.5983      5.8698    117.043    115.854    111.174     687.66    1524.57
  2028.417  -999.0000     472.90     288.33     288.12     3.7107      3.6785    115.172    114.370    111.494     688.25    1528.17
  2029.417  -999.0000     475.80     288.28     288.11     3.7015      6.5932    118.546    117.260    111.953     689.11    1532.10
  2030.417  -999.0000     478.60     288.33     288.15     3.4126      7.3020    119.175    118.045    111.873     690.56    1539.15
  2031.417  -999.0000     483.00     288.41     288.26     3.6360      4.6128    118.164    116.715    113.551     691.51    1543.24
  2032.417  -999.0000     487.10     288.51     288.48     3.6171      5.4928    121.400    119.458    115.907     693.01    1546.27
  2033.417  -999.0000     491.50     288.72     288.72     3.7060      2.3066    116.994    116.502    114.687     694.48    1548.56
  2034.417  -999.0000     495.90     288.64     288.61     3.9486      6.2557    121.906    120.696    115.650     694.95    1552.45
  2035.417  -999.0000     500.60     288.81     288.72     3.9654      2.6472    118.801    118.016    116.154     695.95    1556.16
  2036.417  -999.0000     505.00     288.70     288.70     3.9874      5.1587    120.794    119.184    115.635     697.00    1558.29
  2037.417  -999.0000     509.80     288.77     288.70     4.0903      3.5586    118.477    118.285    114.918     697.69    1561.79
  2038.417  -999.0000     515.10     288.82     288.83     4.1854      3.1046    118.731    117.860    115.626     697.97    1564.10
  2039.417  -999.0000     519.50     288.71     288.67     4.3059      6.7873    124.744    123.191    117.957     698.87    1567.86
  2040.417  -999.0000     523.20     288.66     288.46     4.1992      8.6375    125.519    124.477    116.881     700.25    1574.54
  2041.417  -999.0000     527.30     288.79     288.76     4.0137      7.9761    127.622    125.951    119.646     701.64    1581.80
  2042.417  -999.0000     533.10     288.96     289.04     4.3066      3.5031    124.312    123.139    120.809     702.74    1585.59
  2043.417  -999.0000     538.70     289.03     289.24     4.3653      4.0483    124.901    123.904    120.852     703.77    1588.73
  2044.417  -999.0000     544.40     289.11     289.11     4.3635      3.6119    124.883    124.075    121.271     704.74    1591.09
  2045.417  -999.0000     550.60     289.24     289.32     4.3824      2.5173    123.943    123.043    121.426     705.10    1593.06
  2046.417  -999.0000     556.90     289.18     289.31     4.3319      2.7846    122.967    122.326    120.183     705.95    1595.30
  2047.417  -999.0000     562.50     289.20     289.43     4.4429      6.5443    128.110    126.208    121.565     707.63    1598.88
  2048.417  -999.0000     567.30     289.20     289.42     4.5971      9.7044    134.161    131.829    124.457     709.25    1604.38
  2049.417  -999.0000     572.60     289.10     289.22     4.4716      8.0682    132.887    131.650    124.819     710.59    1611.74
  2050.417  -999.0000     577.30     289.20     289.40     4.4301      8.0436    132.784    130.625    124.740     712.36    1618.41
  2051.417  -999.0000     583.80     289.17     289.32     4.7690      7.5208    137.175    135.173    129.654     714.71    1624.31
  2052.417  -999.0000     590.60     289.36     289.64     4.7450      3.7965    131.598    130.651    127.802     715.83    1628.86
  2053.417  -999.0000     597.20     289.36     289.53     4.7645      5.7017    132.152    131.077    126.450     716.69    1632.75
  2054.417  -999.0000     604.30     289.55     289.78     4.8606      3.9563    132.100    130.847    128.144     717.90    1636.30
  2055.417  -999.0000     611.40     289.67     290.13     4.8626      5.7050    135.067    133.441    129.362     719.55    1639.90
  2056.417  -999.0000     618.20     289.69     290.13     4.9914      5.3232    136.629    134.661    131.306     721.02    1642.82
  2057.417  -999.0000     625.30     289.63     290.13     4.7393      5.6473    138.355    136.459    132.707     722.94    1646.57
  2058.417  -999.0000     631.90     289.78     290.36     4.8455      6.6221    137.874    136.364    131.252     724.35    1650.76
  2059.417  -999.0000     638.00     289.81     290.40     4.9614      8.3320    142.500    140.245    134.168     726.58    1656.97
  2060.417  -999.0000     645.40     289.80     290.28     4.9485      7.2453    140.515    138.755    133.269     728.20    1662.87
  2061.417  -999.0000     652.50     289.87     290.44     5.0446      8.6399    144.225    142.139    135.585     730.00    1668.16
  2062.417  -999.0000     659.90     289.91     290.59     5.1430      6.1695    144.325    142.575    138.156     731.68    1672.98
  2063.417  -999.0000     667.20     289.92     290.54     5.2098      7.3436    145.271    143.297    137.927     733.96    1678.52
  2064.417  -999.0000     674.20     289.94     290.49     5.2293      7.9723    148.397    145.955    140.425     735.90    1683.51
  2065.417  -999.0000     681.30     290.05     290.68     5.0444      8.2777    148.257    145.825    139.979     738.58    1689.94
  2066.417  -999.0000     689.60     290.22     290.92     5.1691      2.1556    142.050    141.491    139.894     739.68    1692.85
  2067.417  -999.0000     697.30     290.20     290.89     5.2950      7.8902    146.506    144.414    138.616     741.04    1698.36
  2068.417  -999.0000     706.20     290.21     290.81     5.3288      7.8260    150.625    148.454    142.799     743.13    1703.71
  2069.417  -999.0000     714.70     290.45     291.14     5.1628      3.3370    145.796    144.057    142.459     745.15    1707.07
  2070.417  -999.0000     722.50     290.47     291.12     5.3267      7.7185    150.379    148.385    142.660     747.12    1710.91
  2071.417  -999.0000     731.50     290.58     291.35     5.2275      3.5141    145.607    144.758    142.093     748.40    1715.65
  2072.417  -999.0000     740.70     290.53     291.30     5.5710      4.7871    147.455    146.070    142.668     749.20    1717.41
  2073.417  -999.0000     748.60     290.64     291.49     5.2805      6.2499    150.433    148.587    144.184     750.78    1721.48
  2074.417  -999.0000     758.10     290.85     291.82     5.2650      2.2111    142.336    141.818    140.125     752.26    1725.73
  2075.417  -999.0000     768.50     290.84     291.85     5.6713      0.1861    143.348    143.076    143.162     752.16    1725.66
  2076.417  -999.0000     777.20     290.78     291.64     5.5770      6.1590    149.808    148.345    143.649     752.92    1728.03
  2077.417  -999.0000     784.80     290.73     291.54     5.7280     10.7922    157.187    154.473    146.395     755.17    1734.54
  2078.417  -999.0000     792.00     290.70     291.51     5.5714     10.1359    156.206    154.069    146.070     757.74    1743.15
  2079.417  -999.0000     801.20     290.82     291.50     5.5435      4.7785    151.275    150.277    146.496     758.75    1747.95
  2080.417  -999.0000     810.10     291.00     291.86     5.3229      6.8303    156.087    154.218    149.256     760.14    1752.36
  2081.417  -999.0000     818.90     290.99     292.02     5.6279      5.9319    159.654    157.970    153.722     761.79    1756.98
  2082.417  -999.0000     826.80     291.02     291.88     5.4757      9.6231    159.926    157.695    150.303     763.73    1763.17
  2083.417  -999.0000     836.10     291.22     292.08     5.5004      3.6126    155.623    154.247    152.010     765.41    1767.60
  2084.417  -999.0000     845.90     291.18     292.02     5.6927      5.4521    157.909    156.340    152.457     766.91    1769.97
  2085.417  -999.0000     854.70     291.31     292.39     5.3997      6.0576    158.498    157.037    152.441     768.51    1774.88
  2086.417  -999.0000     862.80     291.11     291.97     5.2148      9.6217    163.188    161.228    153.567     769.99    1781.17
  2087.417  -999.0000     872.10     291.28     292.26     5.1726      5.3147    158.449    156.813    153.134     771.78    1787.05
  2088.417  -999.0000     882.10     291.47     292.55     5.1982      3.0457    158.747    157.299    155.702     772.83    1788.49
  2089.417  -999.0000     892.00     291.61     292.80     5.1904      2.9748    157.026    156.165    154.052     774.24    1791.50
  2090.417  -999.0000     901.80     291.62     292.76     5.5698      5.1620    162.470    161.104    157.308     775.13    1794.15
  2091.417  -999.0000     913.60     291.79     292.98     5.5863      1.6044    158.650    158.005    157.046     776.16    1796.44
  2092.417  -999.0000     922.90     291.72     292.77     5.6212      4.7720    158.743    158.216    153.971     776.64    1799.23
  2093.417  -999.0000     933.00     291.77     292.90     5.5976      4.6467    159.200    157.970    154.553     777.65    1802.40
  2094.417  -999.0000     943.40     291.98     293.08     5.2419      3.1567    159.898    158.894    156.741     778.52    1804.88
  2095.417  -999.0000     952.00     291.99     293.39     5.1939      5.3528    162.004    160.645    156.652     779.87    1808.53
  2096.417  -999.0000     962.20     291.91     293.26     5.4775      3.7528    161.331    160.156    157.578     780.76    1811.76
  2097.417  -999.0000     972.70     291.92     293.23     5.4053      6.0810    164.277    162.920    158.196     782.32    1816.21
  2098.417  -999.0000     981.20     292.04     293.35     5.3535      7.4277    167.619    165.003    160.191     783.94    1819.65
  2099.417  -999.0000     991.70     292.17     293.46     5.3154      5.3607    170.459    168.320    165.098     786.18    1824.14
  2100.417  -999.0000     999.00     292.26     293.66     5.5591      0.6895    158.808    158.963    158.118     787.24    1826.52
