     time     emission      CO2       tas    tas_land     fgco2      fnep      fnpp      fvegsoil       frh     cveg        csoil
  1851.417     0.6465     287.90     286.63     285.79    -0.0784     -0.7846     81.495     83.848     82.280     497.03    3240.04
  1852.417     0.7123     288.22     286.81     285.99     0.0069     -0.8845     82.764     84.253     83.649     495.94    3240.43
  1853.417     0.7212     289.07     286.69     285.70     0.0221     -1.4139     81.745     82.935     83.159     494.72    3240.02
  1854.417     0.7511     289.28     286.68     285.77     0.3133     -0.7202     84.281     85.020     85.002     493.73    3240.07
  1855.417     0.7810     288.93     286.62     285.55     0.2749      0.2081     83.843     83.972     83.635     493.90    3240.39
  1856.417     0.8021     289.22     286.58     285.55     0.0768     -0.5095     82.868     83.375     83.377     493.16    3240.65
  1857.417     0.8532     289.72     286.57     285.69     0.5150     -1.4232     79.985     81.335     81.408     492.10    3240.28
  1858.417     0.8840     290.02     286.64     285.80     0.4043     -1.3012     80.541     82.665     81.842     489.89    3241.08
  1859.417     0.9113     290.24     286.50     285.66     0.2456     -0.4398     80.410     81.804     80.850     487.93    3242.37
  1860.417     0.9348     289.73     286.53     285.70    -0.0118      0.7913     84.671     84.987     83.880     488.26    3242.97
  1861.417     0.9064     288.91     286.53     285.53    -0.4264      1.6464     83.909     84.028     82.263     487.89    3245.23
  1862.417     0.9069     288.65     286.66     285.89    -0.5256      1.3000     85.140     85.147     83.840     488.01    3246.51
  1863.417     0.9283     289.29     286.66     285.75    -0.0984     -0.5944     81.188     82.116     81.783     487.16    3246.70
  1864.417     0.9514     290.12     286.72     285.96     0.1917     -1.7554     83.505     84.496     85.260     485.78    3245.97
  1865.417     0.9531     290.35     286.72     285.90     0.1046     -0.9538     82.766     82.933     83.720     486.27    3244.90
  1866.417     0.9571     290.88     286.81     286.07     0.0247     -0.8150     80.654     81.549     81.469     484.59    3245.43
  1867.417     0.9772     291.06     286.67     285.69    -0.0098     -0.4213     84.367     84.546     84.788     484.87    3244.87
  1868.417     0.9928     290.69     286.67     285.79     0.1598      0.8496     85.245     84.957     84.395     485.28    3245.17
  1869.417     1.0079     290.31     286.78     285.97     0.2534      0.3753     82.770     84.094     82.395     483.84    3247.57
  1870.417     1.0207     291.13     286.86     286.07     0.0014     -1.5690     80.807     82.937     82.376     481.58    3247.89
  1871.417     1.1640     292.28     286.72     285.85     0.2644     -1.9959     82.048     83.144     84.043     480.10    3247.09
  1872.417     1.1798     292.83     286.72     285.78     0.2945     -1.5294     82.677     82.723     84.207     480.40    3245.41
  1873.417     1.1986     292.92     286.59     285.60     0.1280     -0.2903     86.688     85.857     86.978     481.54    3243.91
  1874.417     1.1891     292.47     286.61     285.67    -0.0520      0.6708     85.208     84.494     84.537     482.07    3244.30
  1875.417     1.2135     292.08     286.70     285.68     0.0411      0.8552     84.827     85.423     83.972     481.77    3245.29
  1876.417     1.2412     291.94     286.87     285.99     0.0829     -0.1862     80.184     82.414     80.370     479.39    3248.09
  1877.417     1.2586     293.24     287.10     286.33     0.3497     -2.6099     80.513     83.122     83.123     476.03    3248.32
  1878.417     1.2712     294.45     286.68     285.85     0.5840     -1.8331     85.040     85.337     86.873     476.02    3245.84
  1879.417     1.2901     293.74     286.43     285.39     0.1525      0.8942     88.051     86.780     87.157     477.77    3245.32
  1880.417     1.3179     292.48     286.43     285.46     0.1808      1.8414     85.589     85.697     83.747     477.84    3247.79
  1881.417     1.3448     292.36     286.73     285.78     0.0780      0.2809     82.361     84.236     82.080     475.70    3250.16
  1882.417     1.3755     293.28     286.90     286.14     0.1812     -1.8300     80.179     83.078     82.009     473.05    3250.94
  1883.417     1.3928     294.76     286.77     285.96     0.5827     -2.4405     79.554     82.054     81.995     469.29    3251.36
  1884.417     1.4089     294.78     286.31     285.28     0.2070     -0.1923     83.767     83.593     83.959     470.09    3250.58
  1885.417     1.4201     292.95     286.17     285.17     0.2842      3.4468     89.772     87.441     86.325     472.87    3251.54
  1886.417     1.4396     291.52     286.42     285.46    -0.2926      2.7980     86.844     85.380     84.046     474.45    3253.35
  1887.417     1.4738     291.73     286.61     285.60     0.0797      0.4603     84.895     85.551     84.434     473.72    3254.23
  1888.417     1.5293     292.36     286.64     285.79     0.2092     -1.0046     81.661     83.463     82.666     471.57    3255.01
  1889.417     1.5622     292.82     286.60     285.68     0.3742     -1.1653     83.752     84.949     84.917     470.30    3255.40
  1890.417     1.5934     293.17     286.70     285.76     0.2853     -0.7134     82.434     82.808     83.148     470.23    3254.63
  1891.417     1.5775     293.66     286.68     285.70     0.4253     -1.2433     81.788     82.512     83.032     469.45    3254.33
  1892.417     1.5835     294.58     286.66     285.74     0.0288     -1.4267     82.224     82.494     83.651     468.98    3253.03
  1893.417     1.5972     295.15     286.63     285.75    -0.0844     -1.2049     82.797     83.013     84.002     469.03    3252.05
  1894.417     1.6179     295.34     286.55     285.56     0.1662      0.2016     84.417     84.435     84.215     468.35    3252.37
  1895.417     1.6608     294.97     286.39     285.26    -0.1559      0.8559     87.899     86.999     87.043     469.85    3252.25
  1896.417     1.7038     294.79     286.57     285.50    -0.0042      0.3271     84.274     84.796     83.947     470.03    3252.79
  1897.417     1.7302     295.37     286.58     285.64     0.4622     -0.3339     81.121     83.199     81.455     466.58    3255.16
  1898.417     1.7698     295.37     286.50     285.65    -0.0089     -0.2212     84.463     85.618     84.684     466.33    3255.63
  1899.417     1.8113     295.62     286.55     285.60     0.0996      0.0063     83.200     83.591     83.193     465.59    3256.23
  1900.417     1.8512     295.63     286.59     285.72     0.2596      0.1092     84.406     85.014     84.297     465.13    3256.81
  1901.417     2.0278     295.77     286.65     285.78    -0.0249      0.2203     83.697     84.594     83.476     464.21    3257.97
  1902.417     2.0608     296.07     286.66     285.79     0.3762     -0.0564     83.546     84.601     83.602     462.81    3259.08
  1903.417     2.1228     295.91     286.55     285.30     0.5113     -0.1525     82.605     84.573     82.758     461.75    3260.69
  1904.417     2.1580     296.94     286.77     285.90     0.3899     -1.8447     78.211     81.075     80.056     457.81    3262.55
  1905.417     2.2223     299.00     286.74     285.91     0.4217     -3.4963     81.512     82.901     85.009     456.84    3259.58
  1906.417     2.2830     299.98     286.72     285.83     0.6063     -2.1670     82.595     82.056     84.762     457.08    3256.96
  1907.417     2.3994     300.05     286.71     285.76     0.3650     -0.5006     84.535     83.604     85.036     458.47    3255.52
  1908.417     2.3761     300.18     286.58     285.65     0.4867      0.1901     86.453     86.122     86.263     458.57    3255.36
  1909.417     2.4277     299.76     286.60     285.73     0.4852      1.0264     87.079     87.624     86.053     458.25    3256.79
  1910.417     2.4917     299.30     286.54     285.56     0.2670      1.0527     87.150     87.807     86.098     457.32    3259.09
  1911.417     2.4784     299.38     286.57     285.70     0.0723      0.6650     85.946     86.252     85.281     457.10    3259.84
  1912.417     2.5396     299.33     286.48     285.40     0.3739      1.0584     88.507     87.823     87.449     457.70    3259.96
  1913.417     2.6303     298.65     286.37     285.25     0.1121      2.0729     89.589     88.214     87.516     459.33    3260.54
  1914.417     2.5699     298.07     286.48     285.20     0.0156      1.3192     86.460     86.746     85.141     459.49    3262.63
  1915.417     2.5762     299.57     286.86     286.11     0.2204     -1.7244     81.703     84.089     83.427     456.31    3263.34
  1916.417     2.6775     300.88     286.67     285.72     0.5429     -1.8013     85.331     87.244     87.132     454.53    3262.65
  1917.417     2.7518     300.95     286.68     285.54     0.5507     -0.6440     82.617     84.092     83.261     453.24    3264.31
  1918.417     2.7775     301.79     286.90     285.97     0.3237     -1.2711     81.521     83.446     82.792     451.18    3264.69
  1919.417     2.6575     302.50     286.84     285.95     0.5293     -0.7861     83.617     84.535     84.403     450.02    3264.91
  1920.417     2.8100     302.74     286.86     285.94     0.5577     -0.6813     83.801     84.262     84.483     450.09    3264.51
  1921.417     2.7745     303.63     286.79     285.92     0.4377     -0.6814     85.638     85.436     86.319     449.69    3263.56
  1922.417     2.7941     303.07     286.63     285.72     0.4314      0.9557     86.473     86.111     85.517     450.72    3264.06
  1923.417     2.9382     302.50     286.73     285.93     0.4625      1.4700     89.086     89.051     87.616     450.53    3265.86
  1924.417     2.9807     303.05     286.93     285.95     0.3719     -0.6406     83.982     85.243     84.622     449.55    3266.28
  1925.417     3.0525     304.46     286.90     286.18     0.6889     -1.9224     82.934     85.932     84.856     445.91    3267.43
  1926.417     3.0717     304.65     286.81     286.17     0.5705     -0.5995     86.958     88.692     87.557     444.21    3268.88
  1927.417     3.1883     304.94     286.68     285.83     0.5721      0.3705     89.046     88.861     88.675     444.49    3268.48
  1928.417     3.2299     304.89     286.62     285.73     0.3713      0.3263     89.511     88.546     89.185     445.59    3268.13
  1929.417     3.3251     305.13     286.54     285.57     0.4122      0.7100     88.859     88.575     88.149     446.06    3268.29
  1930.417     3.2757     304.71     286.70     285.79     0.6364      0.9336     89.411     89.403     88.477     445.79    3269.68
  1931.417     3.3573     304.69     286.70     285.71     0.3602      0.7119     88.508     88.935     87.797     445.96    3270.13
  1932.417     3.3177     305.01     286.63     285.53     0.4741     -0.1210     86.337     88.041     86.458     443.32    3272.83
  1933.417     3.3873     305.43     286.69     285.78     0.5748     -0.4896     87.016     88.309     87.505     442.51    3272.79
  1934.417     3.5297     305.56     286.82     285.92     0.4018     -0.3290     86.628     88.106     86.957     441.40    3274.05
  1935.417     3.6098     306.47     286.92     286.11     0.6187     -1.0489     85.530     87.444     86.579     438.76    3275.26
  1936.417     3.7501     307.30     286.82     286.04     0.6686     -0.8130     87.565     88.607     88.378     438.14    3274.76
  1937.417     3.8712     307.22     286.80     286.06     0.6836      0.0007     87.346     87.910     87.345     437.13    3276.22
  1938.417     3.8488     307.94     286.82     285.83     0.6338     -0.7063     88.158     88.757     88.864     437.35    3275.43
  1939.417     3.9333     308.73     286.86     286.13     0.5801     -1.1004     87.042     88.026     88.143     435.61    3275.64
  1940.417     4.0863     309.20     286.72     285.84     0.8564     -0.2906     86.903     88.643     87.194     434.43    3276.55
  1941.417     3.9840     309.43     286.69     285.73     0.7358     -0.3827     85.491     87.766     85.874     431.72    3279.27
  1942.417     3.9838     310.40     286.89     285.99     0.6147     -1.1780     86.265     87.554     87.443     430.25    3279.16
  1943.417     4.0341     310.96     286.79     285.71     0.5111     -0.5263     87.696     88.115     88.222     430.49    3278.57
  1944.417     4.0298     311.27     286.96     286.15     0.8290     -0.3360     86.135     88.282     86.471     428.29    3280.76
  1945.417     3.8266     312.74     287.17     286.53     0.7334     -2.5802     80.964     84.820     83.544     423.95    3282.37
  1946.417     3.9429     314.60     286.87     286.07     0.9972     -2.5986     85.792     88.029     88.391     421.36    3281.39
  1947.417     4.1328     314.20     286.83     285.95     0.7938     -0.2305     88.128     88.671     88.358     421.78    3281.94
  1948.417     4.2550     314.57     286.84     285.97     1.1305      0.1086     87.082     87.936     86.973     420.32    3283.07
  1949.417     4.2147     314.70     286.93     286.06     1.0460     -0.0679     87.882     88.350     87.950     420.09    3283.25
  1950.417     4.3700     315.21     286.79     285.97     0.6297      0.0974     89.584     89.535     89.486     419.92    3283.29
  1951.417     5.2515     315.19     286.84     285.95     0.7924      0.4706     89.342     90.515     88.871     419.42    3284.55
  1952.417     5.4377     315.33     286.89     285.99     0.7662      0.2743     87.885     90.531     87.610     416.26    3288.40
  1953.417     5.6021     316.68     286.98     286.11     0.8416     -1.0966     86.750     89.281     87.847     413.57    3289.33
  1954.417     5.7044     317.66     286.83     285.87     0.8213     -1.4177     88.819     90.602     90.237     411.82    3289.85
  1955.417     5.9712     318.42     286.81     285.92     0.8415     -0.4470     92.379     93.858     92.826     410.82    3290.29
  1956.417     6.1934     319.28     286.95     285.96     0.7863     -0.9645     88.597     90.886     89.562     408.11    3292.57
  1957.417     6.3702     321.45     287.04     286.35     0.9123     -2.5153     88.366     91.765     90.881     404.79    3292.77
  1958.417     6.5347     322.60     287.00     286.18     1.1383     -1.8309     91.474     93.971     93.305     402.16    3293.64
  1959.417     6.7294     323.45     287.04     286.13     1.1515     -1.0493     89.902     92.050     90.951     400.32    3294.72
  1960.417     6.9087     324.56     287.05     286.15     1.3270     -0.7359     91.855     94.269     92.591     397.55    3296.26
  1961.417     5.6995     324.77     287.12     286.27     1.2275     -0.0528     90.861     92.818     90.914     395.97    3298.38
  1962.417     5.6914     326.06     287.27     286.60     1.0830     -1.1361     88.546     90.805     89.682     393.35    3299.77
  1963.417     5.8526     327.77     286.90     286.01     1.4266     -1.2363     92.088     93.002     93.325     391.81    3299.07
  1964.417     6.0081     327.47     286.68     285.72     1.3007      1.4730     93.521     92.988     92.049     393.44    3299.83
  1965.417     6.1762     327.14     286.64     285.46     1.0718      2.2678     94.134     93.612     91.867     393.52    3302.09
  1966.417     6.3082     327.42     286.78     285.88     1.0498      1.8068     94.224     93.791     92.417     394.32    3302.90
  1967.417     6.4010     327.43     286.93     286.03     1.2600      1.6885     91.875     92.643     90.187     393.51    3305.66
  1968.417     6.6120     328.23     286.99     286.06     1.0084      0.8427     90.703     92.589     89.861     391.13    3308.68
  1969.417     6.8830     329.44     287.06     286.25     1.0758      0.0178     91.231     93.190     91.213     390.11    3309.90
  1970.417     7.2369     331.22     287.19     286.38     1.6091     -1.4227     86.678     89.425     88.100     386.57    3312.12
  1971.417     7.3192     333.66     287.12     286.38     1.4471     -1.9022     88.305     90.298     90.207     384.12    3311.83
  1972.417     7.5005     335.06     287.10     286.22     1.5207     -0.4367     91.296     91.546     91.733     384.80    3311.24
  1973.417     7.7786     336.03     287.28     286.59     1.3719      0.7254     92.763     93.128     92.038     384.19    3312.78
  1974.417     7.7555     337.15     287.25     286.63     1.5457      1.2947     92.049     92.530     90.754     383.24    3314.52
  1975.417     7.7597     337.62     287.08     286.40     1.3981      2.0194     93.947     93.685     91.928     383.65    3316.26
  1976.417     8.0412     338.11     286.92     285.99     1.4674      2.4656     98.104     96.919     95.638     385.44    3317.05
  1977.417     8.2266     338.54     287.18     286.43     1.3410      1.8862     92.769     93.268     90.882     384.89    3320.18
  1978.417     8.4782     340.51     287.25     286.49     1.1318      0.6347     92.353     93.868     91.718     382.72    3322.09
  1979.417     8.6631     341.91     287.15     286.52     1.1978      1.1694     96.009     95.746     94.840     383.21    3322.82
  1980.417     8.7014     343.02     287.22     286.46     1.6920      1.1856     92.332     92.414     91.147     383.46    3324.43
  1981.417     8.7662     344.96     287.25     286.58     1.5444      0.2791     93.590     94.072     93.311     382.48    3324.89
  1982.417     8.7643     346.22     287.05     286.23     1.6535      0.6807     95.251     95.181     94.570     382.86    3325.49
  1983.417     8.8112     347.14     286.90     285.90     1.9404      1.3761     95.594     95.620     94.218     382.90    3326.82
  1984.417     9.0126     347.59     286.96     286.10     1.6250      2.2408     96.918     97.458     94.677     382.67    3329.50
  1985.417     9.2503     348.81     287.23     286.68     1.4754      1.2367     93.712     95.395     92.475     380.32    3333.33
  1986.417     9.3522     351.53     287.12     286.18     1.5347     -0.5623     93.104     94.402     93.666     378.77    3333.55
  1987.417     9.5669     353.04     287.21     286.44     1.8208      0.4010     98.714     98.367     98.313     379.97    3333.04
  1988.417     9.8414     354.06     287.31     286.61     1.8569      1.6075     96.610     96.838     95.002     379.68    3335.18
  1989.417     9.9570     355.88     287.37     286.65     2.1757      0.3541     93.454     95.077     93.100     377.52    3337.63
  1990.417     9.9354     357.96     287.46     286.82     1.7999      0.0231     98.397     99.229     98.374     376.84    3338.10
  1991.417     9.8301     359.35     287.29     286.32     2.0013      1.4558     97.844     97.814     96.388     376.96    3339.34
  1992.417     9.6764     359.82     287.18     286.37     1.9344      2.7244     96.070     96.707     93.345     376.74    3342.79
  1993.417     9.7530     360.74     287.41     286.69     1.9742      2.1655     95.907     97.023     93.742     375.18    3346.45
  1994.417     9.8519     362.74     287.43     286.75     2.1979      0.2910     94.685     95.501     94.394     374.03    3347.66
  1995.417     9.9883     364.46     287.35     286.58     2.1152      1.1328     99.149     98.872     98.016     374.66    3347.88
  1996.417    10.1896     365.15     287.39     286.76     1.8485      2.2733     97.998     97.561     95.725     375.23    3350.11
  1997.417    10.2647     366.56     287.35     286.88     1.7247      2.3872    101.180    100.764     98.792     375.31    3351.89
  1998.417    10.1924     367.42     287.38     286.73     1.8999      2.5055     99.842     99.301     97.336     376.34    3354.02
  1999.417    10.1792     368.98     287.60     287.04     1.7118      1.9173     98.952     99.147     97.035     375.78    3356.13
  2000.417    10.4087     370.53     287.55     286.75     1.8893      1.6644     99.353     99.544     97.688     375.76    3357.75
  2001.417    10.1130     371.88     287.75     287.41     1.7495      1.7406     98.869     99.011     97.128     375.39    3360.11
  2002.417    10.2330     373.48     287.55     286.84     2.0305      1.9796     98.949     98.986     96.969     375.48    3361.57
  2003.417    10.5421     374.67     287.61     287.02     2.0440      2.2270     98.704     98.552     96.477     375.82    3363.86
  2004.417    10.9126     376.08     287.57     286.92     2.0481      2.6227    101.142    100.885     98.520     375.78    3366.26
  2005.417    11.1714     377.17     287.70     287.08     2.2245      2.6376    100.098    100.189     97.460     376.35    3369.02
  2006.417    11.8653     380.07     287.68     287.32     2.0251      3.1381    105.461    105.022    102.323     375.34    3371.84
  2007.417    12.1676     380.98     287.57     287.04     1.9772      4.2607    106.298    104.910    102.037     377.82    3374.41
  2008.417    12.3803     381.59     287.66     286.99     2.0893      4.7768    107.974    106.800    103.198     379.09    3378.24
  2009.417    12.6177     383.42     287.91     287.29     2.1925      3.0921    100.607    101.551     97.515     378.60    3382.11
  2010.417    12.7908     386.91     288.11     287.73     2.3261     -0.2102     94.792     98.349     95.002     374.42    3385.70
  2011.417    13.0577     391.47     288.19     287.87     2.3910     -2.0344     97.707    100.283     99.742     370.46    3386.97
  2012.417    13.3688     394.27     287.99     287.71     3.0075      0.6806    106.123    104.607    105.442     373.66    3384.41
  2013.417    13.7831     395.83     287.91     287.46     2.5959      3.5581    104.178    101.855    100.620     375.58    3386.40
  2014.417    14.1060     397.63     287.93     287.54     2.6684      3.1474    102.519    102.592     99.372     375.70    3390.07
  2015.417    14.4012     400.42     287.99     287.77     2.8094      2.6319    103.114    103.447    100.483     374.86    3392.61
  2016.417    14.6630     402.51     287.95     287.41     2.8696      2.6610    105.816    104.975    103.155     376.38    3394.47
  2017.417    15.0465     405.19     288.08     287.73     2.8193      2.8278    104.552    104.059    101.724     376.57    3396.76
  2018.417    15.3202     408.25     288.15     287.87     2.7452      2.1740    103.003    103.451    100.829     376.01    3399.74
  2019.417    15.6335     411.18     288.04     287.85     3.1939      2.6473    105.523    104.743    102.876     376.48    3401.22
  2020.417    15.9146     413.10     288.13     287.83     2.9601      3.7896    107.260    105.912    103.471     378.65    3403.73
  2021.417    16.0721     415.89     288.04     287.56     3.0931      3.7134    107.388    106.294    103.674     378.97    3406.62
  2022.417    16.3886     418.76     288.14     287.86     2.9892      3.2896    109.554    108.117    106.265     380.69    3408.26
  2023.417    16.6764     421.41     288.11     287.75     3.2614      3.7352    111.057    109.947    107.322     382.23    3410.58
  2024.417    16.8925     424.52     288.25     288.00     3.0708      2.9258    106.079    106.578    103.153     381.52    3414.40
  2025.417    17.1838     428.62     288.33     287.97     2.9523      1.3507    107.043    108.437    105.692     379.74    3417.47
  2026.417    17.4455     432.69     288.31     288.18     3.4857      1.3449    107.191    107.143    105.846     379.88    3418.17
  2027.417    17.7228     436.28     288.15     287.86     3.3642      2.6793    109.822    108.030    107.142     381.54    3419.22
  2028.417    17.9869     438.83     288.27     287.97     3.4400      4.3487    111.298    109.852    106.949     384.05    3421.68
  2029.417    18.2554     442.50     288.38     288.20     3.1533      3.1740    106.154    107.016    102.980     382.17    3426.52
  2030.417    18.4937     447.03     288.38     288.27     3.4825      1.2054    107.551    109.140    106.345     380.43    3429.45
  2031.417    18.8056     451.03     288.19     288.08     3.8863      2.9650    113.944    112.611    110.979     381.72    3430.20
  2032.417    19.1748     453.31     288.28     288.17     3.1976      5.0923    113.925    111.430    108.832     385.08    3433.29
  2033.417    19.5869     457.16     288.43     288.41     3.5098      3.8134    112.326    111.968    108.513     385.04    3436.86
  2034.417    19.9229     461.32     288.50     288.43     3.7962      3.6089    116.993    116.143    113.384     385.27    3439.54
  2035.417    20.3106     464.58     288.28     288.02     3.6998      4.6546    118.657    116.403    114.002     388.41    3441.64
  2036.417    20.6510     468.32     288.33     288.16     3.8529      4.1693    117.925    116.245    113.756     389.64    3444.46
  2037.417    21.0481     472.32     288.49     288.45     3.8018      4.2574    118.097    117.471    113.839     390.77    3447.66
  2038.417    21.4027     476.05     288.54     288.39     3.7791      4.6847    117.948    117.859    113.264     390.38    3452.78
  2039.417    21.7530     480.31     288.57     288.51     3.9331      4.2606    115.013    115.316    110.753     390.20    3457.07
  2040.417    22.0279     484.73     288.68     288.55     4.1070      3.5928    117.271    117.820    113.678     389.82    3461.23
  2041.417    22.3701     489.51     288.88     288.80     4.0554      2.7512    117.525    118.635    114.774     389.04    3465.11
  2042.417    22.7106     495.75     289.07     289.15     4.2776      1.2780    115.162    117.234    113.884     385.94    3468.91
  2043.417    23.0725     501.25     288.88     288.71     4.4860      2.4607    117.284    117.178    114.823     385.96    3470.54
  2044.417    23.4539     505.05     288.77     288.84     4.1085      5.0089    121.649    119.630    116.640     389.22    3473.77
  2045.417    23.8784     510.42     288.91     289.07     4.4229      4.0061    116.260    116.117    112.254     388.38    3478.04
  2046.417    24.2972     515.75     288.74     288.62     4.5801      3.2691    119.986    120.113    116.717     388.78    3480.83
  2047.417    24.7043     520.89     288.83     288.89     4.4845      4.4506    121.654    120.323    117.204     389.58    3484.42
  2048.417    25.0156     525.77     289.03     289.27     4.1872      4.7601    122.281    121.260    117.521     391.31    3487.82
  2049.417    25.4486     531.09     289.17     289.63     4.2096      4.5629    120.448    120.761    115.885     390.80    3492.81
  2050.417    25.8305     537.00     289.23     289.46     4.5724      3.9148    122.486    122.471    118.571     390.49    3496.96
  2051.417    26.1239     543.54     289.24     289.50     4.7130      2.7894    122.408    122.186    119.618     390.91    3499.42
  2052.417    26.4322     550.13     289.20     289.60     4.6974      3.2295    125.087    123.926    121.858     391.42    3501.36
  2053.417    26.8750     555.62     289.09     289.29     4.6461      4.7760    124.559    122.041    119.783     394.58    3503.68
  2054.417    27.2804     561.08     289.08     289.09     4.8345      5.4073    128.308    126.197    122.901     397.36    3506.42
  2055.417    27.6391     567.31     289.42     289.54     4.8722      3.5196    121.486    122.652    117.967     396.30    3511.90
  2056.417    27.8476     576.40     289.54     289.93     5.1315      0.2267    120.021    122.490    119.794     391.55    3515.10
  2057.417    28.3277     583.80     289.44     289.68     5.4101      1.4288    126.121    124.948    124.692     394.25    3514.26
  2058.417    28.7773     590.09     289.39     289.70     5.3348      4.6059    130.270    127.119    125.665     397.27    3515.92
  2059.417    29.1967     596.07     289.37     289.80     5.1370      5.2560    130.285    127.569    125.029     400.08    3518.62
  2060.417    29.5204     602.44     289.55     289.92     4.9811      5.0867    130.516    129.732    125.430     401.85    3522.43
  2061.417    29.7700     610.29     289.75     290.26     5.2438      2.9014    122.743    123.434    119.841     399.11    3527.68
  2062.417    30.0305     619.06     289.55     289.77     5.2152      1.5179    131.461    130.943    129.943     401.22    3526.77
  2063.417    30.3094     626.66     289.95     290.61     5.1881      2.5800    129.210    128.491    126.630     401.59    3529.35
  2064.417    30.4938     635.11     290.12     290.75     5.4544      1.5481    125.723    126.457    124.175     400.41    3532.14
  2065.417    30.8398     644.84     289.93     290.37     5.5209     -0.0871    127.086    127.366    127.173     400.17    3531.68
  2066.417    31.1333     652.77     289.92     290.51     6.0177      2.0694    132.472    130.699    130.403     401.96    3532.07
  2067.417    31.4311     660.04     289.98     290.60     5.5162      4.1516    133.932    130.851    129.781     405.63    3532.96
  2068.417    31.6275     668.07     289.92     290.45     5.6785      4.0881    134.351    132.147    130.263     407.30    3535.11
  2069.417    31.9730     675.44     290.08     290.74     5.2905      4.4100    137.479    136.175    133.069     408.83    3538.36
  2070.417    32.2603     683.41     290.19     290.94     5.5727      4.3577    137.919    136.816    133.562     410.21    3541.08
  2071.417    32.4641     691.52     290.17     290.80     5.4680      3.8522    135.651    134.843    131.798     410.39    3544.81
  2072.417    32.5528     700.24     290.30     291.03     5.7341      2.6814    136.252    135.558    133.570     411.21    3546.74
  2073.417    32.8061     709.15     290.28     290.96     5.7954      2.6832    139.682    137.692    136.999     413.20    3547.11
  2074.417    32.9803     717.16     290.10     290.72     5.6083      4.1746    141.434    138.778    137.260     416.05    3548.36
  2075.417    33.1385     724.72     290.38     291.23     5.7340      4.3297    140.090    139.257    135.760     417.61    3552.14
  2076.417    33.2080     734.24     290.67     291.47     5.8862      1.5687    136.380    136.991    134.811     415.73    3555.31
  2077.417    33.4591     745.04     290.51     291.17     5.9106     -0.1530    141.208    139.767    141.361     416.98    3552.73
  2078.417    33.6988     753.80     290.22     290.80     5.8310      2.8002    148.737    144.426    145.937     422.10    3550.75
  2079.417    33.9156     761.47     290.32     291.01     5.8579      5.4231    151.828    148.117    146.405     426.62    3552.41
  2080.417    33.9812     769.79     290.52     291.12     5.6051      4.2591    141.484    141.522    137.225     425.80    3557.47
  2081.417    34.1807     779.69     290.98     292.04     5.7095      1.2960    140.356    143.077    139.060     423.03    3561.77
  2082.417    34.2568     790.57     290.85     291.86     6.1411     -0.0346    137.665    138.675    137.699     420.89    3562.72
  2083.417    34.4280     799.76     290.81     291.75     5.8714      1.7976    144.137    142.681    142.340     423.93    3561.95
  2084.417    34.4891     808.81     291.01     292.01     5.7751      2.4656    143.299    142.925    140.833     424.16    3564.91
  2085.417    34.6443     819.40     291.20     292.36     5.9296      0.8070    142.380    143.450    141.573     422.38    3566.76
  2086.417    34.7588     829.71     291.02     292.01     5.8420      0.5942    145.757    145.019    145.163     422.93    3566.59
  2087.417    34.9098     838.89     290.89     291.67     5.9559      2.7578    149.678    146.751    146.920     426.40    3566.17
  2088.417    34.9541     848.05     290.81     291.70     5.7997      3.6667    150.226    147.565    146.560     428.94    3567.29
  2089.417    35.1796     857.28     290.96     291.75     5.2999      2.6148    149.147    149.284    146.532     430.19    3569.47
  2090.417    35.2541     868.25     291.15     292.23     6.1476      0.8582    142.308    144.340    141.450     425.67    3573.74
  2091.417    35.2321     878.36     290.98     292.03     5.8758      1.1624    149.808    149.743    148.645     427.07    3573.57
  2092.417    35.1995     887.28     291.26     292.55     5.7549      2.8878    147.295    146.756    144.407     427.58    3576.51
  2093.417    35.3015     896.94     291.18     292.40     5.8378      3.3504    151.118    150.296    147.767     427.51    3579.30
  2094.417    35.4234     905.88     291.09     292.16     5.8709      3.2350    154.530    153.255    151.295     430.81    3580.19
  2095.417    35.4366     916.59     291.43     292.60     5.9424      0.8354    147.124    147.984    146.289     428.05    3583.59
  2096.417    35.3875     927.86     291.37     292.54     5.7665     -0.3802    149.177    149.044    149.558     428.60    3581.77
  2097.417    35.5787     937.74     291.34     292.58     5.8632      2.3770    155.308    153.058    152.931     431.41    3581.67
  2098.417    35.6369     946.66     291.38     292.64     5.9132      3.4401    151.763    151.589    148.323     431.58    3585.51
  2099.417    35.6611     957.13     291.73     293.20     5.6427      1.3261    149.140    151.209    147.814     429.30    3588.97
  2100.417    35.6834     967.99     291.72     293.10     5.7664      0.3411    150.159    152.002    149.818     427.71    3590.96
