     time     emission      CO2       tas    tas_land     fgco2      fnep      fnpp      fveglitter       frh     cveg        csoil
  1851.417     0.3451     284.25     286.49     286.80    -0.3892      0.9772     66.036     66.901     65.059     510.47    2775.86
  1852.417     0.5847     284.36     286.59     287.01    -0.1700     -0.2858     64.241     64.788     64.526     511.76    2774.61
  1853.417     0.3683     285.45     286.48     286.80     0.0284     -1.5490     64.094     65.360     65.643     510.10    2773.71
  1854.417     0.3026     285.50     286.40     286.68     0.2053     -1.1632     65.155     67.837     66.319     507.38    2776.43
  1855.417     0.5157     286.32     286.57     286.84     0.3053     -1.9242     63.153     65.980     65.077     503.40    2777.81
  1856.417     0.4239     287.28     286.52     286.83     0.3173     -1.8123     64.403     64.654     66.215     503.41    2775.53
  1857.417     0.4353     286.87     286.43     286.66     0.3055      0.2087     64.351     62.559     64.142     506.68    2773.02
  1858.417     0.8149     285.87     286.21     286.38    -0.1830      2.2734     66.807     66.200     64.533     506.93    2774.60
  1859.417     0.5142     284.28     286.18     286.29    -0.1082      2.9359     66.090     65.530     63.154     505.24    2780.16
  1860.417     0.7185     283.50     286.26     286.35    -0.2662      2.5301     66.820     63.470     64.290     510.98    2776.16
  1861.417     0.6967     282.30     286.24     286.25    -0.2512      2.6508     65.735     61.825     63.084     514.67    2775.68
  1862.417     0.7055     281.48     286.34     286.49    -0.2291      1.9578     64.353     63.460     62.395     516.26    2776.03
  1863.417     0.7852     281.60     286.34     286.41    -0.1359      0.6311     64.257     65.811     63.626     513.11    2779.40
  1864.417     0.6724     281.80     286.45     286.83    -0.4673     -0.9302     63.891     65.766     64.822     511.76    2780.65
  1865.417     1.0744     283.21     286.42     286.70    -0.1634     -1.7718     63.094     64.234     64.866     510.61    2778.67
  1866.417     1.0217     283.14     286.32     286.56    -0.0740     -0.0908     66.134     66.868     66.224     510.01    2779.79
  1867.417     0.8225     282.85     286.46     286.57    -0.0684      0.4817     63.355     64.042     62.873     508.47    2782.11
  1868.417     0.8990     283.46     286.39     286.54    -0.1598     -0.9713     63.021     63.628     63.992     509.30    2780.24
  1869.417     1.1821     284.01     286.41     286.65    -0.0859     -1.0116     64.702     65.525     65.714     507.90    2780.37
  1870.417     0.8624     284.49     286.56     286.82     0.1154     -1.1200     63.684     67.329     64.804     506.06    2781.46
  1871.417     0.7737     285.85     286.51     286.84     0.2314     -2.7132     62.115     69.920     64.828     495.14    2789.33
  1872.417     1.1468     286.98     286.50     286.70     0.4625     -3.3330     65.009     71.332     68.342     488.77    2792.60
  1873.417     0.9078     288.62     286.65     287.08     0.2556     -3.6297     62.499     65.009     66.129     488.31    2789.33
  1874.417     1.0871     290.01     286.42     286.72     0.3135     -2.3896     66.584     68.566     68.974     485.11    2789.40
  1875.417     1.1834     289.15     286.39     286.52     0.1907      0.8079     67.969     68.683     67.161     484.05    2791.89
  1876.417     1.0655     288.41     286.51     286.68     0.2634      1.4504     66.786     65.126     65.336     486.02    2791.51
  1877.417     1.1629     287.79     286.43     286.41     0.1970      1.2231     65.679     62.037     64.456     489.53    2788.99
  1878.417     1.0268     287.34     286.56     286.79     0.0240      0.8825     64.901     60.454     64.018     494.97    2784.84
  1879.417     1.1313     287.32     286.58     286.63     0.1637      0.4825     64.009     61.701     63.526     498.30    2781.63
  1880.417     0.9648     287.07     286.57     286.70     0.1382      0.5883     64.598     64.401     64.010     495.55    2785.13
  1881.417     1.1354     287.14     286.55     286.83     0.0294      0.0042     63.482     62.918     63.478     498.72    2782.02
  1882.417     1.6041     287.05     286.44     286.34     0.0465      0.4255     65.799     65.512     65.374     497.53    2783.13
  1883.417     1.1961     286.57     286.60     286.80    -0.0696      0.7438     64.553     64.944     63.810     497.60    2784.71
  1884.417     1.1089     287.25     286.38     286.38     0.2803     -0.8233     60.560     61.145     61.384     496.75    2784.22
  1885.417     1.5864     287.60     286.22     286.36     0.2173     -0.8638     63.420     63.903     64.284     496.82    2783.07
  1886.417     1.4458     287.53     286.27     286.56     0.2034     -0.4864     62.858     64.605     63.344     495.48    2784.55
  1887.417     1.5471     288.45     286.35     286.61     0.1495     -1.4172     62.535     65.566     63.953     490.27    2787.53
  1888.417     1.1316     288.84     286.32     286.51     0.4388     -0.7313     63.505     66.514     64.236     490.98    2786.37
  1889.417     1.2570     288.56     286.24     286.14     0.4403      0.1813     64.464     68.261     64.283     482.22    2795.53
  1890.417     1.3472     288.54     286.19     286.21     0.3334      0.1627     63.932     65.510     63.769     483.81    2793.74
  1891.417     1.4870     287.99     286.12     286.09     0.3287      0.7665     65.983     65.981     65.217     483.80    2794.97
  1892.417     1.4468     287.90     286.21     286.20     0.2781     -0.0886     62.659     64.250     62.748     481.13    2797.67
  1893.417     1.4587     288.73     286.23     286.33     0.2171     -1.2990     64.792     66.207     66.091     480.83    2796.40
  1894.417     1.6936     289.57     286.29     286.48     0.4014     -1.7440     63.891     64.791     65.635     478.37    2797.16
  1895.417     1.6915     290.49     286.30     286.49     0.3385     -2.1911     62.514     63.178     64.705     479.42    2793.47
  1896.417     1.5670     291.01     286.24     286.32     0.3449     -0.4815     66.242     65.661     66.724     477.93    2794.51
  1897.417     1.5842     290.16     286.27     286.37     0.0693      1.1802     65.797     62.860     64.617     482.29    2792.01
  1898.417     1.5837     290.03     286.22     286.25     0.1417      1.2301     64.469     60.654     63.238     486.46    2788.64
  1899.417     1.4978     289.98     286.45     286.57     0.3258     -0.1754     61.487     59.918     61.663     488.00    2787.38
  1900.417     1.7235     290.73     286.38     286.57     0.3944     -0.9107     63.649     62.566     64.560     487.62    2786.01
  1901.417     2.1291     290.05     286.38     286.40     0.1202      0.9471     65.802     63.261     64.855     492.43    2782.84
  1902.417     2.0589     289.91     286.45     286.64     0.2093      1.4087     64.357     63.485     62.948     492.22    2784.10
  1903.417     1.9875     289.66     286.29     286.15     0.1680      0.6096     62.659     64.331     62.049     490.41    2786.72
  1904.417     2.1323     289.64     286.31     286.40     0.2131      0.4751     64.329     65.199     63.854     488.48    2789.01
  1905.417     2.2157     289.37     286.44     286.49     0.0598      0.4811     64.473     64.932     63.992     491.52    2786.68
  1906.417     2.3961     289.74     286.36     286.36     0.0868     -0.2790     63.491     67.662     63.770     484.20    2793.76
  1907.417     2.3643     290.82     286.48     286.55     0.3978     -1.8406     63.505     69.063     65.345     478.93    2797.10
  1908.417     2.4065     292.34     286.47     286.40     0.4830     -2.8747     62.584     66.777     65.459     475.31    2797.50
  1909.417     2.2409     293.40     286.49     286.51     0.3306     -2.2493     65.201     69.291     67.450     471.47    2799.39
  1910.417     2.4562     294.31     286.44     286.54     0.5246     -1.8332     64.423     68.618     66.256     466.26    2802.71
  1911.417     2.3569     295.63     286.52     286.61     0.6389     -2.6684     64.111     67.525     66.780     463.29    2803.15
  1912.417     2.5895     296.90     286.49     286.50     0.9710     -2.3227     64.960     67.172     67.283     461.49    2802.06
  1913.417     3.0272     297.07     286.54     286.71     0.6359     -1.6081     65.905     67.739     67.513     458.65    2803.92
  1914.417     2.5862     298.45     286.66     286.69     1.0144     -2.2887     62.774     64.317     65.062     458.51    2801.47
  1915.417     2.3536     299.47     286.59     286.60     0.7765     -2.3730     64.257     66.931     66.630     455.96    2801.80
  1916.417     2.3981     300.50     286.65     286.88     0.9545     -2.4996     64.190     69.790     66.690     450.24    2805.16
  1917.417     2.6645     302.13     286.67     286.80     1.1269     -3.6407     64.191     70.808     67.832     441.34    2810.03
  1918.417     2.7253     303.47     286.71     286.73     1.1420     -3.1445     65.137     67.409     68.281     439.07    2808.99
  1919.417     2.4379     303.86     286.64     286.78     1.1579     -1.1530     65.839     62.350     66.992     444.30    2802.85
  1920.417     2.4616     303.72     286.75     287.00     1.0149     -0.1625     65.040     60.828     65.202     449.41    2797.73
  1921.417     2.2996     303.97     286.64     286.86     0.4804      0.0669     65.416     63.339     65.349     450.13    2796.75
  1922.417     2.5522     303.29     286.51     286.44     0.8572      0.9387     66.319     65.354     65.380     452.08    2796.10
  1923.417     2.9152     302.75     286.61     286.55     0.7430      0.8194     65.060     64.842     64.241     451.12    2797.81
  1924.417     2.8143     303.27     286.82     287.09     0.6631     -1.4214     62.386     62.757     63.807     451.66    2796.48
  1925.417     2.4611     305.43     286.80     287.11     0.7421     -2.9460     62.328     63.796     65.274     450.67    2793.35
  1926.417     2.7918     306.28     286.82     287.13     0.9024     -2.7473     64.139     66.989     66.887     446.08    2795.97
  1927.417     2.8299     307.71     286.81     287.10     0.9534     -2.6163     63.536     65.828     66.152     444.85    2794.02
  1928.417     2.7793     308.62     286.71     287.04     0.9637     -1.7642     64.854     66.583     66.619     443.35    2793.66
  1929.417     2.7855     308.72     286.62     287.01     1.0811     -0.6551     65.448     66.960     66.103     440.08    2796.81
  1930.417     3.1993     308.64     286.62     286.77     0.7400      0.1126     66.433     66.188     66.321     442.61    2794.22
  1931.417     2.8826     308.52     286.63     286.68     0.7645      0.1430     65.607     65.013     65.464     441.53    2795.61
  1932.417     2.8413     308.96     286.69     286.99     0.9130     -0.6112     64.460     63.100     65.071     442.98    2793.19
  1933.417     2.5420     309.13     286.69     286.68     1.0048     -0.2234     64.876     62.857     65.100     447.22    2788.97
  1934.417     3.0018     309.08     286.81     287.02     0.8684     -0.6078     63.750     65.050     64.358     444.58    2791.13
  1935.417     3.0035     310.05     286.76     286.88     0.8302     -1.5187     64.403     68.105     65.921     440.43    2793.60
  1936.417     3.0568     310.87     286.73     286.96     0.6376     -1.5283     64.959     67.291     66.488     437.41    2795.31
  1937.417     3.5611     311.85     286.81     287.06     0.9198     -1.8693     63.271     63.042     65.140     438.25    2792.02
  1938.417     3.2333     312.38     286.73     286.97     0.8755     -0.6247     66.002     63.786     66.627     440.73    2789.02
  1939.417     3.1459     312.22     286.83     287.03     0.6333      0.1793     63.945     62.908     63.765     443.13    2787.39
  1940.417     3.1755     313.13     286.82     287.09     0.7380     -0.7417     64.917     65.973     65.659     439.63    2789.72
  1941.417     3.1652     313.57     286.76     286.98     0.8099     -0.1269     66.225     65.357     66.352     440.96    2787.95
  1942.417     3.2727     313.09     286.85     287.06     0.6387      1.0539     66.655     64.348     65.602     445.10    2785.58
  1943.417     3.7106     313.31     286.85     287.12     0.6928      0.1226     64.429     65.075     64.306     443.55    2787.08
  1944.417     3.4371     314.36     286.90     287.12     0.8485     -0.9332     65.048     66.712     65.981     440.40    2788.87
  1945.417     3.2658     314.61     286.97     287.14     0.7149     -0.9035     64.941     64.125     65.845     442.57    2786.51
  1946.417     3.6730     315.40     287.00     287.31     0.9108     -0.9631     64.929     63.355     65.892     444.36    2783.08
  1947.417     3.2196     315.83     287.04     287.35     0.8454     -0.4250     65.103     64.624     65.528     444.60    2782.60
  1948.417     3.7091     315.73     286.81     286.92     0.6703      0.9647     68.243     69.054     67.278     444.56    2783.52
  1949.417     3.7359     315.40     286.93     287.13     0.7783      0.6292     64.994     67.384     64.365     440.43    2788.72
  1950.417     3.9439     316.37     286.84     286.93     0.8589     -1.0638     64.570     66.565     65.634     438.95    2788.91
  1951.417     4.8643     316.98     286.79     286.83     0.8480     -0.7516     66.720     66.840     67.471     439.26    2787.57
  1952.417     4.7944     317.31     286.95     287.08     0.9055     -1.2452     63.584     64.990     64.829     438.85    2787.80
  1953.417     5.1639     319.39     286.97     287.30     1.2927     -2.9897     64.087     68.765     67.077     433.59    2788.73
  1954.417     5.0223     320.93     286.94     287.11     1.4718     -3.0247     64.284     71.127     67.308     425.78    2793.90
  1955.417     5.1539     322.23     287.03     287.21     1.2932     -2.4150     66.175     71.566     68.589     419.52    2797.86
  1956.417     5.1339     323.75     287.06     287.24     1.5022     -2.8992     64.327     68.922     67.226     418.87    2795.97
  1957.417     5.1503     326.27     287.08     287.53     1.4889     -4.2142     64.107     70.488     68.321     407.15    2802.84
  1958.417     5.6033     328.37     286.95     287.05     1.4027     -3.7370     65.531     70.115     69.268     406.55    2799.98
  1959.417     5.5781     329.82     286.94     287.08     1.4974     -2.0816     67.115     69.480     69.197     401.48    2802.42
  1960.417     5.9587     330.19     286.85     286.93     1.4386     -0.1560     68.491     70.110     68.647     402.16    2801.93
  1961.417     5.2259     330.37     286.81     286.83     1.5083      0.8734     67.587     68.416     66.714     399.19    2806.10
  1962.417     5.1971     331.03     286.93     287.07     1.5766      0.2399     66.555     66.550     66.315     400.83    2804.46
  1963.417     5.1321     331.83     286.97     287.08     1.3946     -0.4407     64.442     63.650     64.883     400.47    2804.77
  1964.417     5.2639     333.19     286.88     286.93     1.5608     -0.3104     65.373     64.467     65.683     403.31    2800.98
  1965.417     5.4592     333.47     286.74     286.78     1.4363      0.8478     66.488     66.502     65.640     401.77    2803.63
  1966.417     5.5460     333.74     286.74     286.81     1.4586      1.3037     66.702     66.597     65.398     401.46    2805.37
  1967.417     6.2432     333.76     286.69     286.52     1.4638      1.9022     67.332     65.660     65.430     404.54    2803.69
  1968.417     6.0513     333.34     286.72     286.68     1.2926      3.2154     68.635     66.774     65.419     405.26    2806.73
  1969.417     5.9545     333.21     286.84     286.92     1.3733      2.6010     65.861     65.074     63.260     407.84    2807.13
  1970.417     6.1878     334.63     286.89     287.06     1.3312      0.2024     65.267     67.032     65.065     404.75    2810.19
  1971.417     6.6662     336.68     286.98     287.19     1.4209     -1.4476     65.438     68.318     66.886     401.43    2811.81
  1972.417     6.7648     338.54     286.98     287.21     1.4980     -1.1596     66.248     67.551     67.407     400.53    2811.43
  1973.417     6.9823     340.39     286.90     286.87     1.4188     -0.1159     66.765     67.195     66.881     400.34    2811.59
  1974.417     7.9131     341.25     286.78     286.75     1.4109      0.6147     67.262     67.319     66.648     399.06    2813.16
  1975.417     7.2268     342.14     286.82     286.79     1.5197      1.5019     67.486     66.377     65.984     402.01    2812.13
  1976.417     7.6631     342.74     286.95     287.11     1.7054      1.3092     66.616     66.587     65.307     401.77    2813.81
  1977.417     7.4089     344.62     286.95     287.08     1.6534      0.3737     66.413     68.015     66.039     398.88    2816.78
  1978.417     8.0353     345.86     286.90     287.00     1.4835      0.8358     68.829     68.418     67.993     399.39    2817.18
  1979.417     8.0426     346.78     286.87     286.89     1.6385      1.8323     67.685     65.729     65.853     403.33    2815.20
  1980.417     8.0457     347.92     286.90     286.95     1.8680      1.4445     66.295     64.473     64.851     401.82    2818.02
  1981.417     8.0563     348.98     286.92     286.94     1.6456      1.7749     68.204     64.775     66.429     408.71    2812.91
  1982.417     7.6531     349.89     286.98     287.16     1.6586      1.3963     65.784     64.575     64.388     409.79    2813.75
  1983.417     8.3939     351.62     286.79     286.62     1.9328      0.4765     66.948     69.653     66.471     404.41    2818.60
  1984.417     8.1624     352.14     286.91     286.85     2.0411      1.8709     68.545     69.028     66.674     404.75    2820.50
  1985.417     7.9007     352.85     287.08     287.12     1.6704      1.4026     66.182     65.006     64.780     407.47    2820.15
  1986.417     8.3814     355.61     287.06     287.17     1.8221     -0.6717     66.299     67.086     66.971     405.75    2820.08
  1987.417     8.6684     357.66     287.12     287.33     1.9548     -1.1014     66.960     69.875     68.062     403.36    2821.81
  1988.417     8.9112     360.00     287.01     287.08     2.2179     -1.0623     66.763     71.804     67.826     398.36    2825.51
  1989.417     8.8067     362.43     287.19     287.39     2.2497     -1.8334     67.474     72.799     69.307     390.82    2831.90
  1990.417     9.4537     365.69     287.14     287.17     2.4887     -2.2465     66.934     68.478     69.181     389.90    2829.33
  1991.417     9.0761     367.48     287.20     287.39     2.5468     -0.3942     69.327     67.466     69.721     393.70    2825.92
  1992.417     9.1405     368.67     287.08     287.29     2.6474      0.8890     68.526     67.032     67.637     393.79    2826.96
  1993.417     9.2804     370.48     287.19     287.29     2.5789     -0.3473     66.697     66.260     67.044     395.19    2824.68
  1994.417     9.5559     372.70     287.26     287.41     2.4038     -0.8503     67.277     67.026     68.128     394.25    2824.74
  1995.417     9.5832     374.54     287.23     287.53     2.6166     -0.2016     68.151     66.553     68.352     395.96    2823.17
  1996.417     9.8524     376.29     287.27     287.44     2.6580      0.0157     67.575     64.508     67.559     400.24    2818.83
  1997.417     9.6018     378.43     287.48     287.98     2.4594      0.2438     68.799     66.149     68.555     402.06    2816.98
  1998.417     9.8983     379.82     287.50     287.83     2.3250      0.9536     69.707     68.185     68.754     404.02    2816.15
  1999.417     9.6503     381.46     287.38     287.75     2.1194      1.6893     69.124     67.534     67.435     404.59    2816.80
  2000.417     9.7403     382.02     287.30     287.51     2.0529      3.8212     73.211     71.123     69.390     408.88    2816.86
  2001.417     9.2830     382.59     287.41     287.73     2.2157      3.6087     68.584     68.932     64.975     406.83    2822.88
  2002.417     9.3503     384.44     287.36     287.67     2.1815      1.9738     70.582     71.858     68.608     405.16    2826.01
  2003.417     9.9088     385.87     287.44     287.73     2.1839      1.8337     69.462     67.810     67.628     406.31    2827.04
  2004.417    10.1937     388.05     287.42     287.63     2.5197      1.3754     68.806     65.604     67.431     412.31    2822.00
  2005.417    11.0248     389.64     287.46     287.65     2.2963      1.8779     70.614     68.891     68.736     411.94    2824.53
  2006.417    10.7029     391.88     287.59     288.07     2.3902      0.9459     68.880     68.823     67.934     412.78    2825.17
  2007.417    11.5069     395.37     287.64     288.11     2.4445     -1.0834     67.609     68.117     68.692     411.94    2824.13
  2008.417    11.8313     398.41     287.54     287.89     2.8933     -0.4673     70.555     71.155     71.023     411.28    2824.29
  2009.417    11.8223     400.73     287.59     287.96     2.7889      0.6969     70.334     70.474     69.637     410.99    2825.69
  2010.417    12.1942     403.38     287.57     287.81     2.9682      0.5933     71.125     72.115     70.532     411.46    2825.75
  2011.417    12.7269     406.29     287.77     288.30     3.0429     -0.3804     69.988     72.725     70.368     406.33    2830.33
  2012.417    12.8473     409.62     287.65     287.90     3.0742     -0.2566     70.967     72.151     71.223     405.64    2830.34
  2013.417    13.0931     411.58     287.71     288.04     2.8272      2.6083     75.199     72.503     72.591     408.79    2830.31
  2014.417    13.2032     413.52     287.90     288.44     2.9944      2.7148     71.644     69.286     68.929     412.87    2829.39
  2015.417    13.7230     416.82     287.82     288.36     3.3287      0.9030     72.099     72.603     71.196     410.01    2832.46
  2016.417    14.2968     419.83     287.87     288.33     3.1552      0.8711     72.560     73.434     71.689     410.18    2833.32
  2017.417    14.3068     422.69     287.90     288.33     3.2440      0.8804     73.228     74.086     72.348     409.67    2835.13
  2018.417    14.7327     426.81     288.00     288.51     3.2364     -0.6207     70.394     73.692     71.015     406.35    2837.37
  2019.417    15.0204     431.18     288.00     288.45     3.3485     -0.6239     74.147     77.855     74.771     400.49    2842.45
  2020.417    14.9924     435.06     287.99     288.67     3.1865     -0.5212     70.937     73.044     71.459     401.08    2842.10
  2021.417    15.1366     440.48     288.18     288.90     3.8498     -2.0400     70.944     72.386     72.984     397.20    2843.08
  2022.417    15.1455     444.96     288.15     288.68     3.7405     -1.0185     72.062     72.645     73.081     399.22    2840.10
  2023.417    15.2990     448.82     288.11     288.65     3.6588      0.6446     73.735     74.826     73.090     396.08    2844.08
  2024.417    15.5843     452.38     288.14     288.82     3.8027      0.6832     74.471     75.603     73.787     396.04    2845.48
  2025.417    16.2100     457.37     288.29     289.08     3.6960     -1.3676     71.717     71.390     73.084     394.70    2844.86
  2026.417    16.3679     463.10     288.49     289.37     3.9737     -2.6910     71.389     70.481     74.080     398.71    2838.00
  2027.417    16.2909     468.23     288.50     289.17     4.1220     -1.7986     72.831     72.803     74.630     395.82    2839.39
  2028.417    16.6587     473.45     288.59     289.46     4.2718     -1.4725     72.458     71.618     73.930     397.42    2835.90
  2029.417    17.0011     477.82     288.55     289.20     4.1579      0.2999     74.875     72.530     74.576     401.41    2832.07
  2030.417    16.7104     481.39     288.55     289.36     4.0933      1.8569     74.909     73.264     73.052     400.43    2835.62
  2031.417    17.6847     485.41     288.62     289.51     4.0748      1.5677     75.898     74.269     74.330     405.05    2832.42
  2032.417    17.9589     489.74     288.52     289.31     4.2187      1.3399     76.055     75.460     74.715     403.59    2835.06
  2033.417    18.3550     494.40     288.67     289.53     4.1342      0.4996     74.808     75.437     74.308     403.15    2835.99
  2034.417    18.3188     499.66     288.74     289.62     4.1623      0.5952     75.902     75.683     75.307     403.77    2835.85
  2035.417    18.4987     504.66     288.89     289.81     4.0246      0.3102     75.140     74.110     74.830     403.88    2836.53
  2036.417    19.0568     510.49     288.85     289.85     4.3215     -0.4518     74.540     72.247     74.991     407.16    2832.24
  2037.417    19.4044     515.83     288.94     289.85     4.3983      0.1248     75.443     72.750     75.318     410.27    2829.45
  2038.417    19.8616     521.32     288.92     289.84     4.4986      0.9553     77.145     75.067     76.189     410.96    2829.65
  2039.417    20.1581     526.36     289.03     290.06     4.2796      0.7509     75.526     74.202     74.775     414.28    2827.54
  2040.417    20.2861     532.70     289.10     290.01     4.6783     -0.7302     74.505     75.951     75.236     412.07    2828.84
  2041.417    20.7830     539.66     289.09     290.04     4.7407     -1.6704     75.169     78.403     76.840     407.72    2830.98
  2042.417    21.1861     545.61     289.04     290.04     4.6417      0.2968     79.812     81.491     79.515     406.83    2832.14
  2043.417    21.2828     550.73     288.99     289.92     4.6033      2.4884     79.569     80.847     77.081     405.67    2835.98
  2044.417    21.6126     556.11     289.07     289.97     4.6871      2.1815     80.111     81.818     77.930     403.06    2841.56
  2045.417    22.1805     562.18     289.28     290.33     4.7884      1.4248     80.922     80.430     79.497     403.78    2841.57
  2046.417    22.7213     568.28     289.43     290.47     4.5783      0.5982     80.791     78.364     80.193     406.62    2840.16
  2047.417    23.8414     575.71     289.63     290.69     4.6480     -0.7455     78.352     76.274     79.098     409.34    2835.30
  2048.417    23.2859     583.00     289.56     290.66     5.2855     -0.7732     80.083     79.547     80.856     409.54    2835.40
  2049.417    24.5807     589.72     289.52     290.74     4.9666     -0.0251     80.329     80.260     80.354     408.32    2835.61
  2050.417    24.4518     596.52     289.52     290.55     4.9812      1.5119     82.232     81.637     80.720     411.39    2834.51
  2051.417    24.5746     602.54     289.56     290.55     4.9067      2.7132     82.840     83.198     80.127     408.48    2840.42
  2052.417    24.7465     609.67     289.62     290.61     4.8370      1.7579     82.171     82.012     80.413     409.70    2840.87
  2053.417    25.8204     616.68     289.74     291.04     5.1152      1.1143     83.651     82.473     82.537     411.27    2840.27
  2054.417    26.1408     624.07     289.83     291.21     5.0535      0.3378     83.062     82.681     82.724     410.80    2841.45
  2055.417    26.1437     632.74     289.85     291.12     5.2788     -0.4385     81.912     80.671     82.351     412.10    2839.28
  2056.417    26.8232     640.59     289.90     291.04     5.4430     -0.0027     82.499     81.594     82.502     415.56    2835.98
  2057.417    26.9939     648.95     289.92     291.22     5.4395      0.3763     83.616     84.404     83.240     410.23    2841.43
  2058.417    27.3930     657.10     290.13     291.53     5.2094      0.0465     83.658     81.917     83.611     414.36    2837.94
  2059.417    27.7218     666.19     290.30     291.76     5.4135     -0.3373     83.781     79.037     84.118     419.09    2832.20
  2060.417    27.8303     674.52     290.30     291.71     5.4536      0.9610     86.257     82.482     85.296     424.59    2827.72
  2061.417    28.0352     682.37     290.44     292.09     5.1839      1.1841     83.639     83.682     82.455     422.66    2831.59
  2062.417    28.1759     692.37     290.42     291.78     5.2777     -1.1340     82.722     85.594     83.856     420.72    2832.30
  2063.417    28.7346     702.78     290.63     292.30     5.5429     -3.3856     81.250     84.221     84.635     415.39    2833.45
  2064.417    28.9757     712.82     290.59     292.01     5.5390     -2.3862     85.669     86.198     88.055     416.83    2829.76
  2065.417    28.7364     722.51     290.60     292.03     5.5717     -0.8254     83.919     83.305     84.744     417.54    2828.57
  2066.417    29.3147     732.19     290.65     292.08     5.5600     -1.3357     84.963     85.898     86.299     416.19    2828.83
  2067.417    29.6372     742.22     290.79     292.48     5.7295     -1.9125     84.461     86.901     86.374     415.01    2827.89
  2068.417    30.0364     753.41     290.83     292.58     6.0383     -3.0522     84.700     88.328     87.753     408.30    2830.99
  2069.417    30.1509     763.34     290.84     292.52     5.8872     -2.0985     87.406     88.440     89.504     408.80    2828.83
  2070.417    30.1929     773.38     290.88     292.42     5.7249     -0.6112     87.586     85.467     88.197     411.26    2825.75
  2071.417    30.7690     783.25     291.12     292.88     5.7091     -1.2024     87.392     85.191     88.594     413.31    2822.43
  2072.417    30.4975     794.21     291.23     292.89     5.6823     -1.9520     86.639     85.933     88.591     415.23    2818.73
  2073.417    30.7171     805.26     291.42     293.31     5.7502     -2.4922     87.930     89.128     90.422     412.23    2818.97
  2074.417    30.7880     816.22     291.33     293.09     5.9866     -2.6935     87.476     88.718     90.170     411.64    2817.04
  2075.417    31.0246     826.91     291.34     292.95     5.7653     -1.5763     88.934     88.662     90.511     411.47    2815.17
  2076.417    30.8503     837.22     291.49     293.23     5.7771     -0.7483     89.823     88.931     90.571     413.41    2813.42
  2077.417    31.4272     848.39     291.56     293.26     5.6036     -1.7995     87.849     87.265     89.649     412.64    2811.74
  2078.417    31.6506     859.73     291.78     293.77     5.6975     -3.4198     87.501     87.288     90.920     414.62    2806.95
  2079.417    31.8985     872.06     291.85     293.80     5.6878     -4.2045     88.409     89.835     92.614     412.81    2803.98
  2080.417    32.2015     884.19     291.93     294.09     5.8331     -5.3561     87.247     89.499     92.603     408.29    2803.61
  2081.417    32.3017     897.49     291.96     294.20     6.2539     -6.1137     85.304     85.402     91.418     410.15    2794.43
  2082.417    31.9129     909.45     291.92     293.96     5.7691     -4.3863     88.937     87.628     93.323     411.11    2790.39
  2083.417    32.4943     922.05     292.22     294.44     5.7632     -4.5183     86.239     85.818     90.757     411.86    2784.85
  2084.417    32.0841     935.13     292.30     294.52     5.9371     -6.1052     87.785     88.277     93.890     411.45    2778.93
  2085.417    32.9806     948.09     292.38     294.63     5.8659     -6.0514     86.665     89.131     92.716     409.60    2774.70
  2086.417    32.7899     961.17     292.45     294.69     5.9424     -6.0894     87.783     92.816     93.873     403.00    2775.23
  2087.417    32.9546     974.10     292.41     294.55     5.9629     -4.7089     91.027     94.615     95.736     399.00    2773.74
  2088.417    32.8729     985.29     292.46     294.58     5.9232     -2.9809     90.365     90.975     93.345     399.06    2771.80
  2089.417    32.7611     997.41     292.69     294.94     5.6863     -2.6714     90.755     89.786     93.426     400.43    2767.16
  2090.417    32.6887    1009.51     292.73     294.96     5.9376     -3.0156     91.255     89.147     94.271     401.73    2763.56
  2091.417    32.6122    1022.62     293.00     295.50     5.7776     -4.9950     87.463     85.602     92.458     405.63    2754.41
  2092.417    32.5638    1036.81     293.13     295.59     5.7343     -7.3988     86.576     86.656     93.975     403.70    2749.03
  2093.417    32.7350    1051.46     293.25     295.84     5.7296     -8.8916     84.674     86.653     93.566     403.22    2740.50
  2094.417    32.8492    1066.38     293.18     295.55     5.9267     -8.7632     86.335     88.583     95.098     399.14    2735.13
  2095.417    32.7824    1080.00     293.24     295.68     5.7735     -6.7539     89.249     90.844     96.003     398.96    2729.14
  2096.417    32.5237    1093.65     293.43     296.17     5.8663     -6.6610     87.861     90.318     94.522     396.35    2724.88
  2097.417    32.6616    1107.29     293.43     295.95     5.8453     -6.5680     92.535     95.610     99.103     392.10    2722.89
  2098.417    32.9413    1120.58     293.48     296.01     5.7246     -5.4978     91.719     92.752     97.217     390.93    2717.83
  2099.417    32.9336    1133.65     293.67     296.36     5.6193     -5.2326     92.519     92.229     97.752     393.16    2711.27
  2100.417    33.0179    1147.14     293.78     296.45     5.9365     -4.8614     89.420     89.098     94.282     391.28    2706.62
