     time     emission      CO2       tas    tas_land     fgco2      fnep      fnpp      fveglitter       frh     cveg        csoil
  1851.417     0.5584     285.95     286.28     286.04    -0.1276     -0.4513    121.930    122.008    122.381    1377.35    1243.86
  1852.417     0.6543     285.93     286.06     285.63    -0.0868      0.6849    122.503    122.207    121.818    1377.75    1244.60
  1853.417     0.6670     285.82     286.22     285.85    -0.0862      0.9300    122.583    122.336    121.653    1378.21    1245.47
  1854.417     0.6757     286.36     286.41     286.28    -0.1331     -0.4184    121.840    122.068    122.258    1377.70    1244.91
  1855.417     0.6759     286.68     286.07     285.63    -0.0877     -0.0033    120.982    121.047    120.985    1377.70    1245.08
  1856.417     0.6843     286.74     286.30     286.00     0.0134      0.2712    120.758    120.959    120.487    1377.72    1245.62
  1857.417     0.6925     287.25     286.35     286.02     0.1435     -0.8310    120.347    120.962    121.178    1376.78    1245.48
  1858.417     0.6999     287.81     286.38     286.25     0.1201     -0.9591    121.541    121.733    122.500    1376.65    1244.51
  1859.417     0.7105     288.07     286.13     285.87    -0.0098      0.4773    122.749    122.133    122.271    1377.31    1244.29
  1860.417     0.7240     287.85     286.24     285.92    -0.0998      1.0411    122.812    122.275    121.771    1378.02    1245.17
  1861.417     0.7344     288.25     286.46     286.34     0.0667     -0.1390    122.812    122.701    122.951    1377.95    1244.76
  1862.417     0.6908     288.67     286.23     286.00     0.0308      0.1068    122.732    122.320    122.625    1378.32    1244.14
  1863.417     0.6867     288.42     286.37     286.11    -0.0491      1.0330    123.143    122.451    122.110    1379.21    1244.92
  1864.417     0.6948     288.61     286.51     286.18     0.0959      0.2219    124.507    124.043    124.285    1379.58    1244.60
  1865.417     0.7042     289.07     286.56     286.41     0.1803     -0.6116    122.880    122.778    123.492    1379.71    1243.66
  1866.417     0.7089     289.38     286.35     286.08     0.1865     -0.0488    121.120    121.117    121.169    1379.53    1243.61
  1867.417     0.7163     289.15     286.21     285.87     0.0363      0.9387    122.845    122.493    121.906    1380.07    1244.47
  1868.417     0.7179     289.25     286.42     286.33     0.0183      0.5840    123.076    122.635    122.492    1380.54    1244.52
  1869.417     0.7257     289.66     286.28     286.05     0.1422     -0.1740    120.975    120.917    121.149    1380.44    1244.18
  1870.417     0.7305     289.85     286.41     286.25     0.0389     -0.0439    122.061    121.991    122.105    1380.66    1244.14
  1871.417     0.7647     290.22     286.34     286.06     0.1837     -0.0319    121.928    121.765    121.960    1380.64    1243.92
  1872.417     0.8566     290.38     286.33     286.16     0.2279      0.2398    122.987    122.691    122.747    1381.06    1243.76
  1873.417     0.8956     290.43     286.39     286.21     0.1045      0.3546    122.073    121.790    121.718    1381.37    1244.15
  1874.417     0.8936     290.79     286.50     286.31     0.2366     -0.0757    122.472    122.347    122.548    1381.39    1243.60
  1875.417     0.9149     290.88     286.17     285.97     0.1431      0.5757    122.618    122.185    122.042    1381.79    1243.85
  1876.417     0.9255     290.81     286.26     285.93    -0.0277      0.8857    123.107    122.740    122.221    1382.46    1244.56
  1877.417     0.9382     291.27     286.42     286.21     0.0946     -0.1426    121.606    121.759    121.749    1382.01    1244.26
  1878.417     0.9482     291.62     286.25     285.88     0.2642     -0.1953    121.117    121.431    121.312    1381.83    1244.65
  1879.417     0.9697     291.93     286.41     286.27     0.2325      0.1717    122.888    122.796    122.716    1381.84    1244.53
  1880.417     1.0069     291.99     286.08     285.69     0.2507      0.9314    122.442    122.048    121.511    1382.15    1244.92
  1881.417     1.0447     291.50     286.15     285.74    -0.0031      1.7214    123.627    123.225    121.905    1382.82    1246.78
  1882.417     1.0288     291.85     286.47     286.30     0.0244      0.6953    124.566    124.078    123.870    1383.08    1246.76
  1883.417     1.0427     292.40     286.40     286.32     0.2054     -0.4519    122.194    122.084    122.646    1383.39    1246.02
  1884.417     1.0515     292.90     286.20     285.88     0.2663     -0.2067    120.221    120.439    120.427    1382.93    1246.03
  1885.417     1.0597     292.90     286.31     286.13     0.1117      0.3602    122.512    122.475    122.152    1383.20    1246.57
  1886.417     1.0676     293.27     286.36     286.20     0.1673      0.2244    122.779    122.652    122.555    1383.15    1246.55
  1887.417     1.0818     293.58     286.22     286.08     0.0941      0.4572    122.503    122.276    122.046    1383.31    1246.68
  1888.417     1.1124     293.56     286.20     285.88     0.0729      1.0932    123.692    123.244    122.599    1384.02    1247.49
  1889.417     1.1148     293.83     286.33     286.21     0.1100      0.9135    122.907    122.534    121.994    1384.21    1247.90
  1890.417     1.1429     294.01     286.34     286.00     0.1845      0.4688    123.973    123.693    123.504    1384.65    1248.33
  1891.417     1.1595     294.44     286.54     286.38     0.3088     -0.3357    123.252    123.136    123.588    1384.66    1247.73
  1892.417     1.1730     295.02     286.37     286.25     0.3214     -0.2856    122.740    122.569    123.025    1384.69    1246.94
  1893.417     1.1748     294.68     286.20     285.84     0.2886      1.0883    123.996    123.430    122.907    1385.57    1248.00
  1894.417     1.2026     295.01     286.38     286.16     0.1810      0.8730    122.642    122.282    121.769    1385.67    1248.15
  1895.417     1.2338     295.16     286.33     286.22     0.2053      0.4387    123.387    123.156    122.948    1386.06    1248.67
  1896.417     1.2506     295.60     286.45     286.37     0.1802      0.1686    124.069    123.830    123.901    1386.23    1248.40
  1897.417     1.2765     296.06     286.34     286.26     0.3919      0.0306    122.195    122.111    122.165    1386.19    1248.12
  1898.417     1.3050     295.81     285.98     285.68     0.2363      1.8476    124.156    123.545    122.308    1386.86    1249.61
  1899.417     1.3518     295.51     286.32     286.13    -0.0024      2.1211    125.321    124.388    123.200    1387.97    1251.02
  1900.417     1.3912     296.03     286.43     286.17     0.0196      0.5510    125.884    125.243    125.333    1388.51    1250.70
  1901.417     1.4661     296.49     286.24     285.92     0.1415      0.6976    123.761    123.291    123.063    1388.89    1250.70
  1902.417     1.5001     296.46     286.29     285.92     0.2317      1.0692    123.712    123.437    122.643    1389.34    1251.94
  1903.417     1.5802     296.94     286.43     286.22     0.2306      0.4076    125.033    124.852    124.626    1389.37    1251.93
  1904.417     1.6194     297.45     286.28     286.11     0.1674      0.5358    124.592    124.185    124.056    1389.83    1251.97
  1905.417     1.6914     297.67     286.22     285.91     0.2072      0.9480    124.497    123.858    123.549    1390.44    1252.48
  1906.417     1.7603     298.14     286.41     286.20     0.2565      0.4620    124.946    124.416    124.484    1391.14    1252.41
  1907.417     1.8693     298.95     286.48     286.30     0.3671     -0.2478    122.705    122.524    122.953    1391.09    1251.81
  1908.417     1.8557     299.47     286.29     286.01     0.5920      0.5403    123.466    123.111    122.926    1391.41    1251.89
  1909.417     1.8932     299.36     286.37     286.11     0.4247      1.3815    125.097    124.378    123.716    1392.40    1253.00
  1910.417     1.9356     299.96     286.52     286.34     0.4460      0.5055    125.148    124.544    124.642    1392.80    1252.52
  1911.417     1.9041     300.48     286.35     286.10     0.5065     -0.0722    123.681    123.425    123.753    1393.20    1252.49
  1912.417     1.9001     301.25     286.41     286.27     0.5028     -0.0693    123.355    123.262    123.424    1393.12    1251.96
  1913.417     1.9455     301.57     286.26     286.06     0.5208      0.5155    123.319    123.092    122.803    1393.51    1252.45
  1914.417     1.8474     301.88     286.33     285.96     0.4799      0.7057    124.229    123.956    123.523    1393.61    1253.00
  1915.417     1.8158     302.17     286.52     286.42     0.4261      0.6464    125.824    125.145    125.178    1394.35    1252.69
  1916.417     1.8813     302.32     286.19     285.96     0.1946      1.5700    126.509    125.343    124.939    1395.49    1253.14
  1917.417     1.9350     302.30     286.46     286.32     0.2131      1.4487    126.748    125.776    125.300    1396.68    1254.02
  1918.417     1.9299     303.03     286.48     286.37     0.3563      0.6049    126.606    125.855    126.001    1397.13    1253.32
  1919.417     1.8058     303.11     286.14     285.86     0.3157      1.5391    126.892    125.882    125.353    1398.32    1254.02
  1920.417     1.9354     303.03     286.37     286.21     0.3762      1.9703    126.575    125.761    124.604    1399.13    1255.48
  1921.417     1.8690     303.45     286.50     286.38     0.2916      0.7108    126.194    125.779    125.483    1399.51    1255.54
  1922.417     1.9036     303.84     286.31     286.07     0.4489      0.8146    125.338    124.688    124.524    1400.17    1255.62
  1923.417     2.0325     303.88     286.40     286.29     0.3293      1.2596    125.905    125.163    124.645    1400.96    1256.39
  1924.417     2.0512     304.46     286.47     286.36     0.3345      0.4679    125.229    124.784    124.761    1401.33    1256.18
  1925.417     2.0640     305.14     286.38     286.33     0.3390      0.3644    125.302    124.911    124.938    1401.70    1256.19
  1926.417     2.0576     305.42     286.32     286.14     0.2882      1.0142    126.945    126.273    125.930    1402.44    1256.61
  1927.417     2.1818     305.87     286.52     286.44     0.3661      0.8400    125.938    125.284    125.098    1403.09    1256.77
  1928.417     2.2047     306.38     286.60     286.55     0.4228      0.4012    125.767    125.299    125.365    1403.53    1256.74
  1929.417     2.3195     307.05     286.41     286.20     0.5866      0.2116    123.242    123.072    123.031    1403.68    1256.71
  1930.417     2.3079     307.52     286.50     286.37     0.4604      0.6129    126.270    125.878    125.657    1404.05    1256.95
  1931.417     2.1965     307.87     286.49     286.37     0.5040      1.2798    125.331    124.553    124.052    1404.79    1257.26
  1932.417     2.0101     307.76     286.40     286.24     0.4239      1.7978    127.480    126.599    125.682    1405.83    1258.59
  1933.417     2.0279     308.03     286.55     286.38     0.4363      1.2092    126.219    125.478    125.009    1406.57    1258.95
  1934.417     2.1034     308.69     286.47     286.29     0.4247      0.6818    126.433    125.864    125.751    1406.89    1258.66
  1935.417     2.1586     308.56     286.25     285.87     0.4873      1.7051    127.095    126.262    125.390    1408.01    1260.06
  1936.417     2.2698     308.92     286.48     286.26     0.4405      1.3651    126.570    125.987    125.205    1408.49    1260.58
  1937.417     2.3465     309.47     286.47     286.34     0.4740      0.9955    127.324    126.695    126.328    1409.01    1260.90
  1938.417     2.2813     309.54     286.39     286.24     0.5222      1.5938    127.549    126.616    125.955    1410.16    1261.76
  1939.417     2.3382     310.09     286.64     286.58     0.4698      0.9963    127.934    127.163    126.937    1410.76    1261.85
  1940.417     2.4403     310.79     286.37     286.26     0.5169      1.0728    127.197    126.428    126.124    1411.48    1261.98
  1941.417     2.4704     310.87     286.30     285.96     0.3725      1.9534    127.989    127.107    126.035    1412.60    1263.35
  1942.417     2.4917     311.19     286.55     286.30     0.4430      1.3366    127.240    126.627    125.903    1413.07    1264.13
  1943.417     2.5410     312.02     286.63     286.38     0.7680      0.3457    127.312    126.680    126.966    1413.55    1263.62
  1944.417     2.5379     312.61     286.63     286.47     0.7440      0.4766    127.107    126.298    126.630    1414.73    1263.40
  1945.417     2.3152     313.31     286.57     286.50     0.6592      0.6095    125.576    125.047    124.966    1414.94    1263.16
  1946.417     2.4756     313.51     286.42     286.08     0.7122      0.8164    126.830    126.208    126.014    1415.70    1263.92
  1947.417     2.6670     314.19     286.69     286.55     0.5829      0.7284    128.247    127.234    127.518    1416.57    1263.32
  1948.417     2.7652     314.89     286.65     286.49     0.9106      0.5772    126.780    125.818    126.203    1417.66    1262.91
  1949.417     2.7106     315.36     286.67     286.66     0.7546      0.8280    128.696    127.764    127.868    1418.69    1262.88
  1950.417     2.8785     316.10     286.55     286.51     0.7054      0.6665    126.890    126.141    126.223    1419.18    1262.61
  1951.417     3.2017     316.48     286.36     286.22     0.8409      1.4031    127.877    127.130    126.474    1420.19    1263.44
  1952.417     3.3032     316.96     286.53     286.40     0.7458      1.7498    127.537    126.691    125.787    1420.93    1264.36
  1953.417     3.3607     317.67     286.60     286.50     0.6201      1.1281    128.512    127.827    127.384    1421.53    1264.71
  1954.417     3.4518     318.15     286.42     286.45     0.8039      2.0483    129.534    128.406    127.485    1422.68    1265.51
  1955.417     3.6794     318.35     286.35     286.10     0.5815      2.6517    130.421    129.133    127.769    1424.06    1267.33
  1956.417     3.8810     319.29     286.66     286.66     0.6654      1.5303    130.109    128.994    128.579    1425.16    1267.48
  1957.417     4.0046     320.57     286.66     286.72     0.7189      0.6993    129.186    128.221    128.487    1426.16    1267.15
  1958.417     4.1146     321.79     286.64     286.52     0.8476      0.4792    127.734    126.983    127.255    1426.75    1267.03
  1959.417     4.1597     322.82     286.73     286.81     0.9862      0.9230    128.633    127.591    127.710    1427.83    1266.61
  1960.417     4.2603     323.30     286.55     286.44     0.9985      2.4415    131.986    130.275    129.544    1429.61    1267.50
  1961.417     4.3475     323.81     286.62     286.32     0.8905      2.6262    130.791    129.228    128.164    1431.27    1268.80
  1962.417     4.4517     324.99     286.74     286.61     1.0141      1.1871    130.099    129.130    128.912    1432.07    1268.80
  1963.417     4.6205     326.19     286.59     286.49     1.1473      1.2638    129.616    128.534    128.353    1433.15    1268.84
  1964.417     4.7798     326.96     286.58     286.46     1.1208      2.0636    130.038    128.847    127.974    1434.51    1269.98
  1965.417     4.9595     328.04     286.67     286.65     1.0061      1.8871    131.371    130.210    129.484    1435.45    1270.57
  1966.417     5.1338     328.99     286.39     286.28     1.1053      2.5770    131.128    129.659    128.551    1436.98    1271.54
  1967.417     5.2551     329.42     286.43     286.16     0.8699      3.6219    132.636    130.984    129.014    1438.78    1273.77
  1968.417     5.3867     330.33     286.67     286.60     0.8826      2.9342    131.979    130.602    129.045    1440.12    1275.44
  1969.417     5.6238     332.01     286.82     286.91     0.9851      1.2432    131.848    130.756    130.604    1441.14    1275.48
  1970.417     5.9023     333.90     286.87     286.99     1.2122      0.8480    131.722    130.538    130.874    1442.31    1274.84
  1971.417     5.9579     335.29     286.62     286.41     1.2302      2.1444    132.996    131.524    130.851    1443.76    1275.60
  1972.417     6.1127     336.25     286.69     286.47     1.3393      2.8182    133.231    131.592    130.413    1445.43    1277.09
  1973.417     6.3581     337.63     286.81     286.70     1.3221      2.3143    134.861    133.132    132.547    1447.22    1277.54
  1974.417     6.3630     339.19     286.70     286.63     1.3317      2.6032    133.726    131.839    131.123    1448.88    1277.89
  1975.417     6.3685     339.84     286.61     286.42     1.4081      3.6042    135.635    133.505    132.031    1451.36    1279.98
  1976.417     6.6602     341.16     286.85     286.81     1.4462      2.9811    135.719    133.641    132.738    1453.29    1280.59
  1977.417     6.8314     342.82     286.68     286.65     1.4989      2.4046    133.924    132.089    131.519    1454.95    1280.91
  1978.417     7.0354     343.81     286.66     286.41     1.3553      3.4534    135.895    133.776    132.441    1457.33    1282.71
  1979.417     7.1616     345.27     286.81     286.70     1.3464      3.3733    136.957    134.772    133.584    1459.39    1283.63
  1980.417     7.1014     346.65     286.76     286.60     1.4519      3.2958    137.052    134.763    133.756    1461.64    1284.64
  1981.417     7.0030     347.88     286.85     286.70     1.4737      3.7154    139.657    136.991    135.942    1464.44    1285.87
  1982.417     7.1520     349.51     287.03     287.07     1.3381      2.7944    139.676    137.095    136.882    1466.99    1285.86
  1983.417     7.2595     351.04     286.78     286.68     1.6246      3.1253    137.986    135.551    134.860    1469.32    1286.51
  1984.417     7.5039     352.21     286.84     286.71     1.5276      3.7657    138.056    135.763    134.290    1471.81    1288.26
  1985.417     7.6984     354.05     287.06     287.13     1.4589      2.7094    137.872    135.937    135.162    1473.53    1288.85
  1986.417     7.8288     355.80     286.84     286.79     1.6692      2.8264    137.544    135.642    134.718    1475.46    1289.72
  1987.417     8.0459     357.27     287.06     286.97     1.5779      3.2425    139.936    137.686    136.694    1477.85    1291.04
  1988.417     8.3058     359.45     287.25     287.31     1.8818      2.2039    139.203    136.965    136.999    1479.94    1290.71
  1989.417     8.4146     361.63     287.09     287.19     1.9085      2.1486    139.354    137.054    137.206    1482.33    1290.65
  1990.417     8.4076     363.61     287.23     287.28     1.9138      2.5895    139.498    137.040    136.909    1484.76    1290.62
  1991.417     8.6250     365.43     287.07     287.08     1.8798      3.1389    140.412    137.886    137.273    1487.21    1291.28
  1992.417     8.4133     366.85     287.09     287.02     1.8775      3.6757    141.350    138.669    137.675    1490.10    1292.55
  1993.417     8.4595     368.75     287.34     287.43     2.0570      2.4948    140.129    137.617    137.634    1492.49    1292.42
  1994.417     8.4883     371.17     287.29     287.41     2.0836      1.7821    139.450    137.168    137.668    1494.69    1291.67
  1995.417     8.5599     372.91     287.21     287.31     2.0455      2.7805    139.435    137.052    136.654    1497.16    1292.28
  1996.417     8.7240     374.80     287.39     287.48     1.9135      3.0534    141.633    139.060    138.580    1499.69    1292.63
  1997.417     8.7290     376.55     287.39     287.42     2.0746      3.1402    142.145    139.394    139.004    1502.57    1293.15
  1998.417     8.6340     378.30     287.29     287.45     1.9782      4.2120    143.386    140.264    139.174    1505.37    1293.91
  1999.417     8.5830     379.27     287.25     287.28     1.8878      4.8303    143.614    140.369    138.783    1509.01    1296.12
  2000.417     8.7459     381.08     287.47     287.66     1.8193      3.9730    144.850    141.814    140.877    1511.84    1296.68
  2001.417     8.7732     383.04     287.41     287.47     2.0512      3.3217    143.590    140.740    140.269    1514.68    1296.98
  2002.417     8.8796     384.43     287.25     287.17     1.9751      3.7898    142.631    140.086    138.841    1517.43    1298.68
  2003.417     9.1587     386.62     287.43     287.43     2.0806      3.3068    141.732    139.564    138.425    1519.33    1299.39
  2004.417     9.4885     388.52     287.29     287.18     2.1193      3.3662    142.201    139.845    138.835    1521.72    1300.73
  2005.417     9.6874     390.61     287.50     287.55     2.0140      3.5339    144.046    141.349    140.512    1524.55    1301.43
  2006.417     9.1138     392.83     287.48     287.48     2.2095      3.3943    144.868    141.963    141.474    1527.31    1301.72
  2007.417     9.2690     394.26     287.46     287.51     2.1106      4.3772    145.091    141.793    140.713    1530.70    1303.17
  2008.417     9.5543     396.27     287.56     287.61     2.1732      3.8770    146.243    143.067    142.366    1533.94    1303.70
  2009.417     9.8396     398.44     287.43     287.55     2.1213      3.9018    145.551    142.459    141.650    1536.76    1304.09
  2010.417    10.1253     399.73     287.26     287.10     2.1432      5.4428    148.520    145.057    143.077    1540.55    1306.87
  2011.417    10.4086     402.00     287.65     287.72     2.1571      4.0385    146.393    143.322    142.355    1543.67    1307.51
  2012.417    10.6923     405.06     287.58     287.70     2.3525      2.7159    144.363    141.834    141.647    1545.75    1307.34
  2013.417    10.9759     406.95     287.41     287.43     2.2751      4.6383    147.790    144.584    143.151    1549.27    1309.18
  2014.417    11.2596     409.04     287.67     287.69     2.2460      4.9807    149.213    145.551    144.232    1553.06    1310.49
  2015.417    11.5433     412.01     287.66     287.69     2.4589      3.5145    146.314    143.269    142.800    1555.84    1310.79
  2016.417    11.8269     414.68     287.56     287.69     2.5813      3.9484    146.566    143.780    142.618    1558.69    1311.89
  2017.417    12.1106     417.15     287.55     287.57     2.4400      4.7383    148.302    145.290    143.563    1561.79    1313.82
  2018.417    12.3942     419.95     287.67     287.67     2.5089      4.4550    150.353    147.062    145.898    1564.87    1314.93
  2019.417    12.6779     422.74     287.72     287.82     2.6821      4.6449    151.161    147.433    146.516    1568.75    1315.83
  2020.417    12.9614     425.46     287.61     287.62     2.6091      5.4840    152.412    148.304    146.927    1572.82    1316.98
  2021.417    13.2123     427.87     287.60     287.57     2.5970      5.9577    152.535    148.399    146.577    1577.13    1319.30
  2022.417    13.4601     431.06     287.83     287.87     2.7138      5.0270    151.928    148.229    146.901    1580.68    1320.25
  2023.417    13.7079     434.17     287.66     287.71     2.6859      4.9301    151.449    147.769    146.519    1584.28    1321.60
  2024.417    13.9557     437.15     287.84     287.91     2.7906      5.5783    154.071    150.007    148.493    1588.46    1323.07
  2025.417    14.2035     440.19     287.74     287.68     2.6134      5.6659    154.240    150.083    148.574    1592.61    1324.68
  2026.417    14.4513     443.49     288.01     288.17     2.8073      4.7853    154.142    150.285    149.357    1596.65    1325.80
  2027.417    14.6991     447.58     287.99     288.17     2.9666      3.9794    153.082    149.533    149.102    1599.73    1325.64
  2028.417    14.9469     450.80     287.77     287.83     2.9894      5.0689    153.273    149.596    148.204    1603.79    1327.51
  2029.417    15.1947     454.33     287.96     288.07     3.1637      5.0904    153.696    150.011    148.606    1607.37    1328.77
  2030.417    15.4428     458.13     287.88     288.01     3.1070      4.6895    152.755    149.207    148.065    1610.89    1329.88
  2031.417    15.7590     461.87     288.00     288.07     3.0534      4.9375    154.125    150.389    149.188    1614.65    1331.31
  2032.417    16.0817     465.90     288.10     288.26     3.1254      5.0314    157.294    153.099    152.263    1618.82    1331.76
  2033.417    16.4044     469.62     287.99     288.10     3.1648      5.2453    155.749    151.506    150.503    1623.11    1333.03
  2034.417    16.7271     473.69     287.96     287.94     3.1407      5.4335    155.180    151.187    149.746    1627.02    1334.40
  2035.417    17.0499     477.80     288.20     288.39     3.2088      5.3370    158.022    153.758    152.685    1631.24    1335.46
  2036.417    17.3726     482.06     288.18     288.23     3.2797      5.4724    158.640    153.982    153.168    1636.09    1336.35
  2037.417    17.6953     486.42     288.19     288.27     3.2872      5.8576    159.691    155.089    153.833    1640.48    1337.35
  2038.417    18.0180     490.38     288.00     287.92     3.3673      6.9620    160.123    155.283    153.161    1645.42    1339.64
  2039.417    18.3407     494.36     288.20     288.20     3.2601      7.4282    162.128    156.888    154.700    1650.85    1342.05
  2040.417    18.6635     499.09     288.23     288.20     3.4016      6.1082    160.778    156.044    154.669    1655.31    1343.09
  2041.417    19.0337     503.60     288.13     288.10     3.4344      6.1528    160.844    156.165    154.691    1660.11    1344.91
  2042.417    19.4082     508.43     288.27     288.27     3.4863      6.3723    162.425    157.572    156.052    1665.00    1346.15
  2043.417    19.7828     513.50     288.29     288.38     3.5256      5.6972    161.442    156.865    155.745    1669.53    1347.28
  2044.417    20.1573     518.69     288.38     288.50     3.4954      5.7280    161.657    156.976    155.929    1674.19    1348.47
  2045.417    20.5318     524.07     288.49     288.57     3.6931      5.8211    162.044    157.298    156.222    1678.90    1349.48
  2046.417    20.9064     529.30     288.50     288.66     3.7428      6.0208    164.222    159.052    158.202    1684.13    1350.25
  2047.417    21.2809     534.62     288.28     288.29     3.7361      6.7958    162.423    157.152    155.627    1689.34    1351.74
  2048.417    21.6554     539.82     288.29     288.35     3.6146      7.1159    162.998    158.128    155.882    1694.33    1354.20
  2049.417    22.0300     545.52     288.54     288.62     3.7574      6.2746    165.534    160.705    159.260    1699.09    1355.65
  2050.417    22.4045     551.73     288.46     288.55     3.8658      6.0217    163.811    158.833    157.789    1703.93    1356.22
  2051.417    22.7762     556.93     288.33     288.28     3.7506      7.4379    165.629    160.269    158.191    1709.60    1358.96
  2052.417    23.1475     563.18     288.63     288.64     3.8300      6.7669    166.225    160.907    159.458    1714.64    1360.20
  2053.417    23.5189     569.70     288.70     288.90     3.9690      5.8066    167.228    161.742    161.421    1720.19    1360.24
  2054.417    23.8903     575.90     288.70     288.88     3.9825      6.7573    168.203    162.145    161.446    1726.21    1361.35
  2055.417    24.2617     582.48     288.86     289.06     3.9598      6.4139    169.978    163.863    163.564    1732.63    1361.37
  2056.417    24.6331     589.44     288.89     289.03     4.0514      6.2104    167.964    162.078    161.754    1738.15    1361.46
  2057.417    25.0044     595.88     288.87     288.94     4.0973      7.3072    170.432    164.389    163.125    1744.38    1363.22
  2058.417    25.3758     602.64     289.05     289.14     4.1177      7.2004    171.425    165.267    164.225    1750.54    1364.14
  2059.417    25.7472     609.74     289.01     289.06     4.1307      6.8214    169.935    163.997    163.114    1756.34    1364.66
  2060.417    26.1185     616.25     288.82     288.79     4.2176      7.8166    169.201    163.358    161.384    1762.29    1366.91
  2061.417    26.3860     623.16     288.99     288.94     4.1844      7.7853    171.671    165.699    163.886    1768.31    1368.90
  2062.417    26.6440     630.73     289.24     289.39     4.3069      6.1682    171.143    165.288    164.975    1774.07    1369.15
  2063.417    26.9020     638.45     289.13     289.21     4.4283      6.6422    171.846    165.679    165.204    1780.04    1369.10
  2064.417    27.1601     644.76     288.94     288.92     4.1887      8.9720    175.297    168.211    166.325    1787.50    1371.75
  2065.417    27.4181     652.32     289.28     289.54     4.2896      8.2112    176.643    169.637    168.431    1794.45    1372.60
  2066.417    27.6761     660.27     289.35     289.51     4.3676      6.5500    173.962    167.564    167.412    1800.64    1372.78
  2067.417    27.9341     668.07     289.32     289.51     4.3786      7.0587    175.137    168.794    168.078    1807.14    1373.12
  2068.417    28.1921     675.50     289.27     289.32     4.2838      7.9244    174.930    168.487    167.006    1813.65    1375.38
  2069.417    28.4502     683.44     289.51     289.79     4.4152      8.0954    177.780    171.099    169.685    1820.00    1376.12
  2070.417    28.7082     690.92     289.31     289.40     4.2956      8.8647    178.954    171.839    170.089    1827.32    1377.99
  2071.417    28.8726     698.20     289.47     289.60     4.2185      8.9791    179.167    172.089    170.188    1834.65    1380.41
  2072.417    29.0287     706.61     289.65     289.80     4.4475      7.4864    177.681    170.967    170.194    1840.99    1380.35
  2073.417    29.1847     714.25     289.48     289.56     4.4748      8.0364    179.013    171.983    170.977    1848.23    1382.11
  2074.417    29.3407     722.28     289.75     289.98     4.3597      8.6180    181.646    174.159    173.028    1855.49    1382.89
  2075.417    29.4967     730.22     289.73     289.93     4.2622      8.3304    182.010    174.306    173.680    1863.51    1383.54
  2076.417    29.6527     738.48     289.89     290.17     4.3905      7.7290    181.230    173.707    173.501    1870.97    1384.07
  2077.417    29.8087     747.43     290.04     290.25     4.4756      6.7994    179.576    172.635    172.777    1877.72    1383.07
  2078.417    29.9647     755.39     289.90     290.03     4.4517      7.9208    180.375    173.231    172.454    1884.93    1384.81
  2079.417    30.1207     763.89     290.20     290.49     4.2435      8.2871    184.822    177.023    176.535    1892.67    1384.91
  2080.417    30.2767     772.52     290.21     290.56     4.4136      7.7065    184.678    176.736    176.971    1900.79    1384.33
  2081.417    30.3806     780.84     290.16     290.49     4.5625      8.0841    184.750    177.120    176.666    1908.41    1385.25
  2082.417    30.4797     789.40     290.17     290.42     4.3707      8.2985    183.360    175.940    175.061    1915.73    1385.96
  2083.417    30.5789     797.86     290.29     290.67     4.2621      8.3637    188.448    180.531    180.084    1923.61    1386.38
  2084.417    30.6780     806.01     290.20     290.51     4.4828      8.9947    185.617    177.274    176.623    1932.02    1387.06
  2085.417    30.7771     814.61     290.42     290.80     4.4242      8.5771    189.662    181.539    181.085    1940.28    1387.76
  2086.417    30.8762     823.62     290.45     290.83     4.5224      7.8751    188.001    180.349    180.126    1947.67    1387.32
  2087.417    30.9754     831.69     290.44     290.89     4.3271      8.5942    188.212    180.832    179.618    1955.22    1389.29
  2088.417    31.0745     840.73     290.65     291.17     4.3950      8.2616    188.694    181.212    180.433    1962.58    1389.49
  2089.417    31.1736     849.42     290.61     291.14     4.4266      8.1039    189.528    181.792    181.425    1970.41    1390.48
  2090.417    31.2727     858.57     290.84     291.40     4.4332      7.6936    191.945    183.824    184.252    1978.53    1389.69
  2091.417    31.3185     867.50     290.64     291.04     4.5924      8.3607    189.874    181.565    181.513    1986.54    1389.21
  2092.417    31.3593     875.08     290.80     291.24     4.3110     10.2936    196.985    187.918    186.692    1996.13    1391.56
  2093.417    31.4002     884.08     291.01     291.48     4.3709      9.1324    196.018    186.911    186.886    2004.95    1390.78
  2094.417    31.4411     892.74     290.86     291.19     4.2964      8.4143    193.942    185.483    185.528    2013.51    1390.99
  2095.417    31.4820     901.62     290.97     291.32     4.4257      8.8524    195.162    186.780    186.309    2021.81    1391.28
  2096.417    31.5229     910.39     291.09     291.53     4.3687      8.2684    193.401    185.255    185.133    2030.13    1391.78
  2097.417    31.5638     919.80     291.22     291.72     4.4809      7.6990    193.322    185.657    185.623    2037.57    1391.08
  2098.417    31.6047     927.97     290.96     291.31     4.2662      9.5087    195.815    187.775    186.306    2045.54    1393.24
  2099.417    31.6456     936.40     291.26     291.85     4.2030      9.6155    197.760    189.447    188.145    2054.36    1394.60
  2100.417    31.6865     946.20     291.38     291.83     4.3923      7.7229    197.158    189.221    189.435    2061.37    1393.69
