     time     emission      CO2       tas    tas_land     fgco2      fnep      fnpp      fveglitter       frh     cveg        csoil
  1851.417  -999.0000     283.33     285.80     285.17     0.0421      0.2104     63.985     63.692     63.774    1275.98     908.61
  1852.417  -999.0000     283.25     285.69     284.78    -0.0168      0.5999     62.894     63.246     62.295    1276.30     909.54
  1853.417  -999.0000     283.30     285.90     285.20    -0.0036      0.1605     62.293     63.572     62.132    1273.72     911.92
  1854.417  -999.0000     283.87     285.85     285.08     0.2576     -0.5531     61.122     61.891     61.675    1273.69     911.51
  1855.417  -999.0000     284.08     285.78     285.14     0.2812     -0.4249     62.967     62.898     63.392    1273.47     910.81
  1856.417  -999.0000     283.76     285.76     285.16     0.2269      0.3163     63.968     63.495     63.652    1274.03     910.89
  1857.417  -999.0000     284.03     285.70     284.97     0.1066      0.5443     61.259     60.744     60.715    1275.11     911.01
  1858.417  -999.0000     284.56     285.63     284.76     0.2750     -0.2658     61.821     62.233     62.087    1274.19     910.86
  1859.417  -999.0000     284.66     285.78     285.06     0.2221     -0.7704     61.387     62.301     62.158    1273.27     911.47
  1860.417  -999.0000     285.35     285.99     285.53     0.3574     -1.4786     61.480     62.057     62.958    1272.58     910.34
  1861.417  -999.0000     285.44     285.78     285.12     0.3744     -1.2107     63.071     63.094     64.281    1272.63     908.83
  1862.417  -999.0000     285.28     285.80     285.10     0.2045      0.0548     62.576     62.207     62.521    1273.15     908.86
  1863.417  -999.0000     285.37     285.81     285.00     0.4301      0.1612     61.991     61.740     61.829    1273.44     908.71
  1864.417  -999.0000     285.59     285.99     285.45     0.2639     -0.6738     61.604     61.569     62.278    1273.27     908.20
  1865.417  -999.0000     285.77     285.90     285.36     0.3841     -0.5845     63.263     62.907     63.847    1273.53     906.71
  1866.417  -999.0000     285.50     285.91     285.38     0.3969      0.6005     62.388     61.545     61.787    1274.72     906.79
  1867.417  -999.0000     285.34     285.75     284.89     0.2104      1.1503     62.577     62.105     61.427    1275.34     907.34
  1868.417  -999.0000     285.63     285.90     285.03     0.2069      0.3753     61.618     61.914     61.243    1274.60     908.46
  1869.417  -999.0000     286.01     285.96     285.30     0.3002     -0.4416     60.713     61.052     61.154    1274.40     908.16
  1870.417  -999.0000     285.74     285.64     285.15     0.4569     -0.2579     62.583     62.701     62.841    1274.30     907.44
  1871.417  -999.0000     285.65     285.73     285.04     0.2194      0.3692     63.698     63.471     63.329    1274.16     908.43
  1872.417  -999.0000     285.67     285.65     284.90     0.2293      0.8444     62.926     62.138     62.081    1275.59     907.73
  1873.417  -999.0000     285.80     285.91     285.18     0.3054      0.4410     60.968     60.525     60.527    1275.91     908.70
  1874.417  -999.0000     286.68     285.88     285.23     0.4087     -0.9042     60.875     61.029     61.779    1275.40     907.06
  1875.417  -999.0000     286.73     285.57     284.77     0.5284     -0.4281     63.135     62.945     63.563    1275.68     906.59
  1876.417  -999.0000     286.24     285.70     284.91     0.1858      1.0489     63.375     62.671     62.326    1276.50     907.16
  1877.417  -999.0000     286.34     285.78     285.02     0.2071      0.8444     60.775     60.335     59.931    1277.30     907.34
  1878.417  -999.0000     286.81     285.71     284.94     0.3608     -0.3528     60.858     61.344     61.211    1276.45     907.79
  1879.417  -999.0000     287.03     285.79     284.94     0.4691     -0.7989     61.549     62.221     62.348    1275.42     907.75
  1880.417  -999.0000     287.55     285.77     284.93     0.4688     -0.4021     61.209     61.152     61.611    1275.93     906.79
  1881.417  -999.0000     287.27     285.85     285.21     0.4360      0.0903     63.067     62.406     62.976    1276.13     906.46
  1882.417  -999.0000     287.27     285.75     284.96     0.3001      0.8642     62.115     61.084     61.250    1277.87     906.18
  1883.417  -999.0000     287.25     285.63     284.78     0.3290      0.7815     62.108     61.425     61.326    1278.21     906.44
  1884.417  -999.0000     286.33     285.16     284.34     0.9569      1.6688     64.524     64.257     62.856    1278.38     907.22
  1885.417  -999.0000     285.35     285.04     284.18     0.6018      2.3902     62.256     62.072     59.866    1278.96     910.64
  1886.417  -999.0000     285.04     285.18     284.28     0.2650      1.3870     63.671     63.744     62.284    1278.24     910.91
  1887.417  -999.0000     284.81     285.25     284.34     0.1471      1.3061     63.427     63.341     62.121    1278.89     913.15
  1888.417  -999.0000     284.97     285.34     284.34     0.1632      0.6764     62.098     62.084     61.422    1278.68     913.28
  1889.417  -999.0000     285.71     285.59     284.75     0.1796     -0.7497     60.748     61.110     61.498    1278.37     913.41
  1890.417  -999.0000     287.03     285.64     285.03     0.6368     -1.6348     60.717     61.285     62.352    1277.82     911.50
  1891.417  -999.0000     286.78     285.21     284.43     0.6748     -0.5948     64.440     64.727     65.034    1276.93     911.46
  1892.417  -999.0000     286.09     285.28     284.49     0.3338      0.4348     62.915     63.536     62.481    1278.35     912.29
  1893.417  -999.0000     287.15     285.58     284.89     0.3375     -1.8505     60.441     62.834     62.291    1273.36     913.98
  1894.417  -999.0000     287.95     285.54     284.70     0.5095     -2.5907     62.012     63.867     64.603    1272.57     912.16
  1895.417  -999.0000     288.76     285.56     284.76     0.5345     -1.0961     61.504     61.686     62.600    1272.32     911.77
  1896.417  -999.0000     289.05     285.52     284.73     0.3741     -0.8634     61.848     61.862     62.711    1272.49     910.45
  1897.417  -999.0000     289.63     285.61     284.88     0.7129     -0.5882     62.360     62.117     62.948    1272.31     909.91
  1898.417  -999.0000     289.58     285.51     284.57     0.4727      0.4839     63.036     62.267     62.552    1273.57     909.29
  1899.417  -999.0000     289.94     285.81     285.04     0.2895      0.3832     61.447     60.624     61.064    1274.28     909.72
  1900.417  -999.0000     290.89     285.76     284.93     0.6666     -1.0713     60.421     60.281     61.492    1274.74     907.41
  1901.417  -999.0000     291.57     285.59     284.91     0.7213     -0.8905     62.591     62.887     63.481    1273.58     907.40
  1902.417  -999.0000     291.57     285.62     284.90     0.6079      0.6800     63.153     62.759     62.473    1274.46     907.34
  1903.417  -999.0000     290.81     285.29     284.38     0.9153      1.9775     63.819     62.609     61.842    1275.58     908.57
  1904.417  -999.0000     290.49     285.38     284.36     0.6521      1.7409     61.431     60.303     59.690    1277.15     909.07
  1905.417  -999.0000     290.70     285.43     284.61     0.6829      0.3923     63.078     62.473     62.686    1277.27     908.77
  1906.417  -999.0000     290.56     285.43     284.68     0.4774      0.5166     64.827     64.083     64.310    1277.90     908.27
  1907.417  -999.0000     290.98     285.57     284.72     0.4147      0.9828     62.027     60.931     61.044    1279.73     908.68
  1908.417  -999.0000     291.39     285.50     284.75     0.3621      0.4454     63.034     62.519     62.588    1279.58     908.35
  1909.417  -999.0000     291.94     285.58     284.88     0.4972      0.0737     62.100     61.813     62.026    1280.09     908.05
  1910.417  -999.0000     291.98     285.34     284.55     0.6592      1.1114     64.791     64.079     63.680    1280.54     908.18
  1911.417  -999.0000     291.69     285.53     284.59     0.3029      2.0635     63.689     62.655     61.625    1282.00     910.05
  1912.417  -999.0000     292.12     285.64     284.83     0.5668      1.0120     63.129     62.262     62.117    1282.71     909.49
  1913.417  -999.0000     292.45     285.48     284.70     0.6090      0.3519     63.145     62.750     62.794    1283.19     909.70
  1914.417  -999.0000     292.93     285.60     284.76     0.4928      0.5210     62.778     62.570     62.257    1283.12     910.09
  1915.417  -999.0000     293.74     285.97     285.07     0.3672     -0.4416     60.818     60.860     61.259    1283.68     909.94
  1916.417  -999.0000     295.13     285.94     285.17     0.8055     -1.7781     61.695     62.244     63.473    1282.34     908.10
  1917.417  -999.0000     295.35     285.77     285.01     0.8600     -0.9415     64.164     64.229     65.106    1282.34     907.37
  1918.417  -999.0000     295.72     285.92     285.30     0.6780      0.2599     60.826     60.197     60.566    1283.70     907.40
  1919.417  -999.0000     296.78     286.08     285.42     0.6949     -1.4118     60.673     60.739     62.084    1283.18     905.89
  1920.417  -999.0000     297.46     285.84     285.21     0.9482     -1.7515     63.829     64.087     65.580    1282.48     903.65
  1921.417  -999.0000     296.96     285.69     285.00     0.7327      1.0119     65.864     64.873     64.852    1283.71     904.51
  1922.417  -999.0000     296.74     285.98     285.20     0.3765      1.8282     62.198     60.738     60.370    1286.00     904.63
  1923.417  -999.0000     298.02     286.13     285.51     0.8408     -0.3108     61.140     60.873     61.451    1285.62     904.40
  1924.417  -999.0000     298.38     285.99     285.30     0.8015     -0.7872     64.678     64.868     65.465    1285.09     902.78
  1925.417  -999.0000     298.15     286.01     285.17     0.6701      1.1683     64.421     63.680     63.253    1286.15     904.56
  1926.417  -999.0000     298.71     286.17     285.40     0.6964      1.0062     62.062     61.005     61.056    1287.53     903.63
  1927.417  -999.0000     299.23     286.06     285.34     0.7517      0.1010     64.217     63.674     64.116    1287.69     903.27
  1928.417  -999.0000     299.26     285.86     285.14     0.6863      1.0928     64.500     64.085     63.407    1288.19     904.00
  1929.417  -999.0000     299.68     285.74     284.93     0.7822      1.3901     63.006     62.535     61.616    1288.81     905.19
  1930.417  -999.0000     299.63     285.57     284.87     0.7937      1.2548     65.441     65.189     64.186    1288.86     905.72
  1931.417  -999.0000     300.02     285.84     285.06     0.5786      1.1583     63.458     63.202     62.300    1289.17     907.43
  1932.417  -999.0000     300.85     285.80     284.98     0.9056      0.2444     62.765     62.531     62.520    1289.58     906.66
  1933.417  -999.0000     300.74     285.66     284.75     0.7917      0.4617     65.343     65.033     64.881    1289.29     907.22
  1934.417  -999.0000     300.89     285.90     285.09     0.7224      1.1461     63.198     62.378     62.052    1290.87     907.36
  1935.417  -999.0000     300.85     285.69     284.84     0.7477      1.3667     66.398     65.437     65.031    1291.23     907.55
  1936.417  -999.0000     300.32     285.69     284.79     0.5594      2.2459     64.914     63.919     62.668    1292.71     909.15
  1937.417  -999.0000     300.70     285.92     285.14     0.5162      1.5756     63.265     62.494     61.689    1293.40     910.25
  1938.417  -999.0000     301.50     285.82     285.11     0.7277     -0.0955     63.622     63.504     63.718    1293.46     909.36
  1939.417  -999.0000     301.88     285.85     285.25     0.6923     -0.1917     65.062     65.182     65.254    1293.19     909.75
  1940.417  -999.0000     302.21     285.80     284.97     0.5163      0.4674     64.967     64.720     64.499    1293.28     909.67
  1941.417  -999.0000     302.81     286.03     285.14     0.6407      0.4345     62.367     61.838     61.933    1294.47     910.11
  1942.417  -999.0000     303.94     286.16     285.37     1.0022     -1.1442     61.468     61.769     62.612    1293.91     908.70
  1943.417  -999.0000     304.77     285.95     285.28     1.0312     -1.5822     65.485     66.230     67.068    1292.49     907.76
  1944.417  -999.0000     304.53     285.79     284.99     0.8349      0.7013     66.792     66.535     66.090    1293.29     908.56
  1945.417  -999.0000     304.70     285.90     285.09     0.6895      0.9155     63.031     62.454     62.115    1294.17     909.07
  1946.417  -999.0000     305.64     286.10     285.48     0.7012     -0.7622     64.678     64.637     65.440    1293.57     907.73
  1947.417  -999.0000     306.14     286.06     285.35     0.9117     -0.1575     65.374     64.897     65.532    1294.20     907.61
  1948.417  -999.0000     306.99     286.18     285.62     0.8882      0.4940     63.196     62.390     62.702    1295.65     906.85
  1949.417  -999.0000     308.01     286.24     285.76     0.8711     -0.5505     63.866     63.980     64.416    1295.01     906.75
  1950.417  -999.0000     308.46     286.10     285.32     0.9993     -0.7002     65.827     66.184     66.527    1294.33     906.16
  1951.417  -999.0000     309.13     286.34     285.78     0.9021     -0.1719     63.377     63.070     63.549    1295.25     906.09
  1952.417  -999.0000     310.06     286.11     285.42     1.2530      0.4030     66.431     65.793     66.028    1295.21     904.99
  1953.417  -999.0000     309.52     285.95     285.29     0.8923      2.5018     68.418     66.989     65.916    1296.95     906.65
  1954.417  -999.0000     309.68     286.17     285.43     0.6769      2.9856     63.354     61.702     60.368    1299.37     908.48
  1955.417  -999.0000     311.40     286.21     285.67     1.2158     -0.0109     63.710     63.519     63.721    1298.96     907.75
  1956.417  -999.0000     311.70     285.94     285.23     1.1743     -0.3685     68.140     68.268     68.508    1298.05     907.08
  1957.417  -999.0000     311.54     285.94     285.30     0.8930      2.5947     68.375     67.026     65.780    1300.32     908.65
  1958.417  -999.0000     312.34     286.21     285.36     0.7598      2.7109     63.688     62.378     60.977    1302.04     910.73
  1959.417  -999.0000     314.05     286.35     285.68     1.2656     -0.0095     63.899     64.114     63.909    1301.04     910.23
  1960.417  -999.0000     314.69     285.96     285.01     1.2318      0.2369     68.524     68.712     68.287    1300.61     910.32
  1961.417  -999.0000     314.91     286.11     285.51     1.0583      2.1392     66.654     65.830     64.515    1302.14     912.52
  1962.417  -999.0000     315.76     286.16     285.53     1.0608      2.1645     68.988     67.936     66.823    1302.62     912.89
  1963.417  -999.0000     316.10     285.98     285.10     1.1399      2.7564     67.426     66.052     64.669    1304.27     915.03
  1964.417  -999.0000     316.92     285.92     285.15     1.4524      2.4691     65.283     64.029     62.814    1306.11     915.69
  1965.417  -999.0000     317.77     285.93     285.19     1.3176      1.0581     67.638     67.256     66.580    1305.46     916.66
  1966.417  -999.0000     318.77     285.98     285.07     1.0583      1.1885     66.109     65.656     64.920    1306.62     916.99
  1967.417  -999.0000     320.09     286.18     285.43     1.3547      1.2873     66.332     65.740     65.045    1306.89     918.40
  1968.417  -999.0000     321.30     286.12     285.40     1.2515      0.8300     66.772     66.372     65.942    1307.41     917.93
  1969.417  -999.0000     322.85     286.17     285.46     1.4364      0.7318     65.929     65.783     65.197    1307.78     919.23
  1970.417  -999.0000     324.31     286.30     285.65     1.4047      0.3195     66.763     66.832     66.443    1306.97     919.35
  1971.417  -999.0000     325.79     286.24     285.58     1.7339      0.9446     67.830     67.145     66.885    1308.15     919.50
  1972.417  -999.0000     326.30     286.07     285.23     1.6318      2.2575     68.846     67.654     66.589    1309.42     920.32
  1973.417  -999.0000     327.63     286.36     285.64     1.3648      1.8421     67.462     66.484     65.620    1310.24     922.24
  1974.417  -999.0000     329.38     286.52     285.85     1.6899      0.3671     68.295     67.376     67.928    1311.28     920.63
  1975.417  -999.0000     330.47     286.31     285.66     1.6691      1.1745     71.320     69.987     70.146    1312.07     920.61
  1976.417  -999.0000     331.36     286.22     285.46     1.5877      3.3382     68.218     66.599     64.879    1314.96     922.30
  1977.417  -999.0000     333.07     286.21     285.57     1.7317      2.5067     67.466     66.883     64.960    1314.58     925.03
  1978.417  -999.0000     334.78     286.21     285.57     1.5992      1.2802     68.797     68.612     67.517    1314.66     925.32
  1979.417  -999.0000     336.27     286.43     285.88     1.6243      1.5760     67.410     66.500     65.834    1316.04     926.62
  1980.417  -999.0000     338.41     286.49     286.02     1.9057      0.7481     67.856     67.300     67.108    1316.69     925.99
  1981.417  -999.0000     339.92     286.35     285.88     1.9411      0.8455     70.962     70.793     70.117    1316.02     926.96
  1982.417  -999.0000     340.47     286.32     285.71     1.7968      3.0787     71.918     70.719     68.839    1317.69     928.82
  1983.417  -999.0000     341.35     286.26     285.56     1.9451      4.0686     69.701     67.842     65.633    1319.94     931.54
  1984.417  -999.0000     342.91     286.35     285.66     2.0863      2.8631     70.903     69.634     68.040    1320.85     932.44
  1985.417  -999.0000     344.20     286.39     285.79     1.6273      2.3090     69.920     68.880     67.611    1321.85     934.64
  1986.417  -999.0000     346.60     286.54     285.96     1.8684      1.6996     69.298     68.174     67.598    1323.26     934.25
  1987.417  -999.0000     347.94     286.22     285.54     1.8947      1.8389     73.063     71.976     71.224    1323.84     935.26
  1988.417  -999.0000     349.23     286.40     285.82     1.7746      3.0857     71.617     70.357     68.531    1325.72     937.08
  1989.417  -999.0000     351.31     286.37     285.63     1.8392      2.5655     71.493     70.367     68.927    1326.38     939.12
  1990.417  -999.0000     353.30     286.73     286.15     1.8398      1.4436     72.054     70.896     70.610    1327.61     938.78
  1991.417  -999.0000     355.79     286.79     286.22     2.0891      1.1491     70.845     69.500     69.696    1329.28     938.56
  1992.417  -999.0000     357.35     286.52     285.81     2.7537      1.9184     70.498     69.479     68.580    1329.94     939.94
  1993.417  -999.0000     358.90     286.61     286.01     2.4299      2.1059     71.251     70.318     69.145    1331.04     940.46
  1994.417  -999.0000     360.26     286.51     285.82     2.1344     -1.3375     73.761     75.144     75.099    1331.98     941.94
  1995.417  -999.0000     362.25     286.65     286.09     1.9187     -3.8993     72.915     77.324     76.814    1322.47     938.54
  1996.417  -999.0000     364.10     286.64     286.10     2.1278      2.0329     73.047     74.268     71.014    1324.03     946.68
  1997.417  -999.0000     366.70     286.98     286.55     2.1164      3.4316     70.309     68.841     66.877    1326.47     946.27
  1998.417  -999.0000     369.75     286.89     286.36     2.3166     -0.9302     70.824     71.389     71.755    1324.40     946.09
  1999.417  -999.0000     371.70     286.63     285.95     2.3150      0.6366     75.435     75.744     74.798    1324.05     947.11
  2000.417  -999.0000     373.03     286.86     286.21     2.0383      2.8183     74.918     73.394     72.100    1326.20     948.56
  2001.417  -999.0000     375.57     286.99     286.42     2.2102      2.2421     73.495     71.530     71.253    1328.12     948.96
  2002.417  -999.0000     377.39     286.92     286.45     2.3022      2.1250     75.607     73.943     73.482    1329.76     948.67
  2003.417  -999.0000     379.54     287.18     286.61     1.9958      2.8053     74.482     72.837     71.677    1331.24     950.76
  2004.417  -999.0000     381.39     287.21     286.73     2.3614      2.8255     76.756     74.589     73.930    1333.29     950.80
  2005.417  -999.0000     382.86     287.23     286.80     2.3031      2.9791     75.035     72.547     72.056    1336.49     951.64
  2006.417  -999.0000     385.59     287.20     286.76     2.4681      2.1257     73.422     71.861     71.296    1337.75     951.90
  2007.417  -999.0000     386.75     286.87     286.22     2.6259      3.1001     79.698     78.457     76.598    1338.10     953.30
  2008.417  -999.0000     387.63     287.15     286.70     2.0648      5.3708     75.533     73.165     70.163    1341.59     957.69
  2009.417  -999.0000     390.40     287.31     286.91     2.5153      3.6453     74.616     72.362     70.971    1343.66     958.12
  2010.417  -999.0000     392.44     287.02     286.55     2.4449      2.6187     77.929     76.415     75.310    1344.67     959.02
  2011.417  -999.0000     394.54     287.33     286.84     2.2736      3.0625     74.640     73.335     71.578    1346.89     961.82
  2012.417  -999.0000     397.97     287.51     287.13     2.6799      0.9169     74.511     74.044     73.595    1346.49     961.56
  2013.417  -999.0000     400.70     287.31     287.04     2.7784      0.7134     78.199     77.533     77.486    1346.93     961.43
  2014.417  -999.0000     402.74     287.38     286.99     2.6506      3.2074     79.640     77.527     76.433    1349.56     962.40
  2015.417  -999.0000     405.49     287.49     287.01     2.4535      4.2177     77.193     74.763     72.975    1352.19     965.04
  2016.417  -999.0000     408.02     287.50     287.15     2.7919      3.3303     78.907     76.924     75.577    1353.73     965.61
  2017.417  -999.0000     410.71     287.81     287.69     2.8820      2.5802     77.252     75.504     74.672    1356.06     966.95
  2018.417  -999.0000     414.25     287.85     287.76     2.9241      1.9304     77.221     76.055     75.290    1356.80     967.22
  2019.417  -999.0000     417.51     287.61     287.40     3.0734      2.4247     79.792     78.737     77.367    1357.58     968.85
  2020.417  -999.0000     419.64     287.56     287.18     2.9302      4.5515     81.515     79.507     76.963    1359.78     971.25
  2021.417  -999.0000     422.74     287.82     287.49     2.8036      4.6637     78.473     76.111     73.809    1362.67     973.96
  2022.417  -999.0000     425.82     287.54     287.15     3.0783      4.1202     82.881     80.968     78.761    1363.85     975.44
  2023.417  -999.0000     428.20     287.78     287.36     2.8107      4.8045     82.718     80.408     77.914    1366.33     978.97
  2024.417  -999.0000     431.93     288.07     287.79     2.9757      3.9108     78.940     76.377     75.029    1369.65     979.54
  2025.417  -999.0000     435.43     287.87     287.59     3.2663      3.3742     84.475     82.604     81.101    1370.41     980.89
  2026.417  -999.0000     437.76     287.98     287.60     2.9058      5.0409     84.281     81.956     79.240    1373.19     984.29
  2027.417  -999.0000     441.64     288.38     288.26     2.9085      4.1924     80.948     78.365     76.756    1376.43     985.68
  2028.417  -999.0000     445.64     288.02     287.74     3.4288      3.2622     85.109     83.485     81.847    1377.06     986.39
  2029.417  -999.0000     447.87     288.03     287.71     3.0198      5.7450     88.182     86.164     82.437    1379.19     991.32
  2030.417  -999.0000     451.50     288.47     288.41     2.9640      5.4149     82.806     80.174     77.391    1382.73     994.20
  2031.417  -999.0000     456.47     288.42     288.35     3.4076      2.4562     82.636     81.172     80.180    1383.65     994.46
  2032.417  -999.0000     460.78     288.17     287.92     3.5011      2.9319     86.843     85.951     83.911    1383.99     996.34
  2033.417  -999.0000     463.60     288.20     287.98     3.4231      5.3194     88.890     86.701     83.571    1386.40    1000.24
  2034.417  -999.0000     467.33     288.38     288.37     3.3855      5.5894     86.928     83.768     81.338    1390.13    1002.02
  2035.417  -999.0000     471.51     288.31     288.22     3.5516      5.3973     88.934     86.240     83.537    1392.58    1004.82
  2036.417  -999.0000     476.02     288.60     288.59     3.4391      3.9627     83.720     82.807     79.757    1394.58    1008.72
  2037.417  -999.0000     482.10     288.62     288.49     3.5366      0.6046     84.966     86.149     84.361    1391.43    1009.64
  2038.417  -999.0000     486.27     288.35     288.18     3.8535      2.6031     92.911     92.701     90.308    1391.35    1011.73
  2039.417  -999.0000     489.25     288.36     288.26     3.4139      7.2870     91.779     88.350     84.492    1396.42    1016.34
  2040.417  -999.0000     494.63     288.79     288.84     3.6557      6.0797     87.338     84.336     81.259    1399.54    1019.44
  2041.417  -999.0000     500.22     288.91     288.93     3.7894      2.8729     89.651     88.599     86.778    1399.53    1020.95
  2042.417  -999.0000     506.04     288.94     289.01     4.0042      2.3747     89.235     88.622     86.860    1401.01    1022.22
  2043.417  -999.0000     511.05     288.71     288.71     4.0994      4.0018     92.984     92.250     88.982    1400.59    1026.12
  2044.417  -999.0000     515.92     288.85     288.79     3.8767      5.6473     93.127     91.449     87.479    1403.00    1030.13
  2045.417  -999.0000     521.29     289.03     289.30     4.0228      4.9557     91.127     88.834     86.172    1405.49    1033.15
  2046.417  -999.0000     527.93     289.07     289.13     4.3356      3.3107     92.751     90.871     89.440    1406.91    1033.74
  2047.417  -999.0000     532.86     288.88     288.86     4.2523      4.3515     96.212     94.135     91.861    1409.20    1035.80
  2048.417  -999.0000     538.44     289.18     289.18     3.9027      5.4335     91.920     89.720     86.487    1411.60    1040.58
  2049.417  -999.0000     545.67     289.42     289.53     4.2306      2.8301     91.203     90.251     88.373    1413.15    1040.75
  2050.417  -999.0000     551.95     289.16     289.35     4.4134      1.7184     94.843     95.896     93.124    1411.14    1043.83
  2051.417  -999.0000     558.92     289.34     289.49     4.1782      2.2784     91.819     93.146     89.540    1409.53    1048.95
  2052.417  -999.0000     566.99     289.36     289.53     4.4049      1.8054     93.299     93.449     91.494    1409.94    1049.28
  2053.417  -999.0000     573.59     289.27     289.34     4.4526      2.8340     96.019     95.349     93.185    1410.02    1052.26
  2054.417  -999.0000     580.28     289.46     289.62     4.5251      4.0986     97.573     95.662     93.474    1412.15    1054.05
  2055.417  -999.0000     586.61     289.57     289.87     4.5685      4.2538     96.349     93.839     92.095    1415.61    1055.77
  2056.417  -999.0000     594.64     289.72     289.99     4.4069      2.2485     95.584     98.424     93.335    1416.12    1057.86
  2057.417  -999.0000     602.64     289.65     289.82     4.7598     -1.6239    100.230    109.047    101.854    1398.55    1072.12
  2058.417  -999.0000     611.73     289.88     290.08     4.6345     -1.8532     95.755     99.386     97.608    1400.08    1069.95
  2059.417  -999.0000     620.72     289.92     290.15     4.7422      0.2339     99.480     97.409     99.246    1401.51    1067.45
  2060.417  -999.0000     628.22     289.73     290.02     4.7830      1.7228     98.857     97.620     97.134    1403.60    1068.81
  2061.417  -999.0000     635.89     289.80     290.12     4.8746      1.8391    101.252    100.416     99.413    1402.85    1069.50
  2062.417  -999.0000     643.57     289.71     289.94     4.8316      2.6737    100.893     99.431     98.219    1405.90    1070.30
  2063.417  -999.0000     651.99     289.95     290.18     4.8820      3.2555     99.721     98.045     96.465    1406.40    1073.51
  2064.417  -999.0000     660.25     290.07     290.23     4.9964      2.2891    101.203     99.155     98.914    1408.88    1071.94
  2065.417  -999.0000     668.10     290.23     290.53     4.8597      3.5605    101.994     98.981     98.434    1411.91    1073.21
  2066.417  -999.0000     677.00     290.58     291.03     4.5612      2.7638     99.988     97.549     97.224    1415.25    1074.03
  2067.417  -999.0000     686.02     290.42     290.80     4.9100      0.9809    102.876    101.675    101.896    1414.92    1072.52
  2068.417  -999.0000     694.67     290.39     290.70     4.9784      2.5062    101.407     99.944     98.901    1417.29    1074.97
  2069.417  -999.0000     703.14     290.46     290.87     4.8412      3.7544    104.282    102.149    100.527    1418.98    1075.02
  2070.417  -999.0000     711.63     290.45     290.91     4.9611      3.2386    101.984    100.110     98.745    1421.57    1078.75
  2071.417  -999.0000     721.14     290.54     290.94     5.0370      1.7962    103.321    102.060    101.525    1422.09    1076.54
  2072.417  -999.0000     729.85     290.52     291.10     4.9364      1.5574    104.161    103.336    102.603    1423.52    1079.56
  2073.417  -999.0000     738.93     290.68     291.08     4.7526      1.6971    105.367    104.439    103.670    1423.51    1078.48
  2074.417  -999.0000     748.29     290.56     291.03     5.0652      2.9049    106.947    104.854    104.042    1425.95    1081.04
  2075.417  -999.0000     756.43     290.56     291.00     5.0287      4.6558    107.702    104.748    103.046    1429.68    1080.67
  2076.417  -999.0000     766.08     290.72     291.21     4.8760      2.8798    104.072    102.458    101.192    1431.15    1084.73
  2077.417  -999.0000     776.15     290.85     291.35     5.1312      0.7887    107.777    106.773    106.989    1430.69    1081.84
  2078.417  -999.0000     784.92     290.79     291.11     5.0192      3.5005    110.618    107.329    107.118    1434.79    1083.48
  2079.417  -999.0000     793.76     290.85     291.41     5.2766      4.7214    107.446    103.596    102.724    1440.46    1083.98
  2080.417  -999.0000     803.15     291.02     291.52     5.0608      2.0504    110.864    109.153    108.814    1439.37    1084.33
  2081.417  -999.0000     811.87     291.21     291.86     4.9722      3.8090    112.620    109.767    108.811    1443.11    1084.61
  2082.417  -999.0000     819.88     291.15     291.82     5.2162      7.0086    114.188    109.372    107.180    1448.90    1087.63
  2083.417  -999.0000     828.74     291.10     291.61     5.1093      5.3947    108.497    105.790    103.103    1452.11    1090.52
  2084.417  -999.0000     839.65     291.17     291.52     5.0661      1.3165    107.913    108.644    106.597    1450.13    1092.38
  2085.417  -999.0000     849.47     291.38     291.92     4.9183     -0.6682    107.611    109.018    108.279    1448.25    1093.38
  2086.417  -999.0000     859.88     291.35     291.95     5.1260     -0.6188    110.038    109.673    110.657    1449.06    1092.13
  2087.417  -999.0000     870.05     291.29     291.73     5.1426      1.4315    109.119    107.475    107.688    1450.79    1090.81
  2088.417  -999.0000     879.49     291.45     292.16     5.1618      3.6884    113.557    110.988    109.868    1452.88    1093.81
  2089.417  -999.0000     888.48     291.31     291.72     4.9621      4.4153    114.451    110.609    110.036    1457.40    1092.78
  2090.417  -999.0000     898.54     291.67     292.25     4.8645      3.7484    109.625    105.845    105.876    1461.56    1094.27
  2091.417  -999.0000     908.92     291.76     292.55     5.1477      2.3072    112.444    109.764    110.137    1463.41    1092.24
  2092.417  -999.0000     918.71     291.69     292.33     4.9145      3.4553    114.386    111.674    110.930    1466.44    1093.87
  2093.417  -999.0000     927.93     291.74     292.40     5.0514      5.1328    113.749    110.772    108.617    1469.58    1095.73
  2094.417  -999.0000     938.52     291.91     292.55     4.9129      2.7705    108.061    106.757    105.290    1471.99    1098.56
  2095.417  -999.0000     949.66     291.98     292.69     4.8794     -0.8559    112.260    113.689    113.116    1468.74    1096.41
  2096.417  -999.0000     959.99     291.58     292.01     4.9099      1.4032    114.724    115.523    113.321    1467.40    1100.91
  2097.417  -999.0000     969.43     291.57     291.92     5.0450      6.3078    119.253    116.159    112.945    1471.08    1103.23
  2098.417  -999.0000     977.81     291.67     292.04     4.8052      8.0159    116.588    110.904    108.572    1477.42    1106.52
  2099.417  -999.0000     987.59     291.95     292.55     5.0578      6.4520    114.702    109.471    108.250    1483.30    1106.22
  2100.417  -999.0000     997.87     291.90     292.59     5.0516      4.5022    114.756    110.535    110.253    1485.60    1108.62
