     time     emission      CO2       tas    tas_land     fgco2      fnep      fnpp      fvegsoil       frh     cveg        csoil
  1851.417  -999.0000     284.23     286.42     287.84     0.0583      1.1547     48.940     47.171     47.785     702.53     563.78
  1852.417  -999.0000     283.70     286.45     287.88    -0.2338      1.2963     48.490     46.815     47.194     705.25     563.16
  1853.417  -999.0000     283.97     286.50     287.90    -0.1956     -0.1750     46.496     47.061     46.671     704.07     564.00
  1854.417  -999.0000     284.61     286.55     287.96    -0.0973     -1.8558     46.893     49.228     48.748     701.63     564.30
  1855.417  -999.0000     285.16     286.56     287.96     0.0168     -1.5117     47.201     48.715     48.713     700.17     564.20
  1856.417  -999.0000     285.39     286.55     287.96     0.0541     -0.8562     47.021     47.779     47.877     699.45     564.19
  1857.417  -999.0000     285.72     286.58     288.02     0.0826     -0.5867     47.226     47.650     47.812     698.81     564.16
  1858.417  -999.0000     285.84     286.57     287.99     0.0695      0.2407     48.518     47.880     48.277     699.56     563.49
  1859.417  -999.0000     285.62     286.52     287.96     0.0111      0.6057     47.608     46.919     47.002     700.73     563.48
  1860.417  -999.0000     286.03     286.54     287.95     0.0281     -0.1801     47.603     47.852     47.783     699.62     563.81
  1861.417  -999.0000     286.06     286.64     288.07    -0.0623     -0.1193     48.104     48.216     48.224     700.65     563.28
  1862.417  -999.0000     286.16     286.72     288.14     0.2157     -0.9036     46.743     47.633     47.647     698.74     564.01
  1863.417  -999.0000     286.21     286.87     288.29     0.4429     -1.2137     47.608     48.453     48.822     698.33     562.90
  1864.417  -999.0000     286.22     286.63     288.06     0.1710      0.2876     48.828     48.553     48.540     698.34     563.22
  1865.417  -999.0000     286.13     286.48     287.90     0.0649      0.6400     48.329     48.110     47.689     699.18     563.59
  1866.417  -999.0000     286.55     286.68     288.07     0.0915     -1.3004     45.825     47.549     47.125     696.89     564.33
  1867.417  -999.0000     286.91     286.70     288.08     0.2049     -1.5217     48.253     49.686     49.775     695.14     563.95
  1868.417  -999.0000     286.79     286.43     287.86    -0.0087      0.5370     48.596     47.740     48.059     696.46     563.64
  1869.417  -999.0000     286.62     286.50     287.92     0.0397      0.4221     47.641     47.356     47.219     697.42     563.55
  1870.417  -999.0000     287.09     286.57     288.01     0.0171     -1.5789     45.998     47.999     47.577     694.58     564.47
  1871.417  -999.0000     287.94     286.56     288.00     0.1880     -2.1560     47.328     49.638     49.484     691.99     564.49
  1872.417  -999.0000     288.19     286.48     287.90     0.2030     -0.6596     47.812     48.119     48.472     692.05     564.01
  1873.417  -999.0000     287.85     286.60     288.02    -0.0014      0.1627     47.899     47.572     47.736     692.81     563.60
  1874.417  -999.0000     288.26     286.53     287.93     0.0756     -0.6059     46.785     47.626     47.391     691.08     564.54
  1875.417  -999.0000     288.52     286.47     287.90     0.0364     -0.1884     48.799     48.849     48.988     691.70     563.72
  1876.417  -999.0000     288.37     286.51     287.94    -0.0021      0.6091     47.892     47.080     47.283     692.54     563.70
  1877.417  -999.0000     288.56     286.58     287.98    -0.1069     -0.0734     48.027     48.357     48.100     692.11     563.96
  1878.417  -999.0000     288.84     286.46     287.85     0.0501      0.0996     48.360     48.119     48.260     692.03     563.92
  1879.417  -999.0000     288.78     286.45     287.88     0.1005      0.1211     47.451     47.161     47.330     692.52     563.88
  1880.417  -999.0000     289.19     286.50     287.90     0.0486     -0.6346     47.617     48.670     48.252     692.01     563.95
  1881.417  -999.0000     289.81     286.68     288.09     0.1035     -1.7934     46.651     48.820     48.444     689.17     564.61
  1882.417  -999.0000     290.41     286.70     288.12     0.3264     -1.4224     48.202     49.375     49.625     687.59     564.36
  1883.417  -999.0000     290.13     286.47     287.92     0.0101      0.8680     49.588     48.556     48.720     689.66     563.58
  1884.417  -999.0000     289.68     285.94     287.37     0.4670      0.1368     46.605     47.351     46.469     688.56     565.45
  1885.417  -999.0000     290.13     286.10     287.55     0.4302     -1.4452     46.781     48.449     48.227     686.18     565.30
  1886.417  -999.0000     290.22     286.15     287.58    -0.0359      0.2173     48.370     47.477     48.153     687.90     564.28
  1887.417  -999.0000     290.32     286.23     287.66    -0.2261      0.7715     47.676     46.977     46.905     688.72     564.48
  1888.417  -999.0000     291.06     286.47     287.88     0.1625     -1.4453     45.817     47.820     47.262     686.48     565.37
  1889.417  -999.0000     291.84     286.56     287.98     0.2727     -2.1002     47.253     49.320     49.354     683.55     565.23
  1890.417  -999.0000     291.66     286.23     287.65     0.1584      0.7901     50.107     48.858     49.317     685.76     564.30
  1891.417  -999.0000     291.16     286.14     287.58     0.1041      0.8572     46.449     46.075     45.592     686.64     565.18
  1892.417  -999.0000     292.14     286.49     287.94     0.1676     -1.6235     46.944     48.870     48.568     683.27     565.75
  1893.417  -999.0000     292.38     286.39     287.81     0.1290      0.1698     49.585     48.423     49.415     684.95     564.26
  1894.417  -999.0000     291.99     286.51     287.92    -0.1279      1.6682     48.276     46.374     46.608     687.67     564.06
  1895.417  -999.0000     292.54     286.53     287.95     0.1878     -0.7234     46.635     48.228     47.358     685.97     565.11
  1896.417  -999.0000     293.38     286.85     288.28     0.4275     -2.7280     46.988     49.972     49.716     682.00     565.50
  1897.417  -999.0000     293.96     286.69     288.09     0.4091     -1.0840     49.296     49.843     50.380     681.29     564.85
  1898.417  -999.0000     293.44     286.55     287.97     0.2230      1.7018     49.870     47.710     48.168     684.60     564.09
  1899.417  -999.0000     293.32     286.61     288.04     0.2817      1.0831     47.754     46.990     46.671     685.06     564.65
  1900.417  -999.0000     293.79     286.66     288.08     0.3804     -1.2348     47.159     48.952     48.394     683.06     565.42
  1901.417  -999.0000     294.29     286.76     288.18     0.3016     -1.0661     48.549     49.384     49.615     681.64     565.16
  1902.417  -999.0000     294.18     286.54     287.96     0.1356      1.3590     50.433     48.501     49.074     684.46     563.96
  1903.417  -999.0000     293.50     286.26     287.67     0.3945      0.8826     47.571     47.411     46.689     685.00     565.23
  1904.417  -999.0000     294.19     286.35     287.77     0.5408     -1.7808     46.369     48.893     48.150     681.11     566.22
  1905.417  -999.0000     294.64     286.28     287.70     0.3198     -0.7480     49.135     49.212     49.883     681.57     565.07
  1906.417  -999.0000     294.45     286.35     287.76     0.0209      1.3375     49.290     47.403     47.953     684.16     564.34
  1907.417  -999.0000     294.98     286.38     287.81     0.0357     -0.2558     46.860     47.925     47.115     682.61     565.77
  1908.417  -999.0000     295.93     286.57     287.98     0.2807     -2.1958     47.162     49.864     49.358     679.76     565.98
  1909.417  -999.0000     296.30     286.65     288.06     0.5428     -0.8586     49.053     49.274     49.912     678.90     565.40
  1910.417  -999.0000     296.25     286.51     287.92     0.1655      1.0038     49.209     48.131     48.206     681.23     565.07
  1911.417  -999.0000     296.58     286.49     287.89     0.3097      0.4245     48.063     47.840     47.638     681.04     565.54
  1912.417  -999.0000     296.86     286.42     287.84     0.2447      0.1683     49.324     48.932     49.156     680.99     565.20
  1913.417  -999.0000     296.80     286.36     287.76     0.1496      0.1833     47.755     47.896     47.571     681.77     565.51
  1914.417  -999.0000     297.72     286.51     287.93     0.4124     -1.5293     47.007     49.151     48.537     678.99     566.25
  1915.417  -999.0000     298.53     286.63     288.04     0.4729     -1.5153     48.569     49.790     50.085     677.25     565.95
  1916.417  -999.0000     298.52     286.49     287.88     0.3291      0.6380     49.421     48.204     48.783     678.80     565.44
  1917.417  -999.0000     298.12     286.55     287.98     0.1061      1.3551     48.731     47.366     47.376     681.03     565.05
  1918.417  -999.0000     298.87     286.73     288.15     0.3111     -0.6921     46.856     48.177     47.548     679.25     566.04
  1919.417  -999.0000     299.81     286.85     288.28     0.3147     -1.6697     48.308     50.207     49.977     676.91     566.11
  1920.417  -999.0000     300.18     286.74     288.16     0.2813     -0.2143     49.173     48.781     49.388     677.27     565.58
  1921.417  -999.0000     299.96     286.75     288.15     0.3771      0.3128     48.458     48.256     48.146     678.31     565.54
  1922.417  -999.0000     300.76     286.72     288.12     0.4211     -0.9964     47.448     48.888     48.444     676.10     566.29
  1923.417  -999.0000     301.19     286.63     288.04     0.4676     -0.6732     49.132     49.519     49.805     675.78     565.67
  1924.417  -999.0000     301.28     286.60     288.03     0.3606      0.3584     48.683     48.235     48.325     676.53     565.79
  1925.417  -999.0000     301.87     286.62     288.01     0.5189      0.1615     48.936     48.724     48.774     676.50     565.60
  1926.417  -999.0000     301.96     286.68     288.11     0.4435     -0.1134     48.579     48.632     48.693     676.65     565.74
  1927.417  -999.0000     302.36     286.72     288.12     0.4313     -0.4202     48.305     48.991     48.726     676.01     565.75
  1928.417  -999.0000     302.72     286.70     288.11     0.4745     -0.4867     48.758     49.332     49.244     675.12     566.11
  1929.417  -999.0000     303.08     286.82     288.21     0.5777     -1.0697     47.774     49.068     48.844     674.50     566.00
  1930.417  -999.0000     303.98     286.62     288.03     0.7417     -1.2909     48.639     50.047     49.930     671.83     566.60
  1931.417  -999.0000     304.02     286.49     287.91     0.3670      0.4908     50.396     49.412     49.905     673.85     565.50
  1932.417  -999.0000     304.06     286.56     287.96     0.3352      0.9393     48.517     47.633     47.578     674.64     565.89
  1933.417  -999.0000     304.50     286.55     287.97     0.3890     -0.8918     47.834     49.291     48.726     672.92     566.66
  1934.417  -999.0000     305.08     286.72     288.10     0.5257     -1.5627     47.997     49.727     49.559     671.46     566.49
  1935.417  -999.0000     305.77     286.67     288.08     0.6334     -1.5018     47.901     49.329     49.403     669.53     566.64
  1936.417  -999.0000     306.15     286.73     288.17     0.5775     -1.1570     48.685     49.975     49.842     669.00     566.41
  1937.417  -999.0000     307.08     286.79     288.22     0.5786     -1.4702     47.743     49.390     49.213     666.51     567.14
  1938.417  -999.0000     307.70     286.70     288.12     0.6020     -0.7586     49.741     49.985     50.500     666.39     566.22
  1939.417  -999.0000     307.46     286.63     288.07     0.4952      0.5739     48.694     47.784     48.120     667.90     565.93
  1940.417  -999.0000     308.02     286.81     288.21     0.4788     -0.0622     48.318     48.675     48.380     667.26     566.24
  1941.417  -999.0000     308.85     286.67     288.07     0.5851     -0.5106     48.432     49.255     48.943     666.41     566.58
  1942.417  -999.0000     309.60     286.71     288.13     0.4303     -0.8189     47.809     48.850     48.628     665.11     567.02
  1943.417  -999.0000     310.38     286.68     288.10     0.4437     -0.1324     50.031     50.116     50.164     665.32     566.63
  1944.417  -999.0000     310.72     286.71     288.11     0.6087     -0.3974     47.715     48.683     48.112     664.86     567.27
  1945.417  -999.0000     311.69     286.83     288.24     0.7042     -1.7742     48.414     50.396     50.188     661.69     567.79
  1946.417  -999.0000     311.96     286.83     288.26     0.7499     -1.0030     48.906     49.349     49.909     662.00     566.86
  1947.417  -999.0000     312.42     286.86     288.27     0.6810      0.1958     49.822     49.300     49.626     662.01     566.74
  1948.417  -999.0000     312.18     286.68     288.10     0.5334      1.2973     50.237     48.850     48.939     664.54     566.14
  1949.417  -999.0000     312.81     286.79     288.21     0.5783     -0.5150     46.849     48.212     47.364     662.50     567.85
  1950.417  -999.0000     314.34     286.84     288.27     0.7852     -2.5564     48.687     51.554     51.243     658.89     567.85
  1951.417  -999.0000     314.65     286.83     288.26     0.8013     -0.4725     50.533     50.428     51.005     660.07     566.75
  1952.417  -999.0000     315.20     286.94     288.35     0.8029     -0.4800     47.718     48.378     48.198     659.03     567.61
  1953.417  -999.0000     316.25     286.92     288.34     0.9532     -1.8827     48.955     51.188     50.838     656.58     567.68
  1954.417  -999.0000     316.81     286.79     288.20     0.7195     -0.1094     50.993     50.564     51.102     656.76     567.12
  1955.417  -999.0000     316.89     286.74     288.16     0.7664      0.4171     48.705     48.390     48.288     658.64     566.93
  1956.417  -999.0000     318.54     287.00     288.42     0.8309     -2.3144     47.558     50.640     49.873     654.08     568.37
  1957.417  -999.0000     319.92     286.96     288.35     1.0943     -2.6618     49.356     51.714     52.018     651.43     567.80
  1958.417  -999.0000     320.30     286.80     288.21     0.8540      0.1656     51.166     50.428     51.000     653.05     566.84
  1959.417  -999.0000     321.00     286.83     288.25     0.8076      0.1345     48.328     48.803     48.193     652.98     567.64
  1960.417  -999.0000     322.70     286.93     288.37     0.9040     -1.7675     48.237     50.600     50.005     649.31     568.70
  1961.417  -999.0000     323.84     286.95     288.35     1.2289     -1.7699     48.456     50.352     50.226     648.50     568.29
  1962.417  -999.0000     324.88     287.05     288.49     1.2027     -0.6142     50.258     50.786     50.872     646.89     568.51
  1963.417  -999.0000     325.20     286.84     288.25     1.0884     -0.0855     49.452     49.699     49.537     648.10     568.27
  1964.417  -999.0000     326.31     286.55     287.95     1.2386     -0.7394     48.582     49.740     49.321     645.74     569.13
  1965.417  -999.0000     327.27     286.74     288.18     1.0458     -0.7643     49.283     49.999     50.047     645.49     568.86
  1966.417  -999.0000     328.70     286.83     288.24     0.9434     -0.5191     48.927     49.671     49.446     644.48     569.26
  1967.417  -999.0000     330.09     286.79     288.20     1.0403     -0.3159     49.912     50.284     50.228     644.43     569.11
  1968.417  -999.0000     331.13     286.91     288.32     1.1056      0.2128     49.906     49.540     49.693     644.56     569.08
  1969.417  -999.0000     332.20     286.96     288.35     1.1219     -0.0310     49.417     49.767     49.448     644.54     569.40
  1970.417  -999.0000     333.74     287.00     288.41     1.2511     -0.2349     50.325     50.884     50.560     643.66     569.56
  1971.417  -999.0000     335.06     286.99     288.39     1.3390     -0.0140     50.187     50.151     50.201     643.64     569.77
  1972.417  -999.0000     336.33     287.00     288.38     1.2132      0.9498     51.958     50.635     51.008     645.07     569.08
  1973.417  -999.0000     337.29     287.08     288.48     1.1840      0.5302     49.563     49.464     49.033     645.58     569.85
  1974.417  -999.0000     339.61     287.02     288.41     1.3749     -0.5026     51.112     52.251     51.614     643.62     570.46
  1975.417  -999.0000     340.56     286.98     288.40     1.4957      0.3331     50.816     50.360     50.483     645.11     569.81
  1976.417  -999.0000     342.03     287.08     288.49     1.3239      0.0741     50.182     50.572     50.108     643.95     570.94
  1977.417  -999.0000     343.96     287.20     288.62     1.6295     -1.4070     49.541     51.525     50.948     642.39     571.31
  1978.417  -999.0000     346.08     287.29     288.70     1.9139     -1.1719     50.952     51.814     52.124     640.56     571.04
  1979.417  -999.0000     347.21     287.24     288.63     1.6688      0.7303     51.978     50.901     51.248     642.79     570.38
  1980.417  -999.0000     348.76     287.16     288.58     1.5682      0.7350     51.471     51.099     50.736     642.85     570.91
  1981.417  -999.0000     350.55     287.22     288.62     1.7251     -0.7260     50.490     51.732     51.216     641.52     571.59
  1982.417  -999.0000     352.47     287.25     288.65     1.7268     -1.2634     50.973     53.072     52.236     639.95     572.05
  1983.417  -999.0000     354.36     287.04     288.46     2.1231     -1.5244     50.307     52.366     51.831     636.54     573.17
  1984.417  -999.0000     355.94     287.12     288.53     1.9226     -0.2350     52.249     52.145     52.484     637.36     572.50
  1985.417  -999.0000     357.10     287.25     288.64     1.6679      0.9683     51.758     50.590     50.790     639.20     572.05
  1986.417  -999.0000     359.26     287.23     288.64     1.6983     -0.2425     50.680     51.136     50.923     637.63     572.83
  1987.417  -999.0000     361.17     287.16     288.57     1.7217     -0.2131     52.601     53.179     52.814     638.45     572.30
  1988.417  -999.0000     363.38     287.36     288.76     1.8752     -0.8192     50.308     51.697     51.128     635.72     573.97
  1989.417  -999.0000     365.76     287.42     288.83     1.8752     -0.9709     53.097     54.135     54.068     634.82     573.45
  1990.417  -999.0000     367.61     287.40     288.80     1.8490      0.4398     52.240     51.778     51.801     635.84     573.47
  1991.417  -999.0000     369.66     287.29     288.68     1.7874      0.5759     53.144     53.156     52.568     635.91     573.82
  1992.417  -999.0000     371.21     287.06     288.44     2.4555     -0.9197     49.816     51.707     50.736     633.72     575.49
  1993.417  -999.0000     373.34     287.28     288.67     2.5160     -1.1627     52.111     53.423     53.274     631.89     575.02
  1994.417  -999.0000     374.64     287.28     288.66     1.9980      1.4561     53.817     51.592     52.361     634.56     574.51
  1995.417  -999.0000     376.23     287.23     288.64     1.6463      1.5219     52.029     50.902     50.507     636.54     574.46
  1996.417  -999.0000     378.98     287.31     288.72     1.8893     -0.8278     51.526     53.359     52.354     633.70     576.20
  1997.417  -999.0000     381.36     287.66     289.05     2.2111     -1.4502     52.265     53.806     53.716     632.26     575.90
  1998.417  -999.0000     383.44     287.77     289.17     2.2063     -0.6066     52.487     52.982     53.094     631.83     575.75
  1999.417  -999.0000     385.50     287.72     289.11     2.1798      0.1820     53.266     53.092     53.084     631.78     575.96
  2000.417  -999.0000     387.23     287.67     289.05     2.0505      1.3940     53.936     52.396     52.542     633.80     575.50
  2001.417  -999.0000     388.99     287.78     289.19     2.0464      1.0046     52.472     51.965     51.468     634.55     576.14
  2002.417  -999.0000     391.36     287.87     289.28     2.4069     -1.1490     51.640     53.801     52.789     632.17     577.17
  2003.417  -999.0000     394.22     287.96     289.36     2.3976     -1.5893     53.192     54.865     54.781     629.32     577.64
  2004.417  -999.0000     395.94     287.99     289.37     2.3116      0.6175     54.478     53.329     53.861     631.91     576.34
  2005.417  -999.0000     397.88     287.88     289.26     2.2683      1.7784     53.946     52.041     52.168     633.08     576.80
  2006.417  -999.0000     399.32     287.78     289.17     2.1685      1.3868     54.183     52.756     52.796     635.00     576.43
  2007.417  -999.0000     402.07     287.89     289.27     2.2288      0.0826     52.507     53.195     52.424     634.76     577.19
  2008.417  -999.0000     405.69     287.96     289.36     2.5427     -1.5490     52.932     55.168     54.481     631.01     578.45
  2009.417  -999.0000     408.22     288.08     289.47     2.5899     -0.5505     55.062     55.232     55.612     631.64     577.51
  2010.417  -999.0000     410.79     287.94     289.36     2.5319      0.4633     54.210     53.823     53.747     632.28     577.64
  2011.417  -999.0000     413.99     287.95     289.37     2.6269     -0.3802     53.636     54.769     54.016     631.23     578.40
  2012.417  -999.0000     417.56     288.10     289.49     2.6759     -1.8982     52.689     55.286     54.587     628.21     579.45
  2013.417  -999.0000     420.93     288.15     289.54     2.8322     -1.5364     54.900     56.325     56.437     626.79     578.73
  2014.417  -999.0000     424.14     288.14     289.51     2.7810     -0.3834     54.212     54.436     54.595     626.56     579.15
  2015.417  -999.0000     427.65     288.09     289.45     2.8322     -0.4233     54.537     55.246     54.961     626.07     579.07
  2016.417  -999.0000     431.44     288.06     289.44     2.8887     -0.9876     53.642     54.884     54.629     624.80     579.55
  2017.417  -999.0000     435.43     288.03     289.43     3.0047     -1.3041     54.576     56.014     55.881     622.87     579.68
  2018.417  -999.0000     439.00     288.04     289.43     2.9316     -0.3601     55.405     55.797     55.766     623.28     579.35
  2019.417  -999.0000     443.10     288.13     289.53     2.9572     -0.9006     53.926     55.505     54.826     621.43     580.44
  2020.417  -999.0000     447.91     288.31     289.68     3.0201     -1.9273     54.362     56.941     56.289     618.79     580.87
  2021.417  -999.0000     452.19     288.32     289.70     3.1606     -1.5351     55.688     57.470     57.223     616.87     581.09
  2022.417  -999.0000     456.42     288.31     289.71     3.4788     -1.6441     54.692     56.675     56.336     615.09     581.65
  2023.417  -999.0000     460.98     288.54     289.92     3.5835     -1.6733     55.293     56.736     56.966     612.91     581.51
  2024.417  -999.0000     465.14     288.34     289.73     3.4635     -0.5184     56.813     57.185     57.331     613.64     580.87
  2025.417  -999.0000     469.70     288.34     289.70     3.3086      0.0019     56.331     56.260     56.330     612.89     581.23
  2026.417  -999.0000     473.99     288.42     289.82     3.2628     -0.8887     55.122     56.654     56.011     612.80     581.28
  2027.417  -999.0000     479.77     288.66     290.03     3.5676     -2.9206     54.776     58.988     57.697     606.65     583.63
  2028.417  -999.0000     484.97     288.58     289.97     3.6021     -2.3716     57.793     59.930     60.165     605.48     582.36
  2029.417  -999.0000     489.42     288.78     290.17     3.6639     -1.1232     55.889     56.869     57.013     604.37     582.86
  2030.417  -999.0000     494.99     288.79     290.17     3.8172     -2.0403     56.064     58.616     58.104     601.77     583.16
  2031.417  -999.0000     500.23     288.76     290.15     3.8901     -1.9644     56.417     58.392     58.381     599.97     582.99
  2032.417  -999.0000     505.68     288.77     290.16     3.8403     -1.8632     56.562     58.662     58.425     597.57     583.65
  2033.417  -999.0000     511.45     288.88     290.24     3.9768     -2.3260     56.087     58.985     58.413     595.05     583.88
  2034.417  -999.0000     517.70     288.96     290.33     3.9583     -2.3317     56.990     59.324     59.322     591.95     584.19
  2035.417  -999.0000     522.99     288.92     290.30     3.8446     -0.8110     58.253     58.552     59.064     592.34     583.22
  2036.417  -999.0000     528.21     288.88     290.28     3.9349     -0.4194     57.384     58.024     57.803     592.19     583.49
  2037.417  -999.0000     535.10     289.00     290.38     4.1222     -3.2548     54.802     59.336     58.057     587.30     585.17
  2038.417  -999.0000     542.05     289.15     290.52     4.1971     -3.7584     58.396     62.382     62.154     582.32     585.20
  2039.417  -999.0000     547.79     289.08     290.45     4.2092     -1.1063     58.822     59.027     59.929     582.63     584.26
  2040.417  -999.0000     553.82     289.08     290.46     4.2113     -1.0435     56.752     58.133     57.795     582.35     584.53
  2041.417  -999.0000     561.30     289.20     290.56     4.3064     -3.0225     57.120     61.026     60.143     577.47     585.48
  2042.417  -999.0000     568.32     289.28     290.65     4.5470     -3.1605     57.811     60.929     60.972     573.77     585.70
  2043.417  -999.0000     574.82     289.21     290.60     4.3495     -0.8025     59.894     60.091     60.697     574.31     584.63
  2044.417  -999.0000     581.53     289.18     290.57     4.2771     -0.2808     58.105     58.508     58.386     574.05     585.15
  2045.417  -999.0000     588.84     289.34     290.72     4.2844     -1.5627     58.772     60.646     60.335     571.72     585.33
  2046.417  -999.0000     596.07     289.34     290.72     4.3218     -1.4046     58.920     60.414     60.325     570.87     585.12
  2047.417  -999.0000     603.68     289.43     290.80     4.4855     -1.7602     58.727     60.818     60.487     568.36     585.86
  2048.417  -999.0000     611.26     289.53     290.90     4.6995     -2.2236     58.847     61.324     61.071     565.64     586.05
  2049.417  -999.0000     619.00     289.42     290.79     4.5659     -0.9693     60.751     61.412     61.721     564.85     585.69
  2050.417  -999.0000     626.08     289.33     290.70     4.3255      0.3522     60.214     59.476     59.862     566.62     584.92
  2051.417  -999.0000     633.78     289.48     290.82     4.5132     -1.0968     58.321     60.043     59.418     564.35     586.25
  2052.417  -999.0000     642.08     289.70     291.07     4.6000     -2.6428     59.470     62.714     62.112     561.36     586.06
  2053.417  -999.0000     650.82     289.79     291.15     4.8855     -2.5596     59.681     62.404     62.240     557.81     586.92
  2054.417  -999.0000     659.36     289.81     291.18     4.8130     -1.6149     61.118     62.598     62.733     556.30     586.72
  2055.417  -999.0000     667.46     289.84     291.19     4.7184     -0.7867     59.426     60.207     60.213     556.92     586.21
  2056.417  -999.0000     676.53     289.94     291.29     4.8095     -1.6441     60.699     62.362     62.343     553.66     586.85
  2057.417  -999.0000     685.16     289.93     291.28     4.7369     -0.8113     62.026     62.249     62.837     554.00     585.89
  2058.417  -999.0000     693.40     289.97     291.33     4.7188     -0.2145     60.718     61.190     60.933     554.11     586.33
  2059.417  -999.0000     703.05     289.92     291.27     4.8075     -1.1540     61.644     63.008     62.798     552.11     586.26
  2060.417  -999.0000     711.99     289.89     291.26     4.8297     -0.5849     62.001     62.263     62.586     552.29     585.82
  2061.417  -999.0000     721.02     290.05     291.39     4.9131     -1.1961     60.286     61.848     61.482     550.43     586.87
  2062.417  -999.0000     730.68     290.18     291.53     4.9011     -1.7723     61.832     63.848     63.604     548.55     586.46
  2063.417  -999.0000     740.11     290.25     291.56     4.9285     -0.7452     61.892     62.429     62.638     547.67     586.58
  2064.417  -999.0000     749.13     290.23     291.59     4.9500      0.3439     63.190     62.140     62.846     548.85     585.84
  2065.417  -999.0000     758.07     290.35     291.69     4.8397      0.2251     61.500     61.364     61.274     549.95     585.52
  2066.417  -999.0000     768.35     290.39     291.74     5.0169     -1.6375     61.716     63.974     63.353     546.48     586.80
  2067.417  -999.0000     778.59     290.46     291.83     4.9762     -2.3988     61.618     64.002     64.017     544.43     586.51
  2068.417  -999.0000     788.71     290.56     291.89     4.9366     -1.1924     63.574     64.450     64.766     543.10     586.23
  2069.417  -999.0000     798.05     290.44     291.80     4.8464      0.3223     63.691     62.805     63.369     544.69     585.50
  2070.417  -999.0000     808.20     290.52     291.88     4.9458     -0.0971     62.270     62.474     62.367     544.76     585.61
  2071.417  -999.0000     818.43     290.72     292.08     5.0197     -1.3339     62.774     64.482     64.108     542.55     586.08
  2072.417  -999.0000     829.37     290.74     292.08     4.9775     -1.3000     63.107     64.210     64.407     540.97     586.09
  2073.417  -999.0000     839.27     290.80     292.15     4.8804     -0.3561     64.060     64.056     64.416     541.71     585.42
  2074.417  -999.0000     849.62     290.80     292.11     4.7974      0.3357     64.247     63.683     63.912     542.20     585.07
  2075.417  -999.0000     859.52     290.95     292.28     4.8755     -0.5293     62.881     63.644     63.410     541.40     585.72
  2076.417  -999.0000     870.97     290.88     292.23     4.9679     -1.5943     63.280     65.320     64.874     539.24     585.85
  2077.417  -999.0000     881.58     290.90     292.24     5.1710     -1.3946     64.104     65.419     65.499     537.71     586.02
  2078.417  -999.0000     891.83     291.08     292.42     4.8009     -0.7620     64.300     64.812     65.062     537.28     585.77
  2079.417  -999.0000     902.48     291.09     292.42     5.0361      0.1221     64.858     64.361     64.736     537.67     585.28
  2080.417  -999.0000     912.96     291.17     292.51     4.7201      0.3687     64.910     64.155     64.542     539.17     584.77
  2081.417  -999.0000     923.91     291.24     292.57     4.8984     -1.3151     63.109     64.939     64.424     537.08     585.36
  2082.417  -999.0000     935.81     291.16     292.49     5.0586     -2.1500     64.810     67.204     66.960     533.95     585.73
  2083.417  -999.0000     946.60     291.29     292.61     4.8378     -1.1689     64.578     65.384     65.747     533.64     585.47
  2084.417  -999.0000     957.13     291.43     292.76     4.9255     -0.6944     65.084     65.348     65.778     533.25     584.77
  2085.417  -999.0000     967.93     291.35     292.69     5.0555     -0.4303     65.253     65.432     65.683     533.56     584.37
  2086.417  -999.0000     979.57     291.49     292.82     4.6956     -1.0475     64.318     65.713     65.366     531.95     585.01
  2087.417  -999.0000     991.21     291.58     292.91     4.9377     -1.7010     65.233     66.528     66.934     529.83     584.85
  2088.417  -999.0000    1001.89     291.60     292.94     4.9322     -0.7163     65.431     65.517     66.147     530.68     583.74
  2089.417  -999.0000    1013.67     291.56     292.88     4.7967     -0.0981     66.168     66.015     66.266     530.17     583.84
  2090.417  -999.0000    1024.50     291.59     292.93     4.8220     -0.2622     65.692     65.875     65.955     531.27     583.21
  2091.417  -999.0000    1036.33     291.68     293.01     4.9320     -1.4465     64.783     66.420     66.230     528.47     584.01
  2092.417  -999.0000    1047.88     291.78     293.10     4.8022     -1.9636     65.841     67.823     67.805     526.73     583.73
  2093.417  -999.0000    1059.66     291.72     293.03     4.7621     -1.2266     65.768     66.805     66.994     525.66     583.61
  2094.417  -999.0000    1070.92     291.77     293.10     4.7466     -0.8588     66.765     67.180     67.624     525.16     583.23
  2095.417  -999.0000    1082.19     291.85     293.17     4.9026     -0.7241     65.749     66.235     66.473     524.97     582.99
  2096.417  -999.0000    1093.80     291.92     293.23     4.6528     -0.4212     67.292     67.282     67.713     524.64     582.33
  2097.417  -999.0000    1105.31     291.86     293.15     4.7167     -0.3992     66.175     66.364     66.574     525.27     582.11
  2098.417  -999.0000    1117.24     292.01     293.32     4.6694     -1.9704     65.271     67.624     67.241     522.12     582.96
  2099.417  -999.0000    1129.57     292.19     293.50     4.5853     -1.9960     67.479     69.034     69.475     520.01     582.29
  2100.417  -999.0000    1140.71     292.03     293.37     4.5714     -0.8733     68.591     68.348     69.465     521.67     581.63
