     time     emission      CO2       tas    tas_land     fgco2      fnep      fnpp      fvegsoil       frh     cveg        csoil
  1851.417     0.5249     281.79     286.88     285.32    -0.2422     -0.2496     75.781     76.512     76.031     554.77    1275.41
  1852.417     0.5550     283.27     286.99     285.43     0.1190     -1.3332     72.759     73.653     74.092     552.66    1274.60
  1853.417     0.5592     283.99     286.92     285.39     0.0833     -2.1731     74.102     75.035     76.275     552.32    1273.51
  1854.417     0.5637     285.03     287.01     285.50     0.0822     -1.5462     73.360     73.879     74.906     551.62    1272.38
  1855.417     0.5683     285.06     286.99     285.31     0.1477      0.7189     77.730     76.771     77.011     552.73    1271.91
  1856.417     0.5768     284.83     286.95     285.24     0.1232      1.0970     74.805     74.099     73.708     553.52    1272.81
  1857.417     0.5829     285.25     286.82     284.97     0.1978      0.3837     75.304     75.361     74.920     553.08    1272.66
  1858.417     0.5907     284.79     286.78     285.01     0.0204      0.7699     74.399     74.374     73.629     553.92    1274.02
  1859.417     0.6020     285.59     286.86     285.07     0.3244      0.0035     74.273     74.688     74.270     552.38    1274.05
  1860.417     0.6149     285.42     286.81     285.22     0.0785      0.0822     75.208     75.153     75.125     552.96    1274.19
  1861.417     0.5982     285.07     286.79     285.22    -0.0299      1.6585     77.646     76.583     75.988     554.05    1274.70
  1862.417     0.5729     284.23     286.78     285.02    -0.2878      2.5117     78.148     76.740     75.637     555.68    1275.92
  1863.417     0.5805     284.33     286.90     285.17    -0.0340      0.2634     73.976     74.200     73.713     555.40    1276.63
  1864.417     0.5886     285.30     286.91     285.16     0.0662     -1.2366     75.154     75.779     76.391     554.24    1275.65
  1865.417     0.5941     285.31     286.91     285.31    -0.0942      0.3257     76.726     76.002     76.400     555.28    1275.26
  1866.417     0.5989     284.66     286.94     285.29    -0.0267      2.2193     78.759     77.353     76.540     557.01    1276.06
  1867.417     0.6042     284.40     286.92     285.30    -0.1103      2.0162     77.360     76.668     75.344     557.64    1277.63
  1868.417     0.6087     285.11     287.02     285.58    -0.0207     -0.0558     74.875     75.328     74.931     556.82    1278.07
  1869.417     0.6134     285.31     287.00     285.44     0.0716     -0.3322     77.183     77.157     77.515     557.03    1277.46
  1870.417     0.6278     285.60     287.12     285.57     0.1526     -0.5043     74.534     74.478     75.039     557.10    1277.07
  1871.417     0.6865     286.21     286.99     285.50    -0.0056     -0.7410     76.480     76.551     77.221     556.75    1276.17
  1872.417     0.7485     285.84     286.87     285.19     0.1179     -0.3632     74.776     74.896     75.139     557.48    1276.27
  1873.417     0.7583     286.90     286.95     285.40     0.2719     -1.2872     73.505     74.355     74.792     555.72    1275.50
  1874.417     0.7658     287.64     286.87     285.28     0.3532     -1.6182     72.832     73.717     74.450     555.14    1274.97
  1875.417     0.7813     288.23     286.99     285.40     0.3682     -0.6465     75.487     75.662     76.134     554.99    1274.34
  1876.417     0.7907     288.43     286.91     285.34     0.0932      0.5778     75.674     75.067     75.096     555.39    1274.24
  1877.417     0.7993     288.57     286.92     285.37     0.1940      0.3650     74.583     74.523     74.218     555.66    1274.87
  1878.417     0.8128     289.33     286.92     285.44     0.2860     -0.2051     74.923     75.210     75.128     555.26    1274.70
  1879.417     0.8384     289.74     286.85     285.15     0.4652      0.1622     76.045     76.051     75.883     555.47    1275.01
  1880.417     0.8715     289.71     286.78     285.15     0.3094      1.4984     77.416     76.578     75.918     555.66    1275.38
  1881.417     0.8761     288.50     286.78     285.18    -0.1324      2.0697     77.088     75.967     75.018     557.87    1276.82
  1882.417     0.8682     288.88     286.93     285.42    -0.0419      1.4734     77.378     76.620     75.904     557.84    1277.10
  1883.417     0.8819     288.48     286.78     285.08    -0.0265      2.4363     78.298     76.975     75.862     559.23    1278.16
  1884.417     0.8879     287.05     286.34     284.52     0.2154      3.4151     77.641     76.892     74.226     560.54    1281.17
  1885.417     0.8933     286.53     286.45     284.65     0.0114      3.3821     77.957     77.289     74.575     560.15    1283.68
  1886.417     0.9025     284.67     286.56     284.71    -0.3498      3.5391     80.025     78.618     76.486     562.93    1286.19
  1887.417     0.9234     284.81     286.76     285.00    -0.2630      1.5569     75.707     75.255     74.150     562.41    1287.11
  1888.417     0.9393     285.27     286.76     285.20    -0.1973     -0.6356     76.270     76.785     76.906     562.42    1286.92
  1889.417     0.9511     286.59     286.86     285.29    -0.0135     -1.3793     74.032     74.741     75.411     561.18    1286.27
  1890.417     0.9726     287.40     286.70     285.04     0.1812     -0.5844     77.350     77.537     77.935     561.25    1285.57
  1891.417     0.9873     287.22     286.62     284.93     0.1602      1.3309     77.457     76.920     76.126     561.80    1286.61
  1892.417     0.9941     287.11     286.60     284.93     0.1386      0.8629     76.059     76.068     75.196     561.74    1287.67
  1893.417     1.0058     287.55     286.69     284.98    -0.0433      0.6959     78.033     77.759     77.337     561.82    1287.76
  1894.417     1.0338     287.49     286.72     284.85     0.0226      0.7240     76.035     75.751     75.311     563.02    1288.62
  1895.417     1.0553     289.40     286.90     285.24     0.1417     -1.5628     73.746     74.788     75.309     560.70    1287.75
  1896.417     1.0744     289.90     286.90     285.11     0.3066     -1.6798     75.725     76.511     77.405     560.95    1286.96
  1897.417     1.0996     290.89     287.02     285.50     0.3424     -0.4372     76.073     76.117     76.510     560.14    1286.41
  1898.417     1.1337     291.37     287.06     285.48     0.2969     -0.8964     75.180     75.458     76.076     560.41    1286.11
  1899.417     1.1699     292.13     287.06     285.51     0.4255     -0.3703     77.609     77.249     77.979     560.30    1284.99
  1900.417     1.2159     291.96     287.08     285.48     0.2053      0.8327     77.954     76.883     77.121     561.70    1284.92
  1901.417     1.2591     292.27     287.17     285.51     0.3191      0.3342     75.814     75.624     75.480     562.04    1285.26
  1902.417     1.3007     293.51     287.13     285.56     0.4222     -0.2461     77.119     77.081     77.365     561.33    1284.57
  1903.417     1.3543     292.78     286.76     284.82     0.5373      1.5171     78.625     77.893     77.108     562.87    1285.52
  1904.417     1.3974     292.15     286.83     285.07     0.3065      2.0757     76.091     75.585     74.015     562.96    1287.30
  1905.417     1.4624     292.29     286.89     285.16     0.1959      0.8474     76.642     76.551     75.795     563.03    1287.96
  1906.417     1.5392     292.28     286.88     285.07     0.1243      1.7995     79.015     77.925     77.215     564.20    1288.51
  1907.417     1.5729     292.06     286.87     285.06    -0.0168      2.2532     79.122     77.918     76.869     565.96    1289.86
  1908.417     1.5772     292.69     286.94     285.03     0.2412      0.3756     75.580     75.653     75.205     565.10    1290.13
  1909.417     1.6171     292.90     286.91     285.19     0.1187      0.4403     78.552     78.120     78.112     565.61    1290.03
  1910.417     1.6261     292.97     286.93     285.23     0.1339      1.2609     77.736     76.833     76.475     567.09    1290.57
  1911.417     1.6174     293.67     287.06     285.36     0.2407      0.5149     76.678     76.450     76.163     567.04    1290.83
  1912.417     1.6417     294.42     287.09     285.37     0.3479      0.0111     77.650     77.671     77.638     566.63    1290.75
  1913.417     1.6169     294.54     287.02     285.19     0.5271      0.3501     77.103     76.985     76.753     567.38    1291.16
  1914.417     1.5524     295.58     287.06     285.35     0.5340      0.1839     77.269     77.011     77.085     566.96    1290.91
  1915.417     1.5707     295.73     287.00     285.24     0.4073      1.0815     80.228     79.265     79.146     568.41    1290.93
  1916.417     1.6322     295.93     287.08     285.32     0.4153      1.1966     76.718     76.122     75.521     569.13    1291.98
  1917.417     1.6560     296.69     287.14     285.62     0.6192     -0.1281     78.033     78.026     78.161     568.65    1291.41
  1918.417     1.5906     297.11     286.97     285.37     0.5437     -0.3537     76.790     76.709     77.143     569.09    1291.22
  1919.417     1.5810     297.56     286.97     285.31     0.5539      0.1288     78.068     77.908     77.939     568.85    1290.98
  1920.417     1.6080     297.17     287.04     285.30     0.5001      1.3637     79.742     78.877     78.378     570.19    1291.52
  1921.417     1.5724     297.40     287.11     285.39     0.4658      0.3593     75.697     75.791     75.338     570.01    1292.25
  1922.417     1.6494     298.66     287.10     285.50     0.7185     -0.8792     76.370     76.898     77.250     568.98    1291.58
  1923.417     1.7186     298.55     287.01     285.39     0.5937      0.5485     78.855     78.174     78.307     570.35    1291.56
  1924.417     1.7228     298.76     287.11     285.50     0.4617      0.7680     77.183     76.774     76.415     570.49    1291.92
  1925.417     1.7352     299.21     287.09     285.57     0.4832      0.9560     79.680     79.142     78.724     570.76    1292.12
  1926.417     1.7936     299.23     287.00     285.44     0.4508      1.4475     78.841     78.077     77.394     572.03    1293.27
  1927.417     1.8583     299.96     287.06     285.38     0.6115      1.4902     80.230     79.288     78.739     572.11    1293.39
  1928.417     1.9089     299.41     287.06     285.52     0.5191      2.0070     79.762     78.294     77.755     574.61    1294.22
  1929.417     1.9564     299.59     287.04     285.47     0.6228      1.7078     79.632     78.672     77.925     575.08    1294.74
  1930.417     1.8973     299.91     286.97     285.48     0.4828      0.8869     77.618     77.464     76.731     575.34    1295.67
  1931.417     1.7562     300.14     287.03     285.33     0.4971      0.9927     80.405     80.277     79.412     575.43    1296.46
  1932.417     1.6755     300.47     287.09     285.54     0.4915      0.4102     77.360     77.345     76.950     575.33    1296.99
  1933.417     1.7296     300.94     287.04     285.35     0.5013      0.1663     79.050     78.845     78.884     575.34    1296.62
  1934.417     1.7903     300.43     286.95     285.36     0.3817      1.0905     79.125     78.469     78.035     576.78    1297.46
  1935.417     1.8683     301.65     287.11     285.54     0.4588      0.1525     77.505     77.291     77.353     576.11    1297.08
  1936.417     1.9540     302.63     287.16     285.62     0.6050     -0.7775     76.180     76.387     76.957     576.49    1296.71
  1937.417     1.9556     303.07     287.08     285.48     0.5642      1.0158     81.554     80.733     80.539     576.79    1296.51
  1938.417     1.9421     302.77     287.10     285.57     0.4759      1.3736     77.073     76.336     75.700     578.31    1297.77
  1939.417     2.0109     304.10     287.18     285.61     0.7963     -1.0348     75.932     76.706     76.967     577.12    1297.26
  1940.417     2.0705     305.34     287.27     285.70     0.9806     -1.0326     77.911     78.131     78.944     576.66    1296.17
  1941.417     2.0928     305.72     287.13     285.61     0.7873      0.6382     79.195     78.440     78.557     577.35    1296.16
  1942.417     2.1271     305.79     287.06     285.40     0.5954      2.0129     80.812     79.379     78.800     579.22    1296.89
  1943.417     2.1493     305.80     287.14     285.64     0.5999      2.5954     80.166     78.388     77.570     580.44    1297.45
  1944.417     2.0463     304.95     287.09     285.37     0.4461      2.0676     80.088     78.965     78.020     582.43    1298.87
  1945.417     1.9944     305.62     287.26     285.74     0.4815      0.5134     77.899     77.800     77.386     582.08    1299.02
  1946.417     2.1593     306.20     287.25     285.70     0.5676      0.6421     80.540     79.927     79.898     582.38    1298.88
  1947.417     2.2954     306.11     287.26     285.63     0.4964      1.9067     80.361     79.157     78.455     584.19    1299.78
  1948.417     2.3203     306.91     287.41     285.97     0.6677      1.1054     78.130     77.600     77.024     583.97    1300.41
  1949.417     2.3977     307.01     287.23     285.63     0.6522      0.8098     81.591     81.111     80.781     585.47    1300.64
  1950.417     2.6700     308.52     287.31     285.79     0.7965      0.1939     77.521     77.396     77.327     584.40    1300.68
  1951.417     2.8737     309.18     287.24     285.63     0.7373     -0.1097     80.062     80.085     80.172     585.54    1300.78
  1952.417     2.9186     311.33     287.33     285.77     0.9550     -0.4529     76.202     76.340     76.655     584.40    1300.23
  1953.417     2.9728     312.55     287.20     285.47     0.8405      0.3567     81.746     81.411     81.389     585.09    1300.14
  1954.417     3.1105     312.80     287.30     285.63     0.7763      2.1982     80.221     79.156     78.023     586.29    1301.53
  1955.417     3.3142     313.30     287.37     285.71     0.6542      1.5157     80.101     79.431     78.585     586.77    1302.38
  1956.417     3.4708     313.79     287.40     285.87     0.6824      1.1912     79.801     79.006     78.609     587.92    1302.76
  1957.417     3.5845     315.08     287.44     285.79     0.7805      0.6278     78.328     77.934     77.700     588.10    1302.99
  1958.417     3.6503     316.35     287.51     285.90     0.9310      0.6682     80.931     80.386     80.262     588.52    1302.98
  1959.417     3.7062     316.97     287.59     286.02     0.9994      1.7854     81.388     79.985     79.603     590.00    1303.48
  1960.417     3.7939     317.36     287.52     285.83     0.8907      2.1974     82.332     80.729     80.135     591.72    1303.97
  1961.417     3.8757     317.83     287.53     286.05     0.8282      3.4602     84.749     82.423     81.289     593.69    1304.98
  1962.417     3.9998     317.85     287.47     285.84     0.8076      3.8490     82.877     80.601     79.028     596.59    1306.99
  1963.417     4.1611     319.04     287.39     285.64     1.1552      1.8239     79.619     79.163     77.796     596.95    1308.07
  1964.417     4.3201     319.89     287.15     285.30     1.1887      1.1002     80.565     80.673     79.464     596.47    1309.36
  1965.417     4.4876     320.75     287.33     285.62     1.1058      1.6196     80.430     79.686     78.810     596.88    1310.15
  1966.417     4.6405     320.73     287.43     285.74     0.8741      2.9061     83.490     81.834     80.584     599.33    1311.44
  1967.417     4.7523     321.63     287.57     286.08     0.9323      3.0459     82.749     81.134     79.703     600.55    1312.97
  1968.417     4.9125     322.65     287.47     286.00     0.9717      3.5674     86.255     84.067     82.688     602.47    1313.94
  1969.417     5.1362     322.41     287.34     285.60     0.8722      4.0465     83.704     81.751     79.658     605.58    1316.71
  1970.417     5.2767     324.43     287.45     285.90     1.0644      0.7766     78.023     78.338     77.246     604.09    1317.55
  1971.417     5.3580     326.69     287.44     285.88     1.2342     -0.7365     80.470     80.989     81.206     603.90    1317.24
  1972.417     5.5373     328.77     287.47     286.01     1.3805      0.9889     82.286     81.325     81.298     604.20    1317.09
  1973.417     5.6645     329.14     287.43     285.88     1.1639      3.0917     85.463     83.425     82.371     607.48    1318.37
  1974.417     5.6560     330.60     287.55     286.06     1.2750      2.9482     82.595     80.908     79.647     608.52    1319.60
  1975.417     5.7853     332.27     287.55     286.03     1.5493      1.0144     81.387     80.868     80.373     609.22    1320.16
  1976.417     6.0308     334.29     287.51     285.97     1.6085      1.6485     83.455     82.425     81.806     609.67    1320.50
  1977.417     6.1449     334.64     287.54     285.88     1.4158      4.1156     86.553     84.073     82.438     612.85    1322.23
  1978.417     6.3009     335.28     287.54     286.10     1.4214      4.5776     86.915     84.405     82.338     615.23    1324.47
  1979.417     6.3970     336.89     287.54     286.01     1.5517      2.1014     82.322     81.425     80.221     616.41    1325.89
  1980.417     6.2800     339.81     287.62     286.16     1.7598     -0.1602     81.717     81.812     81.877     615.64    1325.45
  1981.417     6.2493     341.59     287.64     286.07     1.7884      0.2584     82.883     82.494     82.625     616.39    1325.42
  1982.417     6.3143     343.35     287.63     286.16     1.8263      1.8990     84.733     83.454     82.834     617.75    1325.83
  1983.417     6.4218     344.91     287.52     286.07     1.9438      2.9910     84.450     82.669     81.459     618.96    1327.11
  1984.417     6.6153     345.23     287.47     285.85     1.6537      3.8914     87.003     85.091     83.112     621.65    1329.32
  1985.417     6.7882     346.52     287.73     286.32     1.6171      3.5184     84.798     82.844     81.280     622.74    1330.84
  1986.417     6.9530     347.16     287.69     286.23     1.4977      4.4335     89.811     86.708     85.377     626.46    1331.90
  1987.417     7.1407     348.26     287.72     286.39     1.3944      4.9585     86.859     83.666     81.901     629.54    1334.04
  1988.417     7.3277     349.94     287.76     286.30     1.6842      2.0589     84.664     83.800     82.605     631.17    1335.36
  1989.417     7.4224     352.97     287.81     286.34     1.9636      1.3890     86.220     85.175     84.831     630.75    1335.07
  1990.417     7.5195     354.39     287.80     286.33     1.7876      2.2477     84.976     83.304     82.729     633.46    1336.11
  1991.417     7.5137     356.87     287.65     285.99     2.0700      2.0998     84.836     83.915     82.736     633.82    1337.02
  1992.417     7.4084     358.06     287.43     285.64     2.1841      4.1025     88.889     86.939     84.787     635.91    1339.18
  1993.417     7.4586     358.35     287.49     285.93     1.7864      6.7183     90.055     86.508     83.337     639.35    1342.41
  1994.417     7.5706     358.68     287.65     286.16     1.5877      6.1766     90.127     86.818     83.950     643.29    1345.62
  1995.417     7.6852     360.19     287.69     286.21     1.7005      4.1284     88.412     86.190     84.284     645.12    1347.29
  1996.417     7.7817     362.33     287.80     286.40     1.7404      2.1219     86.436     85.114     84.314     646.18    1348.20
  1997.417     7.8074     364.35     287.86     286.49     1.7738      1.9979     88.104     86.722     86.106     647.91    1348.60
  1998.417     7.7655     366.59     287.91     286.52     2.0182      2.0211     86.746     85.435     84.725     649.29    1349.46
  1999.417     7.7979     369.25     288.01     286.48     2.0965      1.6292     86.402     85.179     84.773     649.93    1349.72
  2000.417     7.9352     370.92     288.03     286.65     2.0593      2.1181     88.222     86.499     86.104     652.26    1350.30
  2001.417     8.0830     372.50     288.11     286.79     2.0920      3.9485     92.331     89.363     88.382     654.69    1350.79
  2002.417     8.3167     374.04     288.13     286.85     1.9866      3.3532     87.027     84.881     83.674     657.81    1352.89
  2003.417     8.6799     377.46     288.19     286.88     2.1906      1.5870     89.173     87.917     87.586     658.02    1352.43
  2004.417     9.0133     379.21     288.18     286.78     2.2979      2.3140     88.199     86.360     85.885     660.53    1353.21
  2005.417     9.2228     382.44     288.35     287.17     2.3937      1.9239     85.967     84.668     84.043     661.15    1353.76
  2006.417     9.3828     384.72     288.14     286.71     2.2552      3.5280     92.079     89.627     88.551     663.92    1354.71
  2007.417     9.5433     386.03     288.26     286.97     2.1650      6.1851     93.274     89.500     87.089     667.70    1357.23
  2008.417     9.7037     387.14     288.14     286.79     2.2228      6.4926     94.059     90.440     87.567     671.91    1360.29
  2009.417     9.8641     389.95     288.25     287.01     2.3455      4.1129     88.632     86.606     84.519     673.41    1362.37
  2010.417    10.0640     393.49     288.28     287.10     2.5286      1.2762     88.385     87.610     87.109     673.94    1362.88
  2011.417    10.3110     396.14     288.25     286.91     2.6015      3.0698     93.956     91.749     90.886     676.43    1363.33
  2012.417    10.5580     398.01     288.36     287.08     2.5530      5.1714     92.699     89.545     87.527     679.72    1365.65
  2013.417    10.8051     400.86     288.36     287.21     2.5866      4.3063     92.883     90.393     88.576     682.27    1367.52
  2014.417    11.0521     403.76     288.40     287.25     2.7280      3.6646     91.316     88.934     87.651     684.06    1368.76
  2015.417    11.2991     406.57     288.43     287.20     2.6985      4.0699     92.897     90.242     88.827     686.96    1370.14
  2016.417    11.5461     409.53     288.41     287.10     2.6910      3.9246     92.878     90.645     88.953     689.75    1371.94
  2017.417    11.7932     412.85     288.57     287.46     2.7388      4.4725     94.425     91.523     89.953     691.52    1373.15
  2018.417    12.0402     414.19     288.43     287.13     2.6178      7.0439     98.161     93.398     91.117     697.35    1375.60
  2019.417    12.2872     416.73     288.48     287.21     2.7074      6.0814     92.878     89.427     86.796     700.53    1378.63
  2020.417    12.5176     419.97     288.42     287.01     2.8705      4.8998     96.588     93.923     91.688     703.05    1380.33
  2021.417    12.7283     422.40     288.49     287.07     2.7102      6.5830     96.271     92.297     89.688     706.90    1383.11
  2022.417    12.9389     425.11     288.63     287.39     2.6912      6.6455     96.140     92.423     89.494     710.99    1386.17
  2023.417    13.1495     428.42     288.61     287.30     2.9470      5.3379     95.533     92.769     90.195     713.66    1388.88
  2024.417    13.3601     432.35     288.68     287.49     3.0399      4.1249     94.003     91.566     89.878     715.54    1390.26
  2025.417    13.5708     435.26     288.72     287.56     3.1215      5.3514     98.450     94.711     93.099     719.71    1391.89
  2026.417    13.7814     437.93     288.70     287.46     3.1073      6.6189     98.786     94.677     92.167     724.46    1394.54
  2027.417    13.9920     442.06     288.62     287.40     3.1684      6.6718    100.076     96.230     93.404     726.95    1397.10
  2028.417    14.2027     445.35     288.67     287.41     3.1961      5.7406     96.418     93.310     90.678     731.62    1400.33
  2029.417    14.4133     450.10     288.91     287.79     3.3988      2.8350     92.828     91.421     89.993     732.15    1401.45
  2030.417    14.6589     454.15     288.83     287.79     3.5647      3.7165     98.893     96.318     95.176     734.39    1402.09
  2031.417    14.9461     457.74     288.87     287.83     3.2556      5.5044     97.684     93.887     92.180     738.27    1404.44
  2032.417    15.2333     461.52     288.86     287.72     3.3557      7.0066    102.655     98.183     95.648     743.38    1406.41
  2033.417    15.5206     465.44     288.94     287.71     3.4075      6.0763     95.284     92.114     89.208     746.61    1410.08
  2034.417    15.8078     471.07     289.03     287.94     3.8111      3.1046     95.930     94.385     92.826     747.41    1411.17
  2035.417    16.0950     475.81     289.01     287.94     3.7542      4.5894     99.747     96.420     95.157     750.77    1412.29
  2036.417    16.3823     479.23     289.07     288.00     3.6335      7.7236    103.746     98.885     96.022     756.51    1415.18
  2037.417    16.6695     483.25     289.09     288.11     3.6045      7.7509    101.512     97.219     93.761     759.95    1418.97
  2038.417    16.9567     487.79     289.14     288.11     3.8258      5.3152     99.292     95.981     93.977     763.59    1420.95
  2039.417    17.2439     492.87     289.19     288.29     3.7930      6.1740    103.500     99.173     97.326     767.39    1422.34
  2040.417    17.5526     496.90     289.22     288.21     3.7049      7.6040    103.823     99.041     96.219     773.49    1425.69
  2041.417    17.8869     502.68     289.30     288.28     3.9515      6.6473    102.547     98.576     95.900     776.11    1428.02
  2042.417    18.2212     507.60     289.31     288.33     4.0139      5.1242    100.055     96.919     94.931     779.96    1430.39
  2043.417    18.5555     513.03     289.40     288.45     3.9929      6.6774    107.355    103.011    100.678     783.91    1432.08
  2044.417    18.8898     516.82     289.33     288.33     3.8316      9.1049    106.511    100.777     97.407     789.87    1435.84
  2045.417    19.2241     521.46     289.56     288.64     4.0552      7.6628    103.485     99.235     95.822     794.69    1439.57
  2046.417    19.5584     528.00     289.62     288.81     4.1548      5.4919    103.668    100.377     98.176     797.09    1441.44
  2047.417    19.8927     533.29     289.44     288.38     3.9895      8.8910    112.117    106.119    103.225     802.35    1443.77
  2048.417    20.2270     535.96     289.47     288.47     3.8020     11.8181    110.127    102.951     98.309     811.96    1449.44
  2049.417    20.5613     542.56     289.64     288.84     4.0947      8.3690    106.441    101.532     98.072     814.99    1452.44
  2050.417    20.8941     548.74     289.59     288.68     4.1960      6.8469    107.481    103.113    100.634     819.80    1454.80
  2051.417    21.2252     554.03     289.61     288.64     4.1885      8.9838    111.521    106.125    102.538     825.28    1458.45
  2052.417    21.5562     559.67     289.77     288.95     4.2310      7.4005    105.978    101.748     98.577     829.91    1462.06
  2053.417    21.8873     567.54     289.81     288.89     4.5439      4.6461    105.372    102.811    100.725     831.80    1463.60
  2054.417    22.2183     573.76     289.86     289.01     4.4617      6.9669    112.545    108.049    105.578     836.14    1466.02
  2055.417    22.5494     578.99     289.93     289.21     4.3220      9.5624    112.736    106.636    103.174     843.09    1469.76
  2056.417    22.8804     585.72     289.92     289.11     4.6150      8.1812    109.132    104.636    100.951     847.25    1473.51
  2057.417    23.2115     593.56     290.04     289.43     4.6709      6.7396    108.740    104.685    102.000     850.45    1476.04
  2058.417    23.5425     600.00     289.88     289.05     4.6450      8.6988    114.460    108.755    105.761     857.14    1478.94
  2059.417    23.8736     606.16     290.01     289.24     4.5277     10.2086    114.713    108.579    104.504     863.44    1483.12
  2060.417    24.1573     613.61     290.00     289.23     4.5880      7.9583    109.046    104.490    101.088     867.23    1486.71
  2061.417    24.3846     621.50     290.12     289.50     4.7826      6.7022    113.074    109.021    106.372     871.46    1489.24
  2062.417    24.6119     628.62     290.13     289.29     4.7679      8.6502    115.318    109.774    106.667     877.41    1492.11
  2063.417    24.8392     635.90     290.29     289.67     4.9368      9.6235    115.912    109.947    106.288     882.94    1495.97
  2064.417    25.0665     643.60     290.22     289.59     4.8843      8.1326    112.256    107.100    104.124     888.33    1499.18
  2065.417    25.2938     650.75     290.19     289.38     4.7884      9.5402    121.121    114.951    111.581     894.86    1501.92
  2066.417    25.5211     657.41     290.41     289.74     4.8127     11.2035    116.363    109.380    105.159     900.91    1506.60
  2067.417    25.7484     664.08     290.45     289.86     4.7750     10.4094    119.010    112.653    108.601     908.09    1510.57
  2068.417    25.9757     671.92     290.48     289.84     4.9333     11.4301    119.874    113.002    108.444     914.22    1514.90
  2069.417    26.2030     678.74     290.35     289.75     4.7633     11.6340    121.107    114.569    109.473     921.73    1520.40
  2070.417    26.3877     686.52     290.44     289.90     4.9571      8.5639    114.096    109.608    105.532     926.05    1524.72
  2071.417    26.5215     696.44     290.46     289.90     5.2215      5.7993    116.196    112.704    110.396     928.89    1526.34
  2072.417    26.6554     705.38     290.50     289.96     5.1667      6.9804    116.271    111.988    109.290     933.46    1529.23
  2073.417    26.7892     713.52     290.49     289.83     5.0679      9.7702    121.388    115.741    111.618     938.58    1533.39
  2074.417    26.9231     721.56     290.62     290.11     5.1554     10.0864    118.063    112.061    107.977     945.51    1537.72
  2075.417    27.0569     730.04     290.65     290.20     4.9620      9.4309    121.660    115.671    112.229     951.15    1540.88
  2076.417    27.1908     737.62     290.70     290.14     4.9212     10.8050    125.306    118.428    114.501     958.04    1544.71
  2077.417    27.3246     745.33     290.68     290.04     4.9074     11.5528    121.509    114.629    109.956     964.94    1549.63
  2078.417    27.4585     753.29     290.85     290.26     5.0397     10.2503    122.083    116.188    111.832     971.22    1554.04
  2079.417    27.5923     763.29     291.02     290.63     5.2063      8.4727    120.281    115.074    111.808     975.06    1557.17
  2080.417    27.7022     772.18     290.91     290.41     5.0070      9.0196    123.575    117.615    114.555     981.88    1560.25
  2081.417    27.7836     779.74     290.90     290.29     4.9515     11.1955    126.303    119.180    115.107     989.63    1564.10
  2082.417    27.8651     788.59     290.94     290.38     4.9813      9.8443    120.816    115.204    110.972     994.68    1568.69
  2083.417    27.9465     798.73     291.13     290.82     5.1986      6.4577    119.472    116.167    113.014     998.19    1572.06
  2084.417    28.0279     809.86     291.13     290.69     5.3333      6.5514    122.408    118.298    115.856    1001.69    1573.74
  2085.417    28.1093     818.91     291.13     290.63     5.0745      9.8786    126.533    120.121    116.654    1007.79    1577.42
  2086.417    28.1907     826.30     291.12     290.66     5.0282     11.5604    127.880    120.835    116.320    1016.40    1582.54
  2087.417    28.2721     835.41     291.19     290.76     5.0929     10.0921    125.941    119.556    115.849    1021.77    1585.69
  2088.417    28.3535     844.68     291.30     290.86     5.1390      8.8424    124.820    119.076    115.978    1027.56    1588.88
  2089.417    28.4349     853.84     291.29     290.98     5.1365      8.7725    126.859    121.527    118.086    1033.23    1592.38
  2090.417    28.4923     864.06     291.53     291.13     5.2584      8.0699    123.593    118.962    115.523    1037.49    1595.89
  2091.417    28.5208     874.55     291.53     291.27     5.0488      7.2562    124.798    120.318    117.542    1042.36    1598.69
  2092.417    28.5494     885.19     291.39     291.03     5.1636      8.5609    129.643    123.607    121.082    1048.01    1601.03
  2093.417    28.5780     895.77     291.58     291.36     5.1759      7.8150    124.088    118.703    116.273    1053.80    1603.57
  2094.417    28.6066     907.48     291.55     291.22     5.2231      6.2733    122.173    118.425    115.900    1056.38    1605.81
  2095.417    28.6352     915.84     291.56     291.22     5.0385     10.1564    133.690    127.662    123.534    1064.08    1610.30
  2096.417    28.6637     925.12     291.55     291.27     5.1081     10.6848    128.173    121.518    117.488    1069.86    1614.34
  2097.417    28.6923     935.92     291.71     291.66     5.1477      7.2905    126.040    121.093    118.750    1074.88    1616.61
  2098.417    28.7209     946.29     291.71     291.47     5.1023      8.7491    133.282    127.164    124.533    1080.60    1618.86
  2099.417    28.7495     955.24     291.79     291.55     5.0289     10.6662    130.133    122.810    119.467    1088.14    1622.91
