     time     emission      CO2      tas      tas_land      fgco2      fnep      fnpp      fveglitter       frh     cveg        csoil
  1851.417     0.0987     287.59     286.89     286.97     0.1846     -0.1629     61.518     61.583     61.681     592.55    1649.37
  1852.417     0.1016     288.39     287.02     287.05     0.3914     -2.8349     58.923     61.233     61.758     590.80    1649.03
  1853.417     0.1050     289.15     287.08     287.17     0.5017     -0.6944     60.856     60.783     61.550     589.51    1648.45
  1854.417     0.1140     288.61     286.70     286.55     0.0383      2.3704     62.448     61.123     60.078     590.00    1648.80
  1855.417     0.1183     287.70     286.76     286.87    -0.1082      1.1223     62.330     61.296     61.208     591.10    1649.86
  1856.417     0.1231     286.73     286.78     286.63    -0.3762      3.6617     64.886     62.524     61.225     593.03    1650.53
  1857.417     0.1252     286.77     286.90     286.88    -0.0002     -2.3789     59.963     62.576     62.342     592.44    1651.37
  1858.417     0.1270     287.31     286.66     286.47    -0.1731      1.7160     62.671     61.632     60.955     591.13    1651.82
  1859.417     0.1323     285.81     286.64     286.52    -0.2018      3.2937     64.741     62.668     61.447     593.23    1653.11
  1860.417     0.1404     285.71     286.56     286.37    -0.7280      1.0059     62.585     62.079     61.579     593.41    1654.09
  1861.417     0.1456     284.74     286.59     286.43    -0.4588      2.8731     64.339     62.513     61.466     595.22    1655.15
  1862.417     0.1491     284.24     286.63     286.51    -0.5539      1.4975     63.240     62.686     61.743     596.02    1656.36
  1863.417     0.1560     285.00     286.91     286.95     0.0976     -3.3035     59.790     62.202     63.093     594.56    1656.42
  1864.417     0.1651     286.07     286.76     286.70     0.0373     -1.0174     60.652     61.929     61.669     592.60    1656.15
  1865.417     0.1726     286.52     286.78     286.81    -0.0710     -0.6924     61.122     61.490     61.815     591.70    1656.31
  1866.417     0.1771     287.16     286.95     287.13     0.3433     -2.5316     59.828     61.429     62.359     590.68    1655.94
  1867.417     0.1853     288.33     287.01     287.16     0.2193     -2.2176     59.552     60.748     61.770     588.91    1655.05
  1868.417     0.1917     288.21     286.83     286.76     0.1312      2.1246     63.288     61.506     61.164     589.20    1654.71
  1869.417     0.1994     287.65     286.83     286.86     0.0647      0.9379     62.503     61.908     61.565     589.93    1655.25
  1870.417     0.2058     286.71     286.69     286.67    -0.2405      2.5003     63.813     62.500     61.313     591.38    1656.05
  1871.417     0.2158     287.37     286.94     286.97    -0.0837     -3.0347     59.464     61.771     62.499     589.83    1656.60
  1872.417     0.2327     288.39     286.95     286.94    -0.2226     -1.2377     60.716     61.723     61.954     588.19    1656.41
  1873.417     0.2442     288.29     286.97     286.90     0.0640      1.4718     63.217     62.087     61.745     588.47    1656.61
  1874.417     0.2399     289.42     287.20     287.39     0.2557     -4.4250     58.408     60.873     62.833     586.76    1656.04
  1875.417     0.2507     290.09     287.11     287.23     0.0343      0.6426     62.774     61.595     62.131     586.33    1654.94
  1876.417     0.2565     289.34     286.86     286.80    -0.0284      2.9600     64.117     61.880     61.157     587.66    1655.49
  1877.417     0.2600     287.87     286.96     286.79    -0.0538      1.7861     63.603     62.579     61.817     590.01    1656.50
  1878.417     0.2638     289.30     287.01     287.09     0.6023     -4.8990     57.634     61.403     62.533     587.17    1656.44
  1879.417     0.2783     289.88     286.87     286.88     0.5276      1.7354     62.945     61.355     61.210     585.87    1655.74
  1880.417     0.3031     288.77     286.76     286.79    -0.2328      2.8118     64.316     61.657     61.505     588.11    1656.42
  1881.417     0.3153     287.52     286.95     286.93    -0.1909      2.7122     65.047     62.760     62.335     590.62    1656.86
  1882.417     0.3291     287.92     287.08     287.15    -0.0704     -3.2986     59.948     63.174     63.247     589.91    1657.40
  1883.417     0.3452     290.09     287.13     287.24     0.5328     -4.3579     58.277     61.485     62.635     585.90    1656.70
  1884.417     0.3513     290.06     286.58     286.48     0.1999      4.6383     64.915     61.871     60.277     585.44    1657.10
  1885.417     0.3542     287.50     286.34     286.14    -0.3345      4.8456     65.532     62.830     60.686     589.09    1659.49
  1886.417     0.3595     287.31     286.42     286.19    -0.0624     -1.4844     59.763     62.355     61.247     588.16    1661.53
  1887.417     0.3750     288.13     286.63     286.49    -0.3302      0.1917     62.007     62.246     61.815     586.44    1662.10
  1888.417     0.4041     288.47     286.74     286.90    -0.2170     -0.8624     61.756     61.882     62.618     586.51    1662.32
  1889.417     0.4133     289.12     286.71     286.62     0.3728     -1.2278     60.697     61.508     61.925     585.37    1662.08
  1890.417     0.4388     289.65     286.55     286.46     0.3112     -0.3181     60.820     61.412     61.138     584.04    1662.18
  1891.417     0.4577     289.30     286.61     286.63     0.3531      1.2912     63.160     61.953     61.869     584.18    1662.80
  1892.417     0.4630     288.86     286.54     286.45    -0.6177      2.2217     63.825     62.271     61.603     585.15    1663.43
  1893.417     0.4616     287.81     286.51     286.38    -0.1481      2.5683     64.680     63.010     62.111     587.29    1664.61
  1894.417     0.4738     288.23     286.77     286.95     0.1316     -2.1563     61.097     63.023     63.254     586.64    1664.69
  1895.417     0.4964     288.61     286.70     286.55    -0.1064      1.1993     63.789     62.438     62.589     586.31    1664.74
  1896.417     0.5136     289.05     286.74     286.67    -0.1303     -1.2033     61.614     62.604     62.818     585.70    1665.10
  1897.417     0.5364     289.42     286.68     286.67    -0.1503      0.7045     63.158     62.699     62.454     585.40    1665.38
  1898.417     0.5651     289.59     286.70     286.70     0.0358     -0.3704     62.190     62.920     62.561     584.81    1665.95
  1899.417     0.6068     290.46     286.90     286.96     0.2906     -1.7264     61.261     62.129     62.987     583.53    1665.81
  1900.417     0.6387     290.57     286.62     286.58    -0.0862      2.2343     64.272     62.347     62.038     583.79    1665.78
  1901.417     0.6605     289.95     286.68     286.68    -0.1902      1.3583     63.832     63.314     62.473     585.17    1666.57
  1902.417     0.6804     290.27     286.89     286.78     0.3540     -2.2617     60.810     62.501     63.071     584.31    1667.28
  1903.417     0.7259     291.66     286.88     286.85     0.9329     -2.8038     59.829     62.098     62.633     581.55    1666.82
  1904.417     0.7452     292.98     286.84     286.65     0.5145     -1.5632     60.756     61.220     62.319     579.30    1666.05
  1905.417     0.7832     291.99     286.56     286.39     0.1391      4.5954     65.836     62.499     61.240     581.46    1666.56
  1906.417     0.8339     291.25     286.65     286.57    -0.1499      0.8945     63.448     63.001     62.554     582.53    1667.86
  1907.417     0.9025     291.04     286.70     286.61    -0.0348      1.2199     63.909     63.050     62.689     583.41    1668.61
  1908.417     0.8929     291.58     286.79     286.65     0.0793     -2.0267     61.101     62.891     63.127     582.21    1669.28
  1909.417     0.9188     293.15     286.79     286.74     0.2872     -1.6626     61.504     62.524     63.167     580.26    1668.69
  1910.417     0.9549     294.15     286.80     286.83     0.4520     -2.3024     60.804     62.260     63.106     578.76    1668.45
  1911.417     0.9800     295.45     286.99     287.11     0.5136     -1.7728     61.508     61.850     63.281     577.30    1667.38
  1912.417     1.0252     295.51     286.77     286.65     0.2991      1.8844     64.113     62.431     62.229     577.82    1667.16
  1913.417     1.0773     295.73     286.79     286.80     0.6494     -1.7871     60.607     62.038     62.394     577.41    1667.65
  1914.417     1.0125     296.45     286.80     286.78     0.3782      0.0343     62.495     62.240     62.461     576.26    1667.59
  1915.417     0.9917     296.22     286.70     286.59     0.2148      1.7282     63.982     62.127     62.254     577.17    1667.78
  1916.417     1.0466     295.78     286.83     286.96     0.5454      1.4007     64.625     63.097     63.224     578.78    1667.81
  1917.417     1.1007     296.28     287.01     287.14     0.7105     -2.7380     61.107     62.904     63.845     578.12    1667.54
  1918.417     1.0837     297.17     286.84     286.76     0.0777      0.5544     63.206     62.208     62.651     577.07    1667.25
  1919.417     0.9868     296.67     286.83     286.74     0.4390      2.2256     64.995     63.258     62.770     578.74    1667.68
  1920.417     1.0525     297.10     286.99     287.06     0.3608     -1.4307     62.343     63.096     63.773     578.43    1667.59
  1921.417     0.9757     297.64     286.96     286.76     0.6434      0.0361     63.384     63.189     63.348     577.53    1667.72
  1922.417     0.9979     298.30     287.05     287.27     0.4239     -4.0758     60.432     63.462     64.507     576.48    1667.80
  1923.417     1.1075     300.74     287.11     287.28     0.8591     -2.9283     60.794     62.485     63.722     572.66    1666.32
  1924.417     1.1272     300.64     286.77     286.78     0.2570      3.0672     65.454     62.429     62.386     573.41    1666.34
  1925.417     1.1373     298.98     286.71     286.67    -0.0452      4.8686     67.634     63.735     62.765     576.75    1667.35
  1926.417     1.1566     297.85     286.76     286.63    -0.0067      2.6271     65.983     64.201     63.356     579.29    1668.79
  1927.417     1.2176     298.48     287.00     287.14     0.2382     -2.3216     62.651     64.245     64.972     578.64    1669.11
  1928.417     1.2436     299.43     286.96     286.97     0.4455     -0.2084     63.785     63.686     63.993     577.79    1668.80
  1929.417     1.3034     300.00     286.88     286.90     0.1985      1.3739     65.041     63.527     63.667     577.50    1668.88
  1930.417     1.2349     299.09     286.66     286.47     0.1122      3.2602     66.138     64.045     62.878     579.29    1670.07
  1931.417     1.1135     298.43     286.84     286.88     0.3122      1.2035     65.321     64.586     64.118     580.32    1671.22
  1932.417     1.0227     298.87     286.93     286.85     0.4089     -2.6984     62.053     63.439     64.751     579.71    1671.82
  1933.417     1.0482     300.85     287.13     287.12     0.7128     -1.9855     62.728     64.048     64.714     576.76    1670.47
  1934.417     1.1293     300.11     286.83     286.74    -0.1059      4.6248     68.189     64.694     63.564     578.85    1671.09
  1935.417     1.1960     299.72     286.78     286.73     0.2335      0.6725     65.002     64.220     64.329     579.70    1672.05
  1936.417     1.3008     299.06     286.71     286.49     0.0843      3.4297     67.836     65.323     64.406     581.61    1672.86
  1937.417     1.3827     299.53     286.95     287.02     0.6803     -3.1739     62.399     64.644     65.573     580.75    1673.52
  1938.417     1.3452     301.74     287.09     287.21     0.8281     -4.2614     61.343     64.186     65.604     577.66    1672.61
  1939.417     1.3858     303.39     287.08     287.36     0.3132     -0.2008     64.632     63.723     64.833     575.80    1671.37
  1940.417     1.4831     301.93     286.78     286.64    -0.0279      5.9647     69.300     65.153     63.335     579.35    1672.31
  1941.417     1.5349     301.18     286.93     286.95     0.1959      0.6338     65.624     65.791     64.990     580.60    1674.09
  1942.417     1.5555     302.87     287.01     286.98     0.6279     -3.9512     61.590     63.983     65.541     578.09    1673.94
  1943.417     1.5919     304.41     287.02     287.11     0.7979     -0.7384     64.355     63.865     65.094     576.48    1672.86
  1944.417     1.5752     304.53     286.93     286.87     0.6826      0.0274     64.497     64.096     64.470     577.23    1672.76
  1945.417     1.4017     305.41     287.06     287.14     0.5970     -1.7010     63.142     63.974     64.843     576.51    1672.30
  1946.417     1.4341     306.09     286.98     287.00     0.7103      0.9362     65.295     64.168     64.359     575.82    1672.15
  1947.417     1.5834     305.53     286.87     286.81     0.6469      1.4413     65.346     64.620     63.904     576.99    1672.90
  1948.417     1.6732     305.84     286.92     286.94     0.1709      0.5556     65.292     64.685     64.736     577.04    1673.18
  1949.417     1.6633     305.57     286.93     286.89     0.2876      3.4317     67.971     64.816     64.540     578.48    1673.91
  1950.417     1.8407     305.33     286.96     286.93     0.2814      0.4688     65.741     65.545     65.272     579.59    1674.76
  1951.417     2.0008     306.10     286.95     286.97     0.3334     -0.5889     64.854     65.281     65.443     579.04    1675.37
  1952.417     2.0521     307.53     287.10     287.06     0.6503     -1.5598     64.202     64.871     65.762     577.35    1675.40
  1953.417     2.0996     308.64     287.06     286.99     0.8291     -0.3293     65.352     64.924     65.682     576.34    1675.33
  1954.417     2.1428     308.95     287.02     287.11     0.6078      0.1660     65.541     65.359     65.375     576.49    1675.75
  1955.417     2.3085     310.41     287.10     287.26     0.7012     -2.0957     64.043     65.239     66.139     574.82    1675.57
  1956.417     2.4592     310.69     286.92     286.79     0.7165      3.8823     68.718     65.195     64.836     575.31    1676.16
  1957.417     2.5688     310.69     287.10     287.18     0.7866     -0.3171     66.079     66.012     66.396     575.74    1677.17
  1958.417     2.6459     311.55     286.90     286.95     0.4837      0.3430     66.386     66.296     66.043     575.40    1677.66
  1959.417     2.7791     313.21     287.16     287.25     0.9985     -3.0953     64.039     65.718     67.134     573.66    1677.71
  1960.417     2.8971     314.30     286.91     286.88     0.7895      2.3011     67.724     65.998     65.423     572.83    1678.02
  1961.417     2.9435     314.84     286.96     286.82     1.3305     -2.0294     64.315     65.639     66.344     572.88    1678.68
  1962.417     3.0487     316.72     287.14     287.08     1.5586     -3.7936     62.685     65.255     66.478     570.42    1678.07
  1963.417     3.2071     318.79     287.08     286.94     1.6667     -0.5676     64.832     64.718     65.399     568.13    1677.09
  1964.417     3.3878     318.95     286.73     286.66     1.4147      1.5852     66.169     65.166     64.584     568.62    1677.88
  1965.417     3.5483     318.86     286.62     286.35     1.0131      3.3044     68.180     66.163     64.875     569.66    1679.23
  1966.417     3.7163     319.56     286.81     286.79     1.1490     -1.9101     64.178     65.497     66.088     569.81    1680.06
  1967.417     3.8514     321.20     286.63     286.49     0.6748      2.7539     67.929     65.831     65.175     569.06    1680.12
  1968.417     4.0375     320.70     286.57     286.38     0.6019      4.7006     69.984     66.502     65.283     572.18    1681.48
  1969.417     4.2717     320.41     286.61     286.44     0.9181      2.7341     69.097     67.042     66.362     574.44    1682.97
  1970.417     4.5528     321.10     286.78     286.70     1.0198      1.7416     68.723     66.898     66.981     575.81    1683.64
  1971.417     4.7460     323.41     287.04     287.14     1.7663     -5.2024     62.545     66.902     67.747     573.70    1683.77
  1972.417     4.9396     326.11     286.94     286.93     1.5117     -0.4141     66.417     65.885     66.831     571.61    1682.81
  1973.417     5.1631     327.47     286.97     286.93     1.1744      1.4664     68.123     66.366     66.657     572.66    1682.49
  1974.417     5.2100     328.81     286.94     286.93     1.4091     -0.7360     66.053     66.878     66.789     572.68    1683.18
  1975.417     5.2184     331.28     287.13     287.10     1.8713     -2.2186     65.433     66.594     67.651     571.14    1682.68
  1976.417     5.4445     333.09     287.05     287.17     1.5689      0.7089     67.855     66.396     67.146     570.94    1682.12
  1977.417     5.6264     334.16     287.04     286.97     1.3109      1.7615     68.793     66.916     67.032     572.46    1682.31
  1978.417     5.7424     335.25     287.04     287.08     1.0543      3.2546     70.531     67.647     67.276     574.37    1682.34
  1979.417     5.9861     335.48     287.04     286.96     1.2284      2.9758     70.507     68.141     67.531     577.31    1683.49
  1980.417     5.9784     337.85     287.21     287.15     1.5344     -2.3646     66.261     67.756     68.626     576.43    1683.42
  1981.417     5.8334     339.96     287.15     287.18     1.1892      1.7352     69.677     67.468     67.942     576.68    1683.12
  1982.417     5.7716     340.65     287.16     287.00     1.4409      3.2467     70.902     68.601     67.655     578.30    1683.93
  1983.417     5.7714     341.90     287.14     287.09     1.5658     -0.6781     67.672     67.968     68.350     578.71    1685.18
  1984.417     5.9338     343.96     287.26     287.29     1.7537     -0.2883     68.451     68.534     68.739     577.78    1685.28
  1985.417     6.1128     346.39     287.37     287.42     1.8842     -1.6263     67.438     67.722     69.065     576.57    1685.03
  1986.417     6.2875     347.98     287.17     287.16     1.7357      2.4332     70.356     68.711     67.922     577.20    1685.29
  1987.417     6.4582     349.48     287.26     287.26     1.9969     -0.2399     68.736     68.222     68.976     577.38    1685.98
  1988.417     6.6735     351.51     287.33     287.47     2.1183     -0.3939     68.972     68.332     69.366     577.24    1685.76
  1989.417     6.8251     354.00     287.51     287.55     2.3588     -2.0903     67.346     68.534     69.437     576.43    1685.34
  1990.417     6.9068     356.73     287.34     287.36     1.7532      0.6394     69.476     67.959     68.836     575.51    1684.78
  1991.417     6.9846     357.23     287.15     287.02     1.6175      6.1480     74.128     69.629     67.980     578.42    1686.00
  1992.417     6.9044     357.04     287.21     287.02     1.9513      3.1383     72.061     70.621     68.923     581.41    1688.03
  1993.417     6.9018     359.92     287.52     287.65     2.4235     -4.4385     66.233     68.782     70.672     579.30    1688.40
  1994.417     7.0169     363.41     287.43     287.60     2.1385     -0.8116     68.872     68.248     69.684     577.02    1687.27
  1995.417     7.1629     364.00     287.29     287.36     1.9062      5.9093     74.916     69.650     69.007     580.46    1687.47
  1996.417     7.3077     364.30     287.29     287.40     1.1758      3.8491     73.870     69.832     70.021     584.37    1688.46
  1997.417     7.4233     365.66     287.38     287.47     1.4695      1.9570     72.313     70.498     70.356     586.53    1689.32
  1998.417     7.4215     368.11     287.63     287.84     1.9309     -1.5579     70.242     70.537     71.800     586.79    1689.24
  1999.417     7.4132     370.96     287.76     287.96     2.4013     -1.8245     69.643     70.535     71.467     585.79    1688.50
  2000.417     7.5632     375.04     287.96     288.39     2.5806     -4.0315     67.776     69.243     71.808     583.02    1687.12
  2001.417     7.7319     376.95     287.78     287.87     2.2200      3.7414     74.259     69.620     70.518     584.52    1686.11
  2002.417     7.8379     378.07     287.97     288.28     2.1461     -0.4306     71.581     70.778     72.012     587.87    1685.63
  2003.417     8.1593     381.89     288.05     288.39     2.4855     -1.8254     69.861     70.450     71.687     586.10    1684.11
  2004.417     8.5663     383.92     287.92     288.12     2.4718      3.0636     74.099     70.533     71.036     587.26    1684.19
  2005.417     8.8922     385.87     287.98     288.03     2.5070     -1.1930     70.359     70.435     71.552     588.72    1684.30
  2006.417     9.0949     389.07     288.17     288.59     2.5088      0.2668     72.616     71.115     72.349     588.86    1683.18
  2007.417     9.2699     391.59     288.18     288.63     2.6700      1.8719     74.243     71.755     72.371     590.21    1682.49
  2008.417     9.4422     393.98     288.28     288.81     2.6294     -0.5714     72.871     72.384     73.443     591.58    1682.33
  2009.417     9.6145     397.40     288.21     288.54     2.7365     -0.7881     72.052     72.067     72.840     591.34    1681.45
  2010.417     9.7967     400.92     288.32     288.74     2.8115     -1.5986     71.428     71.164     73.027     591.30    1680.63
  2011.417    10.0637     404.88     288.24     288.82     2.8013     -0.1881     71.891     71.120     72.079     590.59    1679.33
  2012.417    10.3505     406.54     288.18     288.65     2.4862      4.7596     77.589     72.540     72.830     594.23    1679.21
  2013.417    10.6374     409.21     288.46     289.01     2.6477     -1.0997     73.440     73.099     74.540     596.13    1678.77
  2014.417    10.9242     413.64     288.61     289.30     3.1553     -2.4172     71.957     72.446     74.374     595.16    1677.25
  2015.417    11.2110     417.58     288.51     289.19     2.9262      0.6965     74.714     72.753     74.018     595.37    1675.85
  2016.417    11.4979     419.44     288.57     289.19     2.8821      4.6766     78.912     74.029     74.235     599.42    1675.76
  2017.417    11.7847     423.17     288.62     289.25     3.2741     -3.2871     71.701     73.291     74.988     599.86    1675.51
  2018.417    12.0715     427.36     288.49     289.09     3.0919      1.6251     76.108     73.477     74.483     599.73    1674.55
  2019.417    12.3583     430.14     288.54     289.21     2.9397      2.1265     77.235     74.942     75.109     602.76    1674.23
  2020.417    12.6422     434.29     288.68     289.34     3.1746     -1.1756     74.181     74.093     75.357     602.83    1673.92
  2021.417    12.9008     438.92     288.84     289.61     3.5211     -1.7639     73.862     73.387     75.625     602.93    1672.49
  2022.417    13.1536     444.12     288.83     289.52     3.6599     -1.1460     74.451     73.347     75.597     602.55    1670.53
  2023.417    13.4063     447.25     288.68     289.28     3.1117      4.7596     79.763     75.552     75.003     605.98    1669.53
  2024.417    13.6591     449.45     288.82     289.44     3.3997      4.3166     80.323     75.532     76.007     610.09    1670.23
  2025.417    13.9118     452.51     288.81     289.42     3.0893      3.3497     79.673     76.076     76.324     613.11    1670.49
  2026.417    14.1646     455.93     288.89     289.54     2.9884      2.8616     79.395     76.696     76.533     615.99    1670.62
  2027.417    14.4173     459.65     288.90     289.57     3.2631      1.2774     79.004     77.116     77.727     618.43    1670.85
  2028.417    14.6700     464.28     288.80     289.36     3.3556      0.9753     78.462     76.463     77.487     619.90    1670.38
  2029.417    14.9228     467.82     288.95     289.57     3.5365      4.2252     81.404     77.114     77.179     622.73    1670.12
  2030.417    15.1817     472.03     289.17     289.96     3.7090     -0.6108     77.519     76.984     78.129     624.26    1670.15
  2031.417    15.4931     478.61     289.33     290.21     3.9172     -5.0865     73.126     75.629     78.213     622.58    1668.40
  2032.417    15.8168     484.49     289.28     290.18     3.9083      0.8638     78.225     75.680     77.361     622.53    1666.47
  2033.417    16.1405     488.72     289.16     289.86     3.6279      4.3787     81.489     76.925     77.111     625.09    1666.00
  2034.417    16.4642     490.76     289.10     289.69     3.5868      7.1575     84.934     78.887     77.776     631.36    1667.12
  2035.417    16.7879     495.82     289.40     290.30     3.7595     -3.2400     76.741     79.004     79.981     632.54    1667.49
  2036.417    17.1116     503.59     289.54     290.56     4.2888     -2.8271     76.455     76.418     79.282     630.06    1665.53
  2037.417    17.4353     507.49     289.29     290.02     3.9461      8.1025     86.255     79.322     78.153     633.74    1665.13
  2038.417    17.7590     510.35     289.36     290.24     3.6172      3.8904     83.537     79.940     79.646     639.27    1666.59
  2039.417    18.0827     516.28     289.58     290.44     4.0893     -1.2237     78.861     79.365     80.085     639.58    1666.99
  2040.417    18.4109     522.64     289.57     290.39     3.9782      1.8966     81.826     79.152     79.929     639.73    1666.21
  2041.417    18.7773     527.66     289.63     290.38     3.9409      1.8737     82.761     79.789     80.887     643.30    1665.59
  2042.417    19.1526     534.64     289.90     291.10     4.3888     -3.4034     78.820     79.293     82.223     643.73    1663.91
  2043.417    19.5280     542.29     289.89     291.06     4.7387     -0.6031     80.278     79.410     80.881     642.84    1661.69
  2044.417    19.9034     546.40     289.57     290.36     4.0443      7.0971     86.745     80.214     79.647     647.63    1662.10
  2045.417    20.2787     551.33     289.80     290.95     3.9906      3.4193     85.494     81.857     82.075     651.95    1662.38
  2046.417    20.6541     557.48     289.86     291.06     4.0798      1.1914     83.394     81.443     82.202     653.97    1662.06
  2047.417    21.0294     564.23     289.91     291.11     4.1851      1.5082     83.667     81.269     82.159     656.03    1661.71
  2048.417    21.4048     571.52     290.00     291.21     4.3283     -0.4869     82.411     80.855     82.898     657.20    1660.89
  2049.417    21.7801     578.85     290.29     291.62     4.6126      0.2191     83.421     82.542     83.202     658.46    1659.38
  2050.417    22.1552     585.72     290.21     291.45     4.6713      2.4963     84.909     81.462     82.413     660.23    1658.71
  2051.417    22.5282     591.50     290.12     291.26     4.3694      4.2999     87.630     83.035     83.330     664.18    1658.68
  2052.417    22.9006     598.30     290.26     291.49     4.3940      1.1186     84.978     82.955     83.859     666.85    1658.69
  2053.417    23.2730     607.25     290.60     292.14     4.8825     -2.8899     82.008     81.719     84.898     667.05    1656.57
  2054.417    23.6454     615.33     290.45     291.72     4.5847      2.4643     85.826     82.508     83.362     668.55    1654.82
  2055.417    24.0179     620.27     290.30     291.45     4.3064      9.8794     93.868     85.128     83.988     675.50    1655.23
  2056.417    24.3903     626.04     290.56     291.90     4.3951      1.1502     87.539     86.421     86.389     680.35    1656.61
  2057.417    24.7627     635.52     290.45     291.78     4.5573      0.5374     86.019     83.819     85.481     680.20    1655.19
  2058.417    25.1351     641.97     290.48     291.74     4.4948      5.4215     90.817     86.002     85.395     685.19    1655.36
  2059.417    25.5076     650.61     290.75     292.23     4.7768     -2.0421     84.158     84.448     86.200     686.12    1654.95
  2060.417    25.8702     659.86     290.75     292.28     4.8169      1.5257     87.709     84.392     86.183     687.16    1653.50
  2061.417    26.1495     667.52     290.70     292.08     4.8194      3.6903     89.786     86.367     86.095     690.90    1652.88
  2062.417    26.4094     674.58     290.73     292.22     4.6636      5.8677     92.697     86.529     86.829     695.78    1653.34
  2063.417    26.6692     682.97     291.02     292.35     4.7556     -0.7882     86.752     86.236     87.540     698.32    1652.79
  2064.417    26.9290     693.20     290.99     292.42     5.0129     -0.2500     86.990     85.719     87.240     698.18    1651.22
  2065.417    27.1889     700.58     290.93     292.33     4.7911      5.0861     92.265     86.654     87.179     702.75    1651.13
  2066.417    27.4487     709.26     291.07     292.44     4.8226      2.5119     89.653     86.963     87.141     705.67    1650.53
  2067.417    27.7086     717.07     291.02     292.39     5.0268      4.7161     92.417     88.570     87.701     709.17    1651.35
  2068.417    27.9684     725.67     291.23     292.75     4.8374      1.5465     90.519     88.108     88.973     711.98    1651.31
  2069.417    28.2283     735.54     291.41     293.04     5.0905     -0.9959     88.671     86.932     89.666     713.50    1649.97
  2070.417    28.4793     744.68     291.34     293.06     4.8946      3.1134     92.392     88.456     89.278     716.96    1648.45
  2071.417    28.6554     753.99     291.37     292.98     4.8618      3.7475     92.799     88.395     89.052     719.63    1647.73
  2072.417    28.8139     762.29     291.53     293.18     5.0054      1.9351     91.563     88.371     89.628     724.22    1647.37
  2073.417    28.9725     772.45     291.53     293.10     5.0593      0.7130     89.983     89.063     89.270     725.38    1646.60
  2074.417    29.1310     781.25     291.55     293.27     5.0240      3.2320     93.448     89.453     90.216     728.88    1646.34
  2075.417    29.2896     791.63     291.85     293.69     5.0039     -1.0780     90.098     88.806     91.176     730.35    1644.50
  2076.417    29.4481     801.33     291.77     293.55     4.9315      4.2757     94.657     89.438     90.382     733.80    1642.87
  2077.417    29.6067     809.27     291.63     293.29     4.8330      5.5314     95.862     91.013     90.330     738.98    1643.31
  2078.417    29.7652     818.11     291.63     293.23     4.9244      4.1029     95.066     91.097     90.963     742.43    1644.02
  2079.417    29.9238     827.93     291.93     293.71     5.0323     -1.0816     90.914     90.827     91.995     744.66    1643.87
  2080.417    30.0775     839.06     292.03     293.90     5.3619      1.1728     93.431     90.564     92.259     745.05    1641.88
  2081.417    30.1894     847.50     291.88     293.56     4.8671      6.9051     98.651     92.654     91.746     750.23    1641.91
  2082.417    30.2916     855.71     291.86     293.58     4.6681      4.4136     97.154     92.571     92.740     755.43    1642.83
  2083.417    30.3938     865.83     292.09     293.97     4.9471      1.2824     93.966     92.188     92.684     757.29    1642.92
  2084.417    30.4959     876.39     292.20     294.18     4.9512      0.1425     93.771     92.477     93.628     758.75    1642.52
  2085.417    30.5981     887.26     292.31     294.51     5.0840      0.8522     94.444     91.459     93.592     760.68    1640.71
  2086.417    30.7003     897.34     292.26     294.21     5.1370      1.2773     95.024     92.429     93.747     762.93    1640.16
  2087.417    30.8025     907.82     292.24     294.22     4.8009      1.0175     94.938     92.533     93.921     765.38    1639.17
  2088.417    30.9047     918.46     292.31     294.32     4.8505      2.1833     95.590     93.007     93.407     766.84    1638.59
  2089.417    31.0069     929.09     292.46     294.46     5.0624      0.5717     94.684     92.934     94.112     768.98    1637.75
  2090.417    31.1041     939.54     292.59     294.68     4.8594      1.7569     96.416     92.951     94.659     770.98    1637.19
  2091.417    31.1584     950.11     292.76     294.97     5.0471      1.2378     96.133     93.302     94.895     773.88    1635.53
  2092.417    31.2026     960.43     292.52     294.45     4.8197      3.1478     96.932     94.677     93.785     775.68    1635.48
  2093.417    31.2469     970.51     292.64     294.87     4.8076     -0.1077     95.151     93.589     95.259     778.23    1635.75
  2094.417    31.2912     982.57     292.85     294.94     4.9654     -0.1657     95.268     94.379     95.434     778.32    1634.33
  2095.417    31.3355     993.65     292.85     295.03     4.9065      0.5954     96.092     93.125     95.497     780.03    1632.93
  2096.417    31.3798    1003.93     292.81     294.98     4.8323      3.1394     98.552     95.216     95.413     783.05    1631.91
  2097.417    31.4241    1013.38     292.88     294.95     4.5977      3.8627    100.125     95.394     96.262     787.04    1631.91
  2098.417    31.4684    1025.14     293.14     295.45     4.8688     -3.4301     93.208     94.562     96.638     787.75    1630.91
  2099.417    31.5127    1036.80     293.20     295.48     4.9690      1.1615     97.729     94.908     96.567     789.04    1628.45
  2100.417    31.5570    1047.50     293.14     295.38     4.9631      2.7969     99.195     95.153     96.398     791.65    1627.89
