     time     emission      CO2       tas    tas_land     fgco2      fnep      fnpp      fvegsoil       frh     cveg        csoil
  1851.417     0.5252     283.65     287.48     285.95    -0.3021     -0.6757     52.109     52.063     52.785     349.57     933.10
  1852.417     0.5553     284.58     287.62     286.25    -0.1009     -1.5413     50.005     50.559     51.547     349.32     932.33
  1853.417     0.5595     286.42     287.67     286.34     0.2403     -2.7913     49.503     50.624     52.294     347.95     930.48
  1854.417     0.5641     287.67     287.70     286.30     0.3085     -1.5521     52.473     52.505     54.025     347.53     928.64
  1855.417     0.5687     287.22     287.68     286.03     0.2877     -0.0205     51.589     51.235     51.609     348.83     928.74
  1856.417     0.5771     288.15     287.76     286.38     0.3906     -0.5525     51.298     51.543     51.851     347.99     928.23
  1857.417     0.5833     288.39     287.55     285.82     0.4990     -0.2351     51.859     51.976     52.094     348.08     928.00
  1858.417     0.5911     288.60     287.57     286.12     0.3665      0.5543     51.715     51.471     51.160     347.67     928.46
  1859.417     0.6023     287.85     287.51     286.10     0.0772      0.9560     54.254     53.484     53.298     349.44     928.78
  1860.417     0.6153     288.45     287.54     285.85     0.1720      0.5459     51.410     50.875     50.864     349.18     928.62
  1861.417     0.5985     288.46     287.61     286.15     0.3319     -0.4565     51.367     51.504     51.823     349.82     928.51
  1862.417     0.5732     289.80     287.68     286.47     0.5451     -0.6752     50.563     50.670     51.238     348.72     927.53
  1863.417     0.5809     289.28     287.49     286.03     0.4556      0.3365     53.128     52.676     52.792     349.96     927.69
  1864.417     0.5889     288.96     287.67     286.37     0.3729      1.0626     53.048     52.401     51.985     350.36     928.09
  1865.417     0.5945     288.53     287.55     286.16     0.2877      1.5050     54.695     53.633     53.190     351.30     928.41
  1866.417     0.5992     287.96     287.57     286.37     0.2352      1.2924     52.955     52.230     51.663     352.47     929.22
  1867.417     0.6045     288.57     287.50     286.00     0.1587      0.2985     52.961     52.941     52.663     351.82     929.25
  1868.417     0.6090     288.21     287.63     286.42     0.2182      0.4874     53.785     53.596     53.297     352.65     929.79
  1869.417     0.6138     288.84     287.61     286.36     0.2142     -0.3088     50.942     51.273     51.251     351.95     929.72
  1870.417     0.6282     289.73     287.60     286.30     0.2737     -0.8606     51.394     51.813     52.255     351.30     929.20
  1871.417     0.6869     289.74     287.65     286.30     0.2161     -0.1084     53.404     53.267     53.512     352.12     929.08
  1872.417     0.7490     290.62     287.69     286.32     0.3822     -0.2360     51.718     51.679     51.954     351.56     928.62
  1873.417     0.7587     290.58     287.64     286.24     0.4480     -0.4215     51.996     52.115     52.418     352.07     928.54
  1874.417     0.7662     291.53     287.59     286.04     0.4101      0.0626     52.739     52.439     52.677     351.30     927.96
  1875.417     0.7818     290.82     287.52     286.00     0.1273      0.6259     53.931     53.326     53.305     353.15     928.35
  1876.417     0.7911     291.56     287.62     286.37     0.3639      0.4928     52.160     51.836     51.668     352.69     928.23
  1877.417     0.7998     291.40     287.52     286.07     0.3470      0.5935     53.490     53.090     52.896     353.16     928.57
  1878.417     0.8133     291.07     287.59     286.20     0.2110      0.7949     53.241     52.930     52.446     354.00     929.15
  1879.417     0.8389     291.85     287.57     286.16     0.5242     -0.1026     51.758     52.103     51.861     352.98     929.22
  1880.417     0.8720     291.88     287.53     286.16     0.3612      0.3042     53.774     53.733     53.469     353.31     929.50
  1881.417     0.8766     291.68     287.51     286.01     0.3734      0.4601     52.457     52.421     51.996     353.56     930.20
  1882.417     0.8687     292.89     287.68     286.23     0.5818     -0.5906     51.643     51.952     52.234     352.54     929.52
  1883.417     0.8825     292.10     287.38     285.87     0.3052      1.7154     56.792     55.550     55.077     354.38     929.87
  1884.417     0.8884     289.91     287.04     285.25     0.4613      4.3066     56.684     54.826     52.378     356.34     932.67
  1885.417     0.8938     288.79     287.11     285.42     0.0627      3.1963     53.503     52.710     50.307     356.75     935.15
  1886.417     0.9030     287.98     287.13     285.74    -0.2124      2.2888     56.519     55.676     54.230     357.97     936.53
  1887.417     0.9240     288.57     287.46     286.27    -0.0695      0.4719     51.524     51.431     51.052     357.90     937.05
  1888.417     0.9399     290.09     287.46     286.14     0.0686     -1.5443     51.163     52.051     52.707     356.59     936.14
  1889.417     0.9516     290.63     287.49     285.99     0.0588     -1.1579     52.946     53.585     54.104     356.70     935.77
  1890.417     0.9732     291.46     287.43     285.96     0.3274      0.1487     54.272     54.114     54.123     356.15     935.30
  1891.417     0.9879     290.70     287.23     285.61     0.2635      1.0650     53.024     52.604     51.959     357.20     936.54
  1892.417     0.9947     291.16     287.34     285.96     0.1274      0.7389     53.720     53.612     52.981     356.87     936.85
  1893.417     1.0064     290.99     287.34     285.83     0.1104      1.0939     55.358     54.538     54.264     357.69     937.20
  1894.417     1.0344     290.53     287.29     285.61     0.1035      1.1338     54.528     53.849     53.394     358.98     937.79
  1895.417     1.0559     291.96     287.53     286.18     0.2124     -0.6653     50.716     51.077     51.382     357.74     937.36
  1896.417     1.0750     292.43     287.37     286.00     0.2576     -0.6520     53.995     54.130     54.647     358.17     936.80
  1897.417     1.1003     293.17     287.55     286.10     0.3626     -0.4057     51.799     51.955     52.205     357.97     936.73
  1898.417     1.1343     294.50     287.63     286.49     0.5022     -1.2304     52.340     52.859     53.571     357.15     935.78
  1899.417     1.1705     294.34     287.33     285.78     0.5138      0.8464     56.424     55.607     55.578     358.10     935.67
  1900.417     1.2166     293.63     287.58     286.19     0.4130      1.4998     52.816     52.084     51.317     359.29     936.99
  1901.417     1.2598     294.78     287.73     286.63     0.6661      0.0739     52.593     52.666     52.519     358.53     936.62
  1902.417     1.3015     294.62     287.49     286.10     0.4321      0.8691     55.654     54.881     54.785     359.52     936.85
  1903.417     1.3551     293.88     287.16     285.37     0.5266      2.2184     54.941     54.086     52.723     360.65     938.20
  1904.417     1.3982     293.65     287.42     285.98     0.4518      1.2550     53.210     53.451     51.955     360.46     940.06
  1905.417     1.4633     295.17     287.45     285.98     0.4521     -0.5030     51.909     52.430     52.412     358.93     939.69
  1906.417     1.5401     294.74     287.48     285.92     0.2686      0.2340     55.300     55.003     55.066     360.64     939.90
  1907.417     1.5738     295.79     287.60     286.28     0.5116      0.3866     52.500     52.330     52.114     360.00     939.82
  1908.417     1.5782     296.51     287.50     285.95     0.4736     -0.5783     52.922     53.285     53.500     359.68     939.82
  1909.417     1.6180     296.70     287.56     286.16     0.4052      0.8552     55.277     54.625     54.422     360.38     939.74
  1910.417     1.6271     296.35     287.68     286.31     0.2970      1.3414     54.915     54.044     53.573     361.58     940.64
  1911.417     1.6184     297.53     287.83     286.56     0.3729     -0.0460     53.224     53.091     53.270     361.07     940.16
  1912.417     1.6427     297.66     287.67     286.14     0.4012     -0.0482     54.392     54.241     54.440     362.10     940.06
  1913.417     1.6178     298.65     287.68     286.18     0.5184      0.3285     52.981     52.892     52.653     361.38     940.13
  1914.417     1.5533     298.62     287.64     286.04     0.4204      0.5009     53.923     53.836     53.422     361.94     940.76
  1915.417     1.5716     299.37     287.87     286.31     0.5391     -0.3792     52.562     52.980     52.941     361.45     940.90
  1916.417     1.6332     300.86     287.90     286.44     0.6500     -1.0381     52.870     53.177     53.908     360.56     939.82
  1917.417     1.6569     300.63     287.86     286.26     0.4283      0.5667     56.218     55.460     55.651     362.11     939.80
  1918.417     1.5915     301.08     287.94     286.60     0.5195      0.9325     53.575     52.931     52.642     362.42     940.08
  1919.417     1.5819     301.79     287.87     286.43     0.5432     -0.1695     53.867     53.946     54.036     362.43     940.05
  1920.417     1.6090     302.95     287.98     286.63     0.6236     -1.1770     51.697     52.435     52.874     361.90     939.67
  1921.417     1.5733     304.27     287.85     286.38     0.7100     -0.6298     54.425     54.503     55.055     360.94     938.78
  1922.417     1.6504     303.73     287.79     286.23     0.7041      1.0767     55.390     54.411     54.313     362.92     939.16
  1923.417     1.7196     303.85     287.85     286.33     0.4673      2.3097     56.442     54.943     54.132     363.59     939.66
  1924.417     1.7238     302.39     287.83     286.15     0.2755      2.7304     57.162     55.791     54.432     366.04     941.56
  1925.417     1.7362     303.23     288.09     286.65     0.5829      1.1025     53.948     53.536     52.845     365.49     941.97
  1926.417     1.7946     303.89     287.96     286.28     0.5242     -0.3229     53.095     53.280     53.418     365.78     941.86
  1927.417     1.8594     304.91     288.13     286.68     0.6979     -0.0157     54.687     54.790     54.703     365.55     941.86
  1928.417     1.9100     305.51     288.03     286.50     0.7325      0.0863     53.910     53.890     53.824     365.73     942.04
  1929.417     1.9575     306.94     287.95     286.45     0.8010      0.1132     53.646     53.433     53.533     364.99     941.69
  1930.417     1.8984     306.19     287.81     286.29     0.4566      1.2852     57.140     56.453     55.854     367.18     942.65
  1931.417     1.7572     307.18     288.00     286.69     0.6829      0.7942     53.497     53.331     52.703     366.43     943.12
  1932.417     1.6765     307.85     288.00     286.54     0.8222     -0.6093     53.811     54.078     54.420     366.49     942.81
  1933.417     1.7306     308.14     287.83     286.29     0.5987      1.8344     58.819     57.324     56.985     367.22     942.63
  1934.417     1.7913     306.26     287.74     286.20     0.1750      3.6623     57.756     55.643     54.094     370.32     945.05
  1935.417     1.8694     306.44     287.82     286.25     0.3053      2.0926     56.499     55.691     54.407     370.83     945.87
  1936.417     1.9551     307.19     287.99     286.44     0.6404     -0.4976     52.372     52.968     52.870     370.56     946.37
  1937.417     1.9567     309.50     288.03     286.75     0.9652     -1.1756     53.722     54.282     54.898     368.86     945.04
  1938.417     1.9432     308.83     287.87     286.47     0.5479      1.1493     58.018     56.962     56.868     371.03     945.60
  1939.417     2.0120     309.58     288.08     286.62     0.7958      0.2213     52.396     52.352     52.175     371.10     946.01
  1940.417     2.0718     312.03     288.18     286.92     1.1106     -2.0069     52.475     53.256     54.482     369.32     944.29
  1941.417     2.0940     312.01     288.02     286.58     0.9343      0.4152     57.579     56.549     57.164     371.09     943.57
  1942.417     2.1284     310.98     288.10     286.56     0.7331      3.1745     59.431     57.574     56.257     373.07     945.16
  1943.417     2.1506     311.65     288.28     287.06     0.6459      0.7955     51.767     51.773     50.972     372.76     946.31
  1944.417     2.0475     313.01     288.22     286.68     0.7301     -0.6730     56.025     56.319     56.698     372.31     945.39
  1945.417     1.9956     312.84     288.23     286.72     0.6676      1.0974     56.566     55.736     55.469     373.75     945.89
  1946.417     2.1605     313.51     288.25     286.77     0.9291      1.5122     55.746     55.027     54.234     373.55     946.46
  1947.417     2.2968     313.24     288.21     286.77     0.8032      0.7252     55.293     55.202     54.568     374.75     947.59
  1948.417     2.3217     314.82     288.11     286.60     0.9771      0.4861     55.961     55.807     55.475     373.77     947.31
  1949.417     2.3991     314.91     288.24     286.95     0.8237      0.4814     54.874     54.661     54.392     374.86     948.15
  1950.417     2.6715     316.50     288.21     286.93     1.0061     -0.0375     55.006     55.112     55.044     374.00     947.78
  1951.417     2.8754     316.59     288.08     286.50     0.8383      0.9285     57.446     56.897     56.517     375.28     948.35
  1952.417     2.9203     317.08     288.26     286.87     1.0184      1.1220     55.481     55.035     54.359     375.50     949.12
  1953.417     2.9745     318.28     288.27     286.93     1.0483      0.5009     55.281     55.090     54.780     375.40     949.14
  1954.417     3.1123     318.45     288.02     286.43     0.8304      2.1488     59.429     58.266     57.280     376.57     950.16
  1955.417     3.3161     318.32     288.10     286.59     0.7874      2.0166     55.963     55.232     53.947     378.02     951.97
  1956.417     3.4728     320.27     288.21     286.93     1.1550      0.7143     55.857     55.587     55.142     377.21     951.79
  1957.417     3.5866     319.94     288.07     286.72     0.7692      2.1283     59.893     58.407     57.765     379.62     952.72
  1958.417     3.6524     321.09     288.13     286.66     0.9224      1.4293     55.005     54.351     53.576     380.06     953.55
  1959.417     3.7084     322.95     288.14     286.68     1.1108     -0.0711     55.577     55.796     55.648     379.28     953.52
  1960.417     3.7961     323.28     288.18     286.77     1.0501      0.9572     58.074     57.573     57.116     380.68     954.12
  1961.417     3.8779     325.40     288.31     287.11     1.3648     -0.6241     52.750     53.150     53.374     379.64     954.05
  1962.417     4.0022     327.04     288.16     286.58     1.4223     -0.1566     58.820     58.637     58.977     379.73     953.07
  1963.417     4.1635     326.76     288.08     286.47     1.3333      3.0270     58.671     56.905     55.644     381.69     954.72
  1964.417     4.3226     326.20     287.90     286.52     1.3575      4.1299     61.542     59.525     57.412     383.78     956.80
  1965.417     4.4902     326.29     287.92     286.45     1.1950      2.5377     57.318     56.542     54.780     385.05     959.03
  1966.417     4.6432     328.96     288.01     286.69     1.5605      0.8468     55.937     55.860     55.090     383.78     959.03
  1967.417     4.7551     328.44     287.79     286.28     1.0603      3.0897     62.297     60.522     59.207     386.82     960.76
  1968.417     4.9153     329.25     288.01     286.64     1.2966      2.5823     56.649     55.558     54.067     387.69     962.46
  1969.417     5.1392     331.33     287.82     286.17     1.3836      0.3272     56.950     57.236     56.623     387.07     962.70
  1970.417     5.2798     333.44     288.16     286.85     1.7423     -0.4249     54.652     55.177     55.077     386.69     963.18
  1971.417     5.3611     335.75     288.17     287.18     1.7583      0.6680     58.584     57.806     57.916     386.91     962.44
  1972.417     5.5406     335.35     287.96     286.65     1.4299      3.3166     62.273     60.024     58.956     390.29     963.93
  1973.417     5.6678     337.02     288.18     286.90     1.5696      2.1283     56.830     55.817     54.702     390.46     965.14
  1974.417     5.6593     338.93     288.23     286.97     1.6740      0.2584     57.352     57.439     57.094     390.90     965.31
  1975.417     5.7887     341.06     288.12     286.78     1.8880      0.6448     57.192     56.981     56.548     390.53     965.71
  1976.417     6.0344     342.06     288.11     286.84     1.7813      2.2168     60.865     59.560     58.648     392.07     966.50
  1977.417     6.1485     342.49     288.10     286.83     1.6073      3.0361     60.285     58.821     57.248     394.06     968.47
  1978.417     6.3046     344.44     288.16     287.05     1.7187      2.3835     59.568     58.380     57.185     394.10     969.28
  1979.417     6.4008     345.15     288.18     286.89     1.6725      2.0025     59.754     58.665     57.752     396.52     970.60
  1980.417     6.2837     347.87     288.31     287.17     1.9013      1.3875     58.657     58.080     57.270     396.08     971.01
  1981.417     6.2529     349.44     288.32     287.14     1.8673      0.9342     57.956     57.587     57.021     397.03     971.93
  1982.417     6.3179     351.02     288.31     287.00     2.1777      2.2365     62.345     61.086     60.108     397.85     972.38
  1983.417     6.4255     351.10     288.09     286.84     2.0723      3.1099     60.448     58.989     57.338     400.00     974.52
  1984.417     6.6192     352.86     288.13     286.96     1.9358      2.6227     60.308     59.272     57.686     400.07     975.84
  1985.417     6.7922     353.46     288.09     286.83     1.7861      3.0514     62.012     60.599     58.960     402.27     977.65
  1986.417     6.9570     355.19     288.27     287.15     1.8417      2.3500     59.136     58.375     56.786     402.71     979.32
  1987.417     7.1449     357.24     288.39     287.26     1.9579      1.2082     60.703     60.284     59.495     403.19     979.99
  1988.417     7.3319     358.90     288.48     287.41     2.0542      2.3358     63.680     62.175     61.345     404.62     980.59
  1989.417     7.4267     359.84     288.28     287.00     1.8152      3.9829     64.175     61.823     60.192     407.00     982.38
  1990.417     7.5238     361.38     288.45     287.39     1.9393      2.4987     60.089     59.028     57.590     408.37     984.21
  1991.417     7.5181     364.41     288.36     287.26     2.0346      1.6608     62.612     61.832     60.951     408.09     984.34
  1992.417     7.4127     363.83     288.00     286.52     2.1173      4.7797     66.881     64.409     62.102     411.71     987.04
  1993.417     7.4629     364.28     288.14     286.82     1.9723      5.0008     62.801     60.614     57.800     413.61     990.11
  1994.417     7.5750     366.12     288.49     287.29     1.9564      1.9098     61.899     61.088     59.989     414.75     991.23
  1995.417     7.6896     369.39     288.52     287.57     2.1302      1.2995     62.474     61.406     61.175     414.78     990.83
  1996.417     7.7863     370.58     288.50     287.26     2.2059      1.5902     62.149     61.274     60.559     416.97     992.21
  1997.417     7.8119     373.80     288.56     287.56     2.3129      1.0801     61.695     61.356     60.614     416.13     992.50
  1998.417     7.7700     375.32     288.62     287.46     2.2789      2.0482     63.916     62.567     61.868     418.07     993.27
  1999.417     7.8025     376.79     288.70     287.58     2.2403      2.9519     64.529     62.787     61.578     419.73     994.57
  2000.417     7.9398     378.86     288.74     287.66     2.4448      1.9253     61.355     60.570     59.430     420.70     995.86
  2001.417     8.0877     381.48     288.67     287.55     2.4939      2.5426     65.146     63.667     62.604     421.14     996.39
  2002.417     8.3215     381.36     288.62     287.48     2.1074      4.2976     67.198     64.667     62.900     425.30     998.86
  2003.417     8.6850     383.94     288.81     287.81     2.4240      2.9932     63.481     62.018     60.488     425.82    1000.02
  2004.417     9.0186     385.79     288.72     287.67     2.4409      3.1534     66.912     65.273     63.759     427.47    1001.31
  2005.417     9.2282     386.81     288.76     287.80     2.3592      4.5082     66.377     64.213     61.869     429.80    1004.08
  2006.417     9.3883     388.94     288.68     287.46     2.3684      3.2325     65.356     63.981     62.123     431.19    1005.90
  2007.417     9.5488     391.62     288.83     287.59     2.6326      1.7986     64.568     64.032     62.769     432.10    1007.11
  2008.417     9.7093     395.21     288.94     287.82     2.8211      2.1446     65.095     64.007     62.950     432.01    1007.80
  2009.417     9.8698     396.32     288.81     287.65     2.5357      3.8232     68.019     65.817     64.195     435.53    1009.94
  2010.417    10.0699     398.99     288.94     287.74     2.7125      3.5145     65.753     64.052     62.239     436.59    1011.50
  2011.417    10.3170     402.01     289.07     288.11     2.6939      1.8789     65.412     64.318     63.533     437.53    1012.47
  2012.417    10.5642     405.21     289.20     288.15     3.0719      1.0797     65.067     64.168     63.988     439.06    1012.61
  2013.417    10.8114     409.32     289.24     288.24     3.1964      1.7728     65.621     64.162     63.848     439.74    1012.46
  2014.417    11.0585     411.10     289.11     288.19     2.8694      4.0262     70.038     67.497     66.012     442.79    1014.31
  2015.417    11.3057     412.95     289.02     287.96     2.6645      5.5768     70.288     67.290     64.711     445.50    1016.79
  2016.417    11.5529     414.68     289.16     288.01     2.7959      4.9184     68.358     66.060     63.440     448.41    1019.61
  2017.417    11.8000     418.09     289.34     288.35     3.0785      3.4585     67.296     65.900     63.837     449.14    1021.52
  2018.417    12.0472     420.94     289.29     288.33     3.1061      2.9223     68.145     67.114     65.223     450.96    1023.58
  2019.417    12.2944     425.98     289.34     288.43     3.4102      1.3910     64.233     63.943     62.842     449.92    1024.64
  2020.417    12.5249     429.03     289.21     288.06     3.2106      3.0176     73.065     70.971     70.048     452.68    1025.24
  2021.417    12.7357     431.00     289.30     288.10     3.0692      5.5973     71.354     67.827     65.757     456.80    1027.67
  2022.417    12.9464     435.44     289.47     288.68     3.3494      2.9816     65.449     64.032     62.468     457.68    1029.16
  2023.417    13.1572     439.69     289.34     288.33     3.4405      2.3152     69.700     68.572     67.385     458.62    1030.19
  2024.417    13.3679     443.07     289.48     288.47     3.4615      2.8701     68.778     67.314     65.908     460.68    1031.95
  2025.417    13.5787     447.55     289.53     288.68     3.6215      3.4139     70.787     68.682     67.373     461.83    1032.64
  2026.417    13.7894     449.57     289.46     288.52     3.4485      5.0336     73.004     70.085     67.971     466.17    1035.26
  2027.417    14.0002     454.36     289.50     288.54     3.6702      3.6204     67.450     66.057     63.830     466.25    1037.38
  2028.417    14.2109     458.33     289.51     288.55     3.7488      3.1138     71.297     69.877     68.183     467.81    1038.88
  2029.417    14.4217     461.34     289.46     288.57     3.5756      4.5976     71.335     68.841     66.737     470.97    1041.28
  2030.417    14.6674     465.42     289.57     288.66     3.8004      4.2368     71.425     69.323     67.188     472.59    1043.37
  2031.417    14.9548     469.16     289.68     288.84     3.7503      4.0792     72.812     70.620     68.732     475.28    1045.12
  2032.417    15.2422     473.60     289.71     288.68     3.7889      4.3382     71.806     69.448     67.468     477.00    1047.13
  2033.417    15.5296     477.92     289.75     288.80     3.8992      3.4639     71.670     70.063     68.206     479.12    1049.12
  2034.417    15.8170     482.66     289.76     288.96     3.9649      3.9319     74.087     72.044     70.155     480.64    1050.70
  2035.417    16.1044     486.52     289.68     288.76     3.9358      5.2147     73.738     70.861     68.524     483.61    1053.25
  2036.417    16.3918     490.13     289.75     288.74     3.8619      4.7478     74.545     72.300     69.797     486.81    1056.01
  2037.417    16.6792     496.27     289.95     289.11     4.1737      3.2775     70.800     69.207     67.523     487.20    1057.21
  2038.417    16.9666     500.54     289.91     289.19     4.0484      4.8171     77.384     74.440     72.567     490.26    1059.11
  2039.417    17.2540     504.11     290.00     289.22     3.9900      5.5242     75.356     72.244     69.832     494.14    1062.10
  2040.417    17.5629     509.59     290.10     289.47     4.1901      3.9333     74.519     72.290     70.586     496.19    1063.28
  2041.417    17.8974     515.04     290.09     289.43     4.3610      4.0434     75.450     73.014     71.406     498.26    1064.97
  2042.417    18.2319     520.16     290.08     289.39     4.3691      4.7740     76.200     73.676     71.426     500.77    1067.17
  2043.417    18.5664     525.31     290.15     289.45     4.3730      4.4080     75.168     73.200     70.760     503.32    1069.91
  2044.417    18.9008     531.77     290.26     289.72     4.6340      4.2458     75.165     73.037     70.919     504.34    1071.50
  2045.417    19.2353     535.32     290.16     289.34     4.2363      6.9493     82.324     78.465     75.375     509.40    1075.02
  2046.417    19.5698     540.96     290.26     289.51     4.3829      6.7115     76.240     72.844     69.528     511.81    1078.30
  2047.417    19.9043     546.07     290.30     289.67     4.4874      5.6612     79.873     76.990     74.212     515.49    1080.96
  2048.417    20.2388     551.40     290.48     289.89     4.6181      6.3846     80.359     76.764     73.974     518.65    1083.92
  2049.417    20.5733     557.20     290.57     290.06     4.7115      7.0306     80.808     76.660     73.777     522.39    1086.31
  2050.417    20.9063     560.78     290.31     289.39     4.3827      8.4380     85.286     80.868     76.848     528.22    1090.91
  2051.417    21.2375     567.74     290.54     290.02     4.6914      5.0567     74.206     72.191     69.150     529.11    1094.12
  2052.417    21.5688     575.64     290.47     289.92     4.9158      2.5384     79.159     77.720     76.620     530.31    1094.64
  2053.417    21.9000     581.71     290.49     289.63     4.8038      5.1419     80.634     77.549     75.492     534.40    1096.84
  2054.417    22.2313     588.97     290.65     290.19     4.9900      6.1458     79.928     76.693     73.783     536.61    1099.77
  2055.417    22.5625     594.50     290.49     289.83     4.8762      7.0283     85.041     81.423     78.013     541.23    1103.13
  2056.417    22.8938     601.97     290.56     290.12     5.0808      7.0496     79.747     76.044     72.698     543.22    1106.53
  2057.417    23.2250     607.06     290.48     289.95     4.8201      6.8613     85.293     81.642     78.431     549.11    1109.97
  2058.417    23.5563     614.85     290.57     290.10     4.9628      6.1534     81.276     78.450     75.123     550.92    1113.09
  2059.417    23.8875     622.85     290.57     290.07     5.1498      4.1901     80.335     78.738     76.145     552.58    1115.80
  2060.417    24.1714     631.11     290.58     290.18     5.1501      6.0358     84.286     80.960     78.250     554.55    1117.96
  2061.417    24.3988     635.73     290.64     290.27     4.8116      8.6808     88.158     83.390     79.478     561.66    1122.68
  2062.417    24.6263     644.17     290.76     290.49     5.2096      6.2539     80.906     78.183     74.652     563.48    1125.97
  2063.417    24.8537     652.90     290.71     290.27     5.3166      5.0438     85.780     83.006     80.736     565.13    1127.83
  2064.417    25.0811     659.17     290.76     290.41     5.1990      6.7654     86.520     82.443     79.755     570.88    1131.08
  2065.417    25.3086     668.04     290.89     290.68     5.3189      6.4449     85.394     81.453     78.949     573.28    1133.20
  2066.417    25.5360     675.59     290.90     290.63     5.3670      5.4834     85.192     81.823     79.709     578.38    1135.70
  2067.417    25.7634     685.98     290.97     290.70     5.5561      4.9220     83.885     80.819     78.963     579.81    1137.05
  2068.417    25.9908     694.05     290.94     290.67     5.5346      4.9985     85.342     82.175     80.343     583.99    1139.28
  2069.417    26.2183     702.55     291.06     290.92     5.6564      6.6720     88.108     84.208     81.436     587.33    1141.47
  2070.417    26.4031     709.68     291.12     290.99     5.5642      8.0160     86.817     82.452     78.801     592.36    1145.76
  2071.417    26.5370     718.73     291.17     291.02     5.5982      7.0247     86.633     83.038     79.608     595.08    1148.95
  2072.417    26.6709     726.93     291.18     290.94     5.6568      5.4479     87.067     84.199     81.619     599.11    1151.91
  2073.417    26.8048     737.65     291.31     291.22     5.6806      4.9306     86.047     83.124     81.117     600.69    1153.21
  2074.417    26.9388     745.63     291.23     291.12     5.6314      6.5442     91.253     87.125     84.709     605.92    1155.99
  2075.417    27.0727     754.87     291.33     291.15     5.8751      5.6055     85.348     82.336     79.743     608.88    1158.87
  2076.417    27.2066     765.93     291.34     291.25     5.8599      5.7283     88.014     84.628     82.286     610.36    1160.21
  2077.417    27.3405     770.73     291.18     290.69     5.3737     11.3017     99.244     92.613     87.942     619.53    1165.71
  2078.417    27.4745     778.32     291.48     291.39     5.6106     11.0130     89.645     84.125     78.632     624.27    1171.28
  2079.417    27.6084     787.79     291.46     291.46     5.7040      6.1343     89.839     87.009     83.705     626.63    1174.52
  2080.417    27.7184     797.07     291.54     291.30     5.4677      5.3836     91.146     88.580     85.762     630.22    1177.23
  2081.417    27.7998     808.06     291.52     291.50     5.8304      6.9993     90.684     86.871     83.684     631.68    1179.89
  2082.417    27.8813     815.38     291.62     291.53     5.5696      7.2129     90.823     87.258     83.610     638.17    1184.59
  2083.417    27.9628     827.45     291.59     291.43     5.8140      6.0662     89.621     86.707     83.555     637.92    1186.86
  2084.417    28.0442     834.91     291.55     291.32     5.6171      5.9007     91.898     88.735     85.997     644.40    1190.42
  2085.417    28.1257     847.15     291.81     291.90     5.9872      4.4147     87.729     85.405     83.314     644.86    1191.88
  2086.417    28.2071     857.78     291.81     291.76     5.8359      4.6982     90.888     87.905     86.190     648.10    1193.40
  2087.417    28.2886     867.35     291.89     291.95     5.6138      6.9390     92.624     88.957     85.685     652.32    1197.11
  2088.417    28.3701     878.12     291.78     291.80     5.8369      6.7457     92.354     88.998     85.609     653.96    1200.24
  2089.417    28.4515     885.68     291.76     291.71     5.4884      7.9797     98.505     94.214     90.525     660.50    1204.25
  2090.417    28.5089     896.65     291.90     291.89     5.9336      5.9006     88.496     85.689     82.596     662.23    1207.39
  2091.417    28.5375     908.76     292.06     292.05     5.9031      3.0034     90.897     89.382     87.893     663.51    1208.52
  2092.417    28.5661     918.89     292.11     292.17     5.9571      5.1865     94.365     91.299     89.179     667.08    1210.78
  2093.417    28.5947     929.33     292.13     292.19     5.7345      6.8022     94.657     90.784     87.855     670.32    1213.55
  2094.417    28.6233     938.87     292.15     292.20     5.6691      6.3118     93.470     90.241     87.159     674.82    1217.02
  2095.417    28.6518     952.17     292.35     292.54     5.8303      3.7754     86.798     85.233     83.023     675.28    1219.03
  2096.417    28.6804     964.72     292.26     292.29     5.6884      2.8474     90.202     88.701     87.355     676.80    1220.33
  2097.417    28.7090     975.71     292.35     292.61     5.6458      5.9605     95.866     91.998     89.906     680.69    1222.14
  2098.417    28.7376     985.41     292.47     292.81     5.7161      6.7767     94.513     90.162     87.736     685.50    1225.23
  2099.417    28.7662     996.27     292.44     292.70     5.7963      6.4224     98.211     94.142     91.789     689.16    1226.95
