     time     emission      CO2       tas    tas_land     fgco2      fnep      fnpp      fveglitter       frh     cveg        csoil
  1851.417  -999.0000     281.14     286.10     283.42     2.4625      2.2792     60.417     59.407     58.137     543.67    1623.17
  1852.417  -999.0000     280.66     286.19     283.62     3.5001      0.8546     59.450     59.542     58.596     543.77    1624.33
  1853.417  -999.0000     280.91     286.28     283.74     3.3872     -0.6450     58.360     59.205     59.005     542.78    1624.33
  1854.417  -999.0000     280.39     286.20     283.53     2.2971      1.7469     59.953     58.495     58.206     543.85    1624.53
  1855.417  -999.0000     280.27     286.15     283.50     2.9076      0.5190     59.148     59.106     58.629     543.81    1625.33
  1856.417  -999.0000     280.85     286.27     283.63     3.3815     -2.0523     57.352     58.923     59.404     542.80    1624.81
  1857.417  -999.0000     282.39     286.29     283.86     3.0500     -2.9136     56.919     58.273     59.832     541.14    1623.00
  1858.417  -999.0000     282.55     286.22     283.52     2.7430      0.2653     58.996     57.498     58.731     542.13    1621.68
  1859.417  -999.0000     282.29     286.12     283.39     2.7744      1.3223     59.687     58.244     58.364     542.97    1621.74
  1860.417  -999.0000     282.58     286.27     283.78     2.6836     -0.6811     58.420     58.961     59.101     542.38    1621.71
  1861.417  -999.0000     282.98     286.34     284.00     3.0301     -0.2178     59.074     58.785     59.292     542.55    1621.03
  1862.417  -999.0000     283.12     286.20     283.51     3.0983      0.4302     59.452     58.726     59.021     542.46    1620.65
  1863.417  -999.0000     282.48     286.09     283.35     3.1395      1.6046     59.317     58.246     57.712     543.17    1621.37
  1864.417  -999.0000     282.18     286.25     283.78     3.6485      0.0347     59.000     59.369     58.965     542.79    1621.83
  1865.417  -999.0000     281.84     286.28     283.77     3.0512      0.1914     59.360     58.867     59.169     543.45    1621.41
  1866.417  -999.0000     282.03     286.19     283.61     3.0911      0.4228     58.846     58.370     58.423     543.24    1621.24
  1867.417  -999.0000     281.47     286.10     283.45     2.7697      1.4113     59.345     58.385     57.934     543.93    1621.88
  1868.417  -999.0000     281.57     286.21     283.58     3.0606     -0.0367     58.538     58.881     58.575     543.46    1622.25
  1869.417  -999.0000     281.76     286.23     283.55     3.5285     -0.9427     57.837     58.409     58.780     543.16    1621.83
  1870.417  -999.0000     282.24     286.27     283.73     3.4252     -1.3966     57.908     58.445     59.305     542.39    1620.85
  1871.417  -999.0000     282.48     286.17     283.57     2.5241      0.4648     58.831     57.841     58.366     542.65    1620.18
  1872.417  -999.0000     282.01     285.97     283.19     2.9266      2.1848     59.616     58.109     57.431     543.34    1620.97
  1873.417  -999.0000     281.31     286.13     283.42     2.9185      1.5713     59.592     59.222     58.021     543.57    1622.37
  1874.417  -999.0000     281.11     286.24     283.59     3.0087      0.6527     59.257     59.419     58.605     543.38    1623.09
  1875.417  -999.0000     280.88     286.12     283.35     2.9970      1.2209     59.334     58.846     58.113     543.21    1623.71
  1876.417  -999.0000     280.37     286.19     283.49     3.2207      0.6414     58.804     59.022     58.163     543.34    1624.76
  1877.417  -999.0000     280.85     286.06     283.26     3.0976     -0.6389     57.199     58.271     57.838     541.74    1625.13
  1878.417  -999.0000     280.72     286.04     283.31     2.9267      0.4333     58.399     58.097     57.965     542.00    1625.19
  1879.417  -999.0000     280.65     286.12     283.62     3.3056      0.2522     58.611     58.479     58.359     542.06    1625.40
  1880.417  -999.0000     280.93     286.07     283.26     3.3365     -0.5385     57.494     57.982     58.033     541.16    1625.35
  1881.417  -999.0000     281.60     286.18     283.44     3.0364     -1.5518     56.973     58.068     58.525     540.19    1624.86
  1882.417  -999.0000     282.33     286.21     283.63     2.9152     -0.6745     57.816     57.814     58.490     539.58    1624.05
  1883.417  -999.0000     282.13     286.20     283.62     2.9402      0.6283     58.796     57.862     58.167     540.46    1623.97
  1884.417  -999.0000     283.20     286.23     283.60     3.6435     -2.0879     56.807     58.295     58.895     538.62    1623.27
  1885.417  -999.0000     283.67     286.12     283.60     3.6044     -0.9403     57.225     57.282     58.165     538.16    1622.23
  1886.417  -999.0000     283.31     286.12     283.45     2.9881      1.1506     58.809     57.594     57.658     538.92    1622.26
  1887.417  -999.0000     283.57     286.04     283.23     3.1513     -0.2338     57.451     57.974     57.684     537.93    1622.70
  1888.417  -999.0000     284.21     286.07     283.45     3.3594     -1.2594     56.755     57.794     58.015     536.71    1622.37
  1889.417  -999.0000     283.87     286.05     283.41     2.8904      1.2365     58.969     57.617     57.733     537.87    1622.17
  1890.417  -999.0000     283.50     286.02     283.25     3.1612      1.4207     58.800     57.873     57.379     538.26    1622.78
  1891.417  -999.0000     284.03     286.15     283.37     3.5901     -1.2669     56.595     57.979     57.862     536.71    1622.96
  1892.417  -999.0000     284.29     286.12     283.47     3.1714     -0.6960     57.183     57.473     57.879     536.50    1622.44
  1893.417  -999.0000     284.57     286.20     283.67     3.5850     -0.4994     57.636     57.589     58.136     536.30    1621.97
  1894.417  -999.0000     284.85     286.10     283.31     3.2360     -0.3524     57.585     57.371     57.937     536.07    1621.31
  1895.417  -999.0000     284.53     286.17     283.62     3.4590      0.8453     58.626     57.613     57.780     536.73    1621.16
  1896.417  -999.0000     284.27     286.09     283.38     3.0656      1.5190     58.909     57.786     57.390     536.91    1621.43
  1897.417  -999.0000     283.64     286.10     283.43     3.0780      1.4195     58.899     58.249     57.480     537.53    1622.47
  1898.417  -999.0000     284.13     286.13     283.32     3.8995     -1.5379     56.637     58.353     58.175     535.99    1622.75
  1899.417  -999.0000     285.17     286.18     283.52     3.5106     -2.2866     56.005     57.533     58.292     534.32    1621.60
  1900.417  -999.0000     285.38     286.04     283.24     3.1028      0.2758     57.689     56.850     57.413     534.43    1621.23
  1901.417  -999.0000     285.34     286.23     283.85     3.5687      0.0822     58.456     58.113     58.374     534.77    1620.88
  1902.417  -999.0000     285.03     285.96     283.36     3.0815      1.6732     58.785     57.374     57.112     535.16    1621.13
  1903.417  -999.0000     284.82     285.92     283.30     2.9734      1.4188     58.326     57.784     56.907     535.03    1622.10
  1904.417  -999.0000     284.75     285.98     283.26     3.1447      0.3262     57.961     58.185     57.635     535.11    1622.65
  1905.417  -999.0000     285.04     286.05     283.33     3.3620     -0.2670     57.279     57.712     57.546     534.61    1622.94
  1906.417  -999.0000     285.90     286.09     283.30     3.1768     -1.1162     56.623     57.433     57.739     533.37    1622.48
  1907.417  -999.0000     286.19     286.14     283.50     3.6220     -0.4105     57.199     57.041     57.609     533.47    1621.93
  1908.417  -999.0000     286.48     286.26     283.68     3.7960     -0.4840     57.441     57.441     57.925     532.99    1621.46
  1909.417  -999.0000     286.85     286.25     283.54     3.5046     -0.7125     57.326     57.465     58.038     532.67    1620.97
  1910.417  -999.0000     287.65     286.32     283.89     3.4358     -1.1425     57.317     57.563     58.459     532.19    1619.87
  1911.417  -999.0000     287.75     286.12     283.54     3.4200      1.0382     58.189     56.598     57.151     532.68    1619.31
  1912.417  -999.0000     287.71     286.22     283.68     3.4134      0.1226     57.887     57.640     57.764     532.99    1619.43
  1913.417  -999.0000     288.53     286.28     283.66     3.6702     -1.3531     56.945     57.584     58.298     532.17    1618.61
  1914.417  -999.0000     288.83     286.21     283.54     3.3806      0.3921     57.961     56.831     57.569     532.55    1617.68
  1915.417  -999.0000     288.79     286.24     283.72     3.6762      0.3172     58.216     57.558     57.899     533.10    1617.58
  1916.417  -999.0000     289.26     286.25     283.72     3.8717     -0.6898     56.907     57.155     57.597     532.53    1617.14
  1917.417  -999.0000     290.16     286.19     283.44     4.1751     -1.7384     55.906     56.852     57.645     531.20    1616.27
  1918.417  -999.0000     290.67     286.27     283.53     3.9703     -1.0046     56.158     56.298     57.162     530.61    1615.40
  1919.417  -999.0000     290.88     286.31     283.73     4.2375     -1.0330     56.987     57.052     58.020     530.61    1614.49
  1920.417  -999.0000     291.29     286.34     283.80     3.6804     -0.3441     57.555     56.854     57.899     530.77    1613.25
  1921.417  -999.0000     291.08     286.19     283.56     3.2056      1.2260     58.391     56.859     57.165     531.64    1613.01
  1922.417  -999.0000     290.92     286.24     283.62     3.4134      1.1788     58.366     57.435     57.187     532.10    1613.42
  1923.417  -999.0000     291.38     286.27     283.73     3.6342     -0.1698     57.086     57.286     57.256     531.40    1613.34
  1924.417  -999.0000     291.53     286.27     283.75     3.5351     -0.4352     57.162     57.302     57.597     531.52    1613.13
  1925.417  -999.0000     292.50     286.27     283.61     3.3688     -1.3207     56.271     56.912     57.591     530.28    1612.44
  1926.417  -999.0000     293.24     286.31     283.83     3.2733     -0.8972     56.859     56.770     57.756     530.29    1611.35
  1927.417  -999.0000     293.42     286.32     283.79     3.6384      0.6212     58.008     56.763     57.386     530.97    1610.76
  1928.417  -999.0000     293.68     286.30     283.67     4.1569     -0.2723     56.911     56.882     57.183     530.38    1610.51
  1929.417  -999.0000     294.26     286.31     283.78     3.8936     -1.3585     56.227     56.976     57.586     529.50    1609.86
  1930.417  -999.0000     294.53     286.25     283.59     4.0679     -0.2682     56.869     56.478     57.137     529.39    1609.18
  1931.417  -999.0000     294.93     286.29     283.60     3.1551     -0.2064     57.009     56.812     57.216     528.99    1608.71
  1932.417  -999.0000     294.77     286.10     283.42     3.2904      1.5469     57.942     56.506     56.395     529.86    1608.93
  1933.417  -999.0000     294.95     286.20     283.53     3.9920     -0.1472     56.669     57.088     56.816     529.09    1609.33
  1934.417  -999.0000     296.07     286.37     283.96     3.9027     -2.4135     55.358     57.044     57.771     527.47    1608.50
  1935.417  -999.0000     296.16     286.25     283.75     3.4515      0.6904     58.088     56.505     57.398     528.53    1607.39
  1936.417  -999.0000     295.71     286.31     283.85     3.6550      1.6544     59.102     57.309     57.447     529.76    1607.52
  1937.417  -999.0000     296.17     286.38     283.89     3.5603     -0.3422     57.476     57.609     57.818     529.38    1607.22
  1938.417  -999.0000     296.53     286.24     283.65     3.6344      0.2494     57.330     56.885     57.080     529.24    1606.96
  1939.417  -999.0000     297.09     286.26     283.64     3.7662     -0.3198     56.618     57.006     56.938     528.28    1607.14
  1940.417  -999.0000     297.65     286.35     283.73     3.6770     -1.5436     56.048     57.153     57.591     527.66    1606.78
  1941.417  -999.0000     298.72     286.33     283.77     3.8919     -1.3256     55.972     56.311     57.297     526.75    1605.63
  1942.417  -999.0000     299.25     286.34     283.87     3.8047     -0.4966     56.962     56.493     57.459     526.75    1604.64
  1943.417  -999.0000     299.31     286.41     284.01     3.8150      0.3767     57.868     56.905     57.491     527.38    1604.08
  1944.417  -999.0000     299.30     286.39     283.80     3.8930      0.6233     57.814     56.916     57.191     527.78    1603.95
  1945.417  -999.0000     300.01     286.57     284.07     4.3633     -1.6446     56.512     57.385     58.156     527.06    1603.12
  1946.417  -999.0000     300.87     286.48     283.74     4.1682     -1.1169     56.050     56.028     57.167     526.24    1601.87
  1947.417  -999.0000     301.21     286.42     283.92     3.6638      0.0474     56.970     56.251     56.922     526.35    1601.14
  1948.417  -999.0000     301.10     286.31     283.76     3.7037      1.2398     57.824     56.542     56.585     527.16    1601.23
  1949.417  -999.0000     301.50     286.29     283.68     3.6118      0.2757     56.872     56.734     56.596     526.79    1601.39
  1950.417  -999.0000     302.02     286.25     283.53     3.8942     -0.1464     56.385     56.491     56.531     526.33    1601.31
  1951.417  -999.0000     302.35     286.37     283.76     4.0458     -0.4326     56.538     56.665     56.970     526.13    1601.08
  1952.417  -999.0000     302.94     286.43     283.93     3.8253     -0.2677     56.866     56.520     57.134     526.07    1600.40
  1953.417  -999.0000     303.29     286.39     283.94     4.0055      0.4513     57.489     56.518     57.037     526.51    1599.79
  1954.417  -999.0000     303.91     286.48     283.92     4.3394     -0.8774     56.316     56.601     57.194     526.05    1599.46
  1955.417  -999.0000     305.08     286.47     283.98     3.9900     -1.0454     56.239     56.303     57.284     525.38    1598.16
  1956.417  -999.0000     305.24     286.40     283.85     4.0228      1.2268     57.923     56.145     56.697     526.46    1597.67
  1957.417  -999.0000     305.42     286.46     283.89     4.3138      0.7217     57.479     56.749     56.758     526.70    1597.87
  1958.417  -999.0000     306.09     286.52     284.15     4.2255     -0.4826     57.079     57.101     57.561     526.48    1597.24
  1959.417  -999.0000     306.87     286.39     283.83     3.7598      0.4641     57.090     56.203     56.626     526.41    1596.75
  1960.417  -999.0000     307.33     286.34     283.73     3.9678      0.4757     56.796     56.442     56.320     526.40    1597.12
  1961.417  -999.0000     308.80     286.45     283.96     4.2922     -1.3427     55.376     56.455     56.719     524.75    1596.74
  1962.417  -999.0000     309.80     286.49     283.94     4.6318     -1.0819     55.788     56.075     56.870     524.45    1595.94
  1963.417  -999.0000     310.71     286.44     283.91     4.2726     -0.1992     56.476     55.962     56.675     524.21    1595.12
  1964.417  -999.0000     311.44     286.43     283.76     4.1266      0.4941     56.326     55.551     55.832     524.18    1594.97
  1965.417  -999.0000     312.71     286.53     284.02     4.2726     -0.9303     55.710     56.193     56.640     523.48    1594.60
  1966.417  -999.0000     314.24     286.57     284.05     4.5954     -1.3584     55.603     55.804     56.961     522.90    1593.31
  1967.417  -999.0000     315.66     286.52     284.05     4.7966     -0.9455     55.823     55.521     56.769     522.70    1591.97
  1968.417  -999.0000     316.58     286.44     283.98     4.1929      1.2272     56.921     55.296     55.693     522.97    1591.52
  1969.417  -999.0000     316.70     286.44     283.91     4.3495      2.3913     58.228     56.444     55.837     524.14    1592.29
  1970.417  -999.0000     317.54     286.45     283.91     4.5325      1.1212     57.297     56.864     56.176     524.16    1593.06
  1971.417  -999.0000     319.05     286.48     283.85     4.9294      0.2198     56.366     56.498     56.146     523.34    1593.28
  1972.417  -999.0000     319.95     286.54     283.97     4.5399     -0.1171     56.157     56.395     56.274     523.03    1593.49
  1973.417  -999.0000     321.18     286.48     283.88     4.5200     -0.0424     55.915     55.874     55.957     522.76    1593.42
  1974.417  -999.0000     323.04     286.45     283.83     4.8316     -1.6281     54.806     55.769     56.434     521.49    1592.83
  1975.417  -999.0000     325.31     286.60     284.23     4.7576     -2.0944     54.250     55.050     56.344     520.34    1591.38
  1976.417  -999.0000     326.93     286.52     283.89     5.2473     -0.8091     55.607     55.091     56.417     520.47    1590.05
  1977.417  -999.0000     327.95     286.58     284.14     4.9124      0.8710     56.945     55.259     56.074     521.28    1589.19
  1978.417  -999.0000     329.36     286.61     284.17     5.0305     -0.3471     56.292     56.042     56.639     521.19    1588.71
  1979.417  -999.0000     331.31     286.57     284.04     5.0913     -0.8053     55.604     55.598     56.409     520.49    1587.79
  1980.417  -999.0000     332.60     286.61     284.05     5.1558     -0.0835     56.178     55.609     56.262     520.94    1587.21
  1981.417  -999.0000     334.12     286.57     284.04     5.2677      0.2593     56.310     55.689     56.051     520.70    1586.77
  1982.417  -999.0000     335.00     286.46     283.93     4.9677      1.3458     56.936     55.629     55.591     521.28    1586.86
  1983.417  -999.0000     336.16     286.65     284.23     5.0221      0.2611     56.506     56.342     56.245     521.41    1587.08
  1984.417  -999.0000     338.07     286.63     284.08     5.0501     -0.4250     55.663     55.738     56.088     520.62    1586.64
  1985.417  -999.0000     339.80     286.69     284.39     5.1029     -0.6680     55.922     55.918     56.590     520.55    1585.94
  1986.417  -999.0000     341.60     286.72     284.30     5.2992     -0.0758     56.071     55.518     56.147     520.30    1585.36
  1987.417  -999.0000     343.49     286.70     284.27     5.3527     -0.7074     55.740     55.810     56.447     519.84    1584.70
  1988.417  -999.0000     345.49     286.89     284.58     5.6391     -1.1197     55.539     55.580     56.659     519.27    1583.69
  1989.417  -999.0000     347.48     286.89     284.66     5.5850     -1.0652     55.879     55.537     56.944     519.28    1582.08
  1990.417  -999.0000     349.03     286.72     284.36     5.4419      0.9746     57.091     55.289     56.117     519.86    1581.20
  1991.417  -999.0000     349.70     286.64     284.10     5.3768      2.0776     57.351     55.604     55.273     520.82    1581.77
  1992.417  -999.0000     351.60     286.72     284.36     5.7512     -0.8249     55.247     56.260     56.072     519.49    1582.03
  1993.417  -999.0000     353.34     286.73     284.30     5.5213     -0.1814     55.631     55.396     55.813     519.37    1581.36
  1994.417  -999.0000     355.14     286.77     284.38     5.4564     -0.2789     55.727     55.605     56.006     518.86    1581.13
  1995.417  -999.0000     357.12     286.83     284.41     5.3331     -0.4725     55.370     55.264     55.843     518.53    1580.56
  1996.417  -999.0000     359.19     286.91     284.69     5.3886     -0.5342     55.787     55.541     56.322     518.27    1579.64
  1997.417  -999.0000     360.82     286.87     284.56     5.8632      0.0683     56.225     55.438     56.157     518.57    1579.05
  1998.417  -999.0000     362.47     286.96     284.73     6.2247     -0.4354     56.026     55.735     56.461     518.56    1578.29
  1999.417  -999.0000     364.28     286.91     284.52     5.5395      0.3857     56.285     55.339     55.899     518.33    1577.54
  2000.417  -999.0000     365.38     286.93     284.64     5.8904      0.8118     56.477     55.758     55.665     518.93    1577.92
  2001.417  -999.0000     367.81     286.94     284.41     5.6064     -1.1870     54.429     55.589     55.615     516.98    1577.82
  2002.417  -999.0000     370.38     287.03     284.63     5.9222     -1.7466     54.076     55.063     55.823     515.83    1577.04
  2003.417  -999.0000     372.41     287.07     284.78     6.0072     -0.2377     55.608     55.059     55.845     515.88    1576.10
  2004.417  -999.0000     374.41     286.94     284.63     6.3038     -0.1512     55.389     55.171     55.540     515.49    1575.94
  2005.417  -999.0000     377.25     286.95     284.65     5.9599     -1.5545     53.775     54.885     55.329     513.76    1575.42
  2006.417  -999.0000     379.86     286.94     284.57     6.2162     -0.8438     54.186     54.467     55.030     512.82    1574.81
  2007.417  -999.0000     381.92     287.05     284.75     6.4447     -0.4182     55.071     55.095     55.489     512.66    1574.51
  2008.417  -999.0000     384.55     286.99     284.53     6.3877     -0.4965     54.554     54.730     55.051     511.53    1574.07
  2009.417  -999.0000     387.07     287.01     284.65     6.4594     -0.7886     54.131     54.767     54.920     510.56    1573.96
  2010.417  -999.0000     389.76     286.96     284.53     6.0266     -0.3546     54.102     54.554     54.456     509.32    1574.07
  2011.417  -999.0000     392.60     287.01     284.72     6.7436     -1.4735     53.342     54.782     54.816     507.87    1574.16
  2012.417  -999.0000     396.02     287.10     284.76     6.6347     -2.4481     52.476     54.430     54.924     505.74    1573.57
  2013.417  -999.0000     399.73     287.10     284.72     6.9362     -2.6911     51.921     53.773     54.612     503.15    1572.79
  2014.417  -999.0000     403.38     287.12     284.80     7.1293     -2.8196     52.010     53.771     54.829     501.33    1571.59
  2015.417  -999.0000     406.99     287.16     284.94     7.2952     -2.7947     51.709     53.365     54.504     499.34    1570.65
  2016.417  -999.0000     411.47     287.12     284.96     6.9831     -4.3123     50.190     53.002     54.503     496.36    1569.00
  2017.417  -999.0000     416.31     287.08     284.81     7.5458     -4.4677     49.030     51.806     53.497     492.85    1567.33
  2018.417  -999.0000     420.99     287.12     284.72     7.4553     -4.3250     48.812     51.591     53.137     489.49    1565.79
  2019.417  -999.0000     425.66     287.15     284.91     7.6371     -4.6276     48.725     51.604     53.353     486.55    1564.07
  2020.417  -999.0000     430.60     287.13     284.81     7.4968     -3.8799     48.753     50.845     52.633     483.56    1562.11
  2021.417  -999.0000     434.13     287.08     284.84     7.2769     -0.7267     51.232     51.021     51.959     483.09    1561.13
  2022.417  -999.0000     437.28     287.24     285.00     7.7566     -0.7581     51.483     52.005     52.241     482.32    1561.24
  2023.417  -999.0000     441.50     287.39     285.25     7.8368     -2.8536     49.876     51.799     52.730     480.32    1560.29
  2024.417  -999.0000     445.77     287.42     285.27     7.6401     -2.2014     50.342     51.024     52.543     479.22    1558.45
  2025.417  -999.0000     449.15     287.27     285.06     7.6513      0.1574     51.633     50.656     51.476     479.36    1557.74
  2026.417  -999.0000     452.89     287.39     285.25     7.6867     -1.5677     50.722     51.595     52.290     478.59    1557.27
  2027.417  -999.0000     457.24     287.43     285.29     7.8151     -1.5663     50.034     50.488     51.600     477.60    1555.88
  2028.417  -999.0000     460.77     287.43     285.36     7.5532      0.2237     51.291     50.320     51.067     478.09    1555.20
  2029.417  -999.0000     463.87     287.45     285.22     7.3856      1.6871     52.254     50.512     50.567     479.13    1555.21
  2030.417  -999.0000     467.91     287.52     285.42     7.9368     -1.1743     50.575     51.406     51.749     478.46    1554.99
  2031.417  -999.0000     472.21     287.55     285.44     7.6379     -0.3806     50.716     50.239     51.097     478.26    1553.78
  2032.417  -999.0000     475.27     287.43     285.27     7.4256      2.5996     52.791     50.260     50.191     479.99    1553.98
  2033.417  -999.0000     478.69     287.62     285.64     7.8494      0.8861     52.081     51.612     51.194     480.64    1554.61
  2034.417  -999.0000     482.66     287.56     285.31     7.5354      1.5613     51.888     50.585     50.327     480.96    1554.57
  2035.417  -999.0000     485.63     287.58     285.49     7.9895      2.5251     52.863     51.038     50.338     482.70    1555.53
  2036.417  -999.0000     489.30     287.64     285.53     7.9756      1.6694     52.142     51.211     50.472     483.18    1556.16
  2037.417  -999.0000     493.06     287.60     285.33     8.0120      1.8585     51.918     50.759     50.060     483.87    1556.85
  2038.417  -999.0000     496.63     287.62     285.55     7.7311      2.1974     52.862     51.372     50.665     485.39    1557.54
  2039.417  -999.0000     500.02     287.53     285.34     7.7787      4.0462     54.015     51.083     49.969     487.32    1558.63
  2040.417  -999.0000     503.06     287.63     285.59     7.6189      4.0503     54.493     52.207     50.443     489.51    1560.44
  2041.417  -999.0000     506.83     287.68     285.47     7.5900      3.3953     53.552     52.018     50.156     490.38    1562.41
  2042.417  -999.0000     510.90     287.66     285.53     7.9344      2.2383     53.039     52.241     50.801     491.32    1563.77
  2043.417  -999.0000     515.29     287.66     285.61     7.9073      2.2795     53.134     51.818     50.855     492.22    1564.68
  2044.417  -999.0000     519.29     287.67     285.67     7.8392      2.9941     53.873     51.910     50.879     494.26    1565.79
  2045.417  -999.0000     524.08     287.75     285.69     8.0866      2.1591     53.085     51.941     50.926     494.78    1566.80
  2046.417  -999.0000     528.61     287.73     285.66     8.0251      2.7320     53.675     51.882     50.943     496.36    1567.68
  2047.417  -999.0000     533.08     287.94     286.16     8.4118      2.5869     54.599     52.842     52.013     498.23    1568.57
  2048.417  -999.0000     537.69     287.90     285.79     8.2755      3.4162     54.605     52.093     51.188     499.99    1569.39
  2049.417  -999.0000     542.46     287.91     285.89     8.3138      3.1627     54.790     52.833     51.627     501.42    1570.59
  2050.417  -999.0000     546.83     287.91     285.93     8.3029      3.8254     55.449     53.031     51.623     503.94    1572.07
  2051.417  -999.0000     552.03     287.89     285.83     8.5763      2.8282     54.256     52.992     51.428     504.64    1573.63
  2052.417  -999.0000     557.17     287.93     285.72     8.5861      3.1337     54.600     53.020     51.466     505.70    1575.17
  2053.417  -999.0000     562.02     288.07     286.07     8.8163      3.5576     55.537     53.558     51.980     507.60    1576.74
  2054.417  -999.0000     567.06     288.10     286.15     8.6954      3.1835     55.072     53.444     51.889     509.10    1578.34
  2055.417  -999.0000     572.58     288.04     286.00     8.7550      3.1063     55.043     53.405     51.937     510.23    1579.77
  2056.417  -999.0000     577.59     288.17     286.30     8.6445      4.0958     56.499     53.937     52.403     512.81    1581.30
  2057.417  -999.0000     583.33     288.22     286.31     8.8370      2.7347     55.965     54.434     53.230     514.21    1582.61
  2058.417  -999.0000     589.09     288.15     286.30     8.5522      4.0372     56.883     54.000     52.846     516.50    1583.42
  2059.417  -999.0000     593.94     288.17     286.27     8.7952      5.4154     57.988     54.563     52.572     519.66    1585.81
  2060.417  -999.0000     600.58     288.28     286.47     8.9033      2.0260     55.791     55.390     53.765     519.84    1587.37
  2061.417  -999.0000     607.32     288.30     286.50     8.6207      1.8714     55.855     54.708     53.984     521.26    1587.98
  2062.417  -999.0000     614.13     288.35     286.65     8.8422      1.9765     55.823     54.462     53.847     522.49    1588.71
  2063.417  -999.0000     621.53     288.31     286.47     8.9045      1.7729     55.124     53.957     53.351     522.90    1589.17
  2064.417  -999.0000     628.31     288.46     286.62     9.3161      1.9009     55.972     54.642     54.071     524.38    1589.88
  2065.417  -999.0000     635.18     288.58     286.76     9.4518      2.3427     56.717     54.940     54.374     525.79    1590.28
  2066.417  -999.0000     641.68     288.62     286.93     9.5122      3.2287     57.685     55.324     54.456     527.67    1591.16
  2067.417  -999.0000     648.00     288.58     286.82     9.2461      3.6142     57.996     55.625     54.382     529.90    1592.51
  2068.417  -999.0000     654.67     288.65     287.01     9.3757      3.0151     58.050     56.116     55.035     531.82    1593.65
  2069.417  -999.0000     661.38     288.69     287.03     9.3858      3.4792     58.800     56.101     55.321     534.33    1594.30
  2070.417  -999.0000     668.28     288.80     287.18     9.3471      3.5411     58.908     56.198     55.367     536.48    1595.13
  2071.417  -999.0000     675.29     288.73     287.03     9.4672      2.7390     58.308     56.396     55.569     538.45    1596.05
  2072.417  -999.0000     682.96     288.84     287.25     9.3939      1.5398     57.451     56.364     55.912     539.54    1596.51
  2073.417  -999.0000     690.78     288.89     287.50     9.6316      1.2614     57.595     56.368     56.334     540.80    1596.53
  2074.417  -999.0000     699.12     288.90     287.44     9.6724      0.8370     57.405     56.364     56.568     541.31    1596.13
  2075.417  -999.0000     706.32     288.83     287.16     9.4593      3.3947     58.790     55.854     55.396     543.80    1596.70
  2076.417  -999.0000     713.76     288.91     287.33     9.5565      2.7234     59.013     57.254     56.290     545.31    1597.72
  2077.417  -999.0000     721.20     288.93     287.41     9.3672      2.4550     59.112     57.266     56.657     547.41    1598.32
  2078.417  -999.0000     728.85     288.93     287.37     9.7030      2.7250     58.986     56.934     56.261     549.13    1599.04
  2079.417  -999.0000     737.06     288.98     287.40     9.8526      1.3384     57.893     57.042     56.554     549.65    1599.50
  2080.417  -999.0000     745.20     289.00     287.45     9.9067      0.9954     57.788     56.769     56.793     550.84    1599.48
  2081.417  -999.0000     753.28     289.02     287.47     9.8918      1.5606     58.446     56.790     56.885     552.36    1599.35
  2082.417  -999.0000     761.51     289.07     287.50     9.9338      1.8189     58.901     57.040     57.082     553.70    1599.24
  2083.417  -999.0000     768.85     289.15     287.71     9.5407      3.0371     60.298     57.502     57.261     556.81    1599.53
  2084.417  -999.0000     777.37     289.06     287.48     9.9848      1.2269     58.210     57.340     56.983     557.13    1600.00
  2085.417  -999.0000     786.34     289.14     287.63    10.3011     -0.2743     57.112     57.148     57.386     557.17    1599.65
  2086.417  -999.0000     794.16     289.19     287.57    10.1276      2.1394     59.191     56.822     57.052     559.42    1599.40
  2087.417  -999.0000     802.53     289.27     287.69    10.2396      1.3600     58.914     57.540     57.554     560.45    1599.39
  2088.417  -999.0000     810.67     289.25     287.80     9.9803      1.8588     59.211     57.378     57.352     562.07    1599.38
  2089.417  -999.0000     818.47     289.24     287.68     9.8795      3.0687     60.313     57.858     57.245     564.20    1600.03
  2090.417  -999.0000     826.46     289.26     287.79     9.9773      2.6222     59.982     58.248     57.360     565.55    1600.95
  2091.417  -999.0000     834.75     289.38     288.02     9.9288      1.4676     59.231     58.429     57.764     566.61    1601.71
  2092.417  -999.0000     843.20     289.36     288.00    10.0221      1.8045     59.837     58.516     58.032     567.77    1602.05
  2093.417  -999.0000     851.22     289.51     288.12    10.1103      2.1480     60.627     58.924     58.479     569.42    1602.65
  2094.417  -999.0000     859.83     289.49     288.10    10.0576      1.1855     60.185     59.235     58.999     570.27    1602.71
  2095.417  -999.0000     868.03     289.50     288.15    10.1401      2.4006     60.501     58.618     58.101     571.67    1603.24
  2096.417  -999.0000     876.31     289.53     288.09     9.9847      1.7458     60.077     59.105     58.331     572.59    1604.19
  2097.417  -999.0000     884.85     289.56     288.23    10.1469      1.1539     60.075     59.267     58.921     573.67    1604.38
  2098.417  -999.0000     893.48     289.54     288.24    10.2593      0.9650     59.680     58.758     58.715     574.55    1604.56
  2099.417  -999.0000     902.42     289.51     288.10    10.2519      0.7323     59.074     58.382     58.341     575.00    1604.41
  2100.417  -999.0000     911.21     289.56     288.18    10.2473      0.6142     59.020     58.566     58.406     575.49    1604.65
