     time     emission      CO2       tas    tas_land     fgco2      fnep      fnpp      fvegsoil       frh     cveg        csoil
  1851.417  -999.0000     283.40     285.22     285.38    -0.2707      0.7191    103.195    103.404    102.476     951.91    1854.56
  1852.417  -999.0000     284.00     285.37     285.68    -0.1446     -0.2256    101.297    101.721    101.522     951.09    1854.27
  1853.417  -999.0000     284.10     285.26     285.35     0.1560     -0.9291     99.939    100.684    100.868     949.79    1854.48
  1854.417  -999.0000     283.90     285.27     285.48     0.1410     -0.4691    100.902    101.473    101.371     950.35    1854.36
  1855.417  -999.0000     284.50     285.41     285.67     0.1657     -1.1955     97.934     99.096     99.129     948.78    1854.38
  1856.417  -999.0000     285.40     285.33     285.72     0.2165     -2.3401     97.589     99.590     99.929     946.33    1854.00
  1857.417  -999.0000     285.70     285.15     285.35     0.3737     -1.6679     98.477     99.805    100.145     945.00    1853.63
  1858.417  -999.0000     285.30     285.12     285.41     0.5426      0.5220    101.042    100.620    100.520     945.45    1853.76
  1859.417  -999.0000     284.20     285.11     285.39     0.3390      1.9305    101.553    100.046     99.622     947.41    1854.08
  1860.417  -999.0000     283.80     285.24     285.44     0.1480      0.9695     99.442     98.997     98.472     947.81    1854.91
  1861.417  -999.0000     283.80     285.36     285.52     0.2023     -0.0214    100.374    100.746    100.396     947.25    1855.00
  1862.417  -999.0000     283.80     285.17     285.39     0.3484     -0.2718     99.369     99.889     99.641     946.84    1855.52
  1863.417  -999.0000     283.80     285.33     285.71     0.2168     -0.0795    100.761    100.848    100.840     946.67    1855.05
  1864.417  -999.0000     283.70     285.26     285.53     0.0228     -0.1603     98.593     98.854     98.753     946.26    1855.65
  1865.417  -999.0000     283.70     285.18     285.49     0.0546     -0.0036    101.120    101.362    101.124     946.18    1855.54
  1866.417  -999.0000     283.60     285.16     285.47    -0.0336      0.2722    100.803    100.505    100.531     946.38    1855.68
  1867.417  -999.0000     283.60     285.16     285.29     0.0176     -0.2386    100.940    101.124    101.179     946.46    1855.66
  1868.417  -999.0000     283.50     285.16     285.36    -0.0650      0.3306    100.826    100.684    100.495     946.24    1855.59
  1869.417  -999.0000     283.50     285.11     285.38    -0.3095      0.5158    102.178    101.906    101.662     946.69    1856.22
  1870.417  -999.0000     284.00     285.22     285.39    -0.0255     -0.9873    100.480    101.378    101.467     946.22    1856.09
  1871.417  -999.0000     284.90     285.25     285.56    -0.2499     -2.1017     98.662    100.578    100.763     943.73    1855.51
  1872.417  -999.0000     285.10     285.15     285.27     0.0646     -0.6673    100.287    101.114    100.954     942.53    1855.86
  1873.417  -999.0000     284.60     285.24     285.46    -0.2056      0.6314    102.123    101.825    101.491     943.64    1856.38
  1874.417  -999.0000     285.10     285.33     285.51     0.0558     -1.0539     98.057     99.107     99.111     942.80    1856.35
  1875.417  -999.0000     286.10     285.50     285.62     0.5679     -2.4929     96.706     98.880     99.199     940.03    1855.71
  1876.417  -999.0000     286.60     285.64     285.99     0.4845     -2.6967     96.424     98.475     99.121     938.16    1855.42
  1877.417  -999.0000     287.40     285.41     285.83     0.4217     -2.0019     99.169    100.407    101.171     936.51    1854.46
  1878.417  -999.0000     287.40     285.39     285.66     0.4502     -0.7012     99.859    100.197    100.560     936.50    1854.18
  1879.417  -999.0000     287.40     285.37     285.70     0.2933     -0.2930    101.231    101.394    101.524     936.17    1853.93
  1880.417  -999.0000     287.40     285.30     285.63     0.0973     -0.2784    102.223    102.433    102.501     936.25    1854.04
  1881.417  -999.0000     288.20     285.38     285.65     0.3390     -1.0033    100.091    100.741    101.095     935.48    1853.58
  1882.417  -999.0000     288.70     285.44     285.76     0.3606     -1.4967     99.550    100.634    101.047     934.43    1853.07
  1883.417  -999.0000     288.80     285.24     285.54     0.3800     -0.2304    101.135    101.444    101.366     933.82    1853.17
  1884.417  -999.0000     288.10     284.91     285.04     0.3279      1.7604    101.323    100.442     99.563     934.85    1854.20
  1885.417  -999.0000     287.30     284.84     284.95     0.4813      2.4889    102.296    101.214     99.807     936.20    1855.53
  1886.417  -999.0000     286.90     285.01     285.19     0.2967      1.4658    101.679    101.249    100.213     936.69    1856.47
  1887.417  -999.0000     286.70     284.83     284.91     0.3003      0.9973    101.872    102.042    100.875     935.95    1857.88
  1888.417  -999.0000     286.40     285.02     285.07     0.2246      0.4452     99.381    100.174     98.935     936.06    1859.13
  1889.417  -999.0000     287.20     285.23     285.41     0.1209     -1.5111     98.038    100.021     99.549     933.72    1859.38
  1890.417  -999.0000     288.00     285.20     285.35     0.4813     -1.6536     99.291    100.794    100.944     931.42    1859.26
  1891.417  -999.0000     287.70     285.08     285.34     0.1551      0.1462    101.066    101.190    100.919     931.90    1859.59
  1892.417  -999.0000     288.10     285.11     285.33     0.1646     -0.2617     99.171     99.801     99.433     931.38    1860.14
  1893.417  -999.0000     288.40     285.21     285.35     0.2683     -0.9447    100.575    101.447    101.520     930.56    1859.80
  1894.417  -999.0000     288.50     285.16     285.34     0.2743     -0.0134    101.458    101.330    101.472     930.20    1859.73
  1895.417  -999.0000     288.60     285.18     285.50     0.0296      0.3515    102.985    102.648    102.634     931.11    1859.66
  1896.417  -999.0000     288.80     285.15     285.49    -0.0985      0.4085    103.190    103.092    102.781     930.96    1860.09
  1897.417  -999.0000     289.60     285.15     285.35     0.0180     -0.5263    101.908    102.472    102.434     930.38    1860.12
  1898.417  -999.0000     290.10     285.25     285.51     0.1528     -1.1499    101.404    102.316    102.554     929.73    1859.84
  1899.417  -999.0000     290.90     285.41     285.73     0.2023     -1.3823    100.602    101.599    101.984     928.33    1859.45
  1900.417  -999.0000     291.40     285.34     285.62     0.4625     -1.3940    101.923    102.481    103.317     927.65    1858.83
  1901.417  -999.0000     291.50     285.27     285.52     0.5179     -0.3771    103.386    103.048    103.763     928.45    1857.86
  1902.417  -999.0000     291.80     285.14     285.34     0.3389      0.0851    104.093    104.140    104.008     928.28    1857.87
  1903.417  -999.0000     291.60     285.15     285.26     0.5144      0.5361    102.497    102.607    101.961     928.01    1858.64
  1904.417  -999.0000     291.50     285.19     285.35     0.2253      0.6116    103.047    102.934    102.435     928.54    1859.20
  1905.417  -999.0000     291.90     285.14     285.25     0.1574      0.3329    101.845    101.906    101.512     927.78    1859.62
  1906.417  -999.0000     292.10     285.09     285.06    -0.0671      0.3894    102.650    102.932    102.261     927.79    1860.51
  1907.417  -999.0000     292.30     285.21     285.34    -0.1411      0.6108    104.988    104.909    104.378     928.16    1860.57
  1908.417  -999.0000     292.70     285.17     285.14     0.1532      0.7027    103.823    103.503    103.121     928.25    1861.26
  1909.417  -999.0000     293.10     285.36     285.36     0.2222     -0.2383    101.882    102.489    102.120     927.85    1861.59
  1910.417  -999.0000     293.80     285.65     285.85     0.2965     -1.5551    101.355    102.890    102.911     926.61    1861.66
  1911.417  -999.0000     295.40     285.76     286.03     0.4603     -2.8098     99.766    101.896    102.576     923.48    1860.78
  1912.417  -999.0000     295.60     285.50     285.71     0.3022     -0.8208    105.274    105.625    106.094     923.49    1860.14
  1913.417  -999.0000     295.50     285.39     285.63     0.1194      0.9713    104.246    103.439    103.274     924.50    1860.78
  1914.417  -999.0000     296.00     285.35     285.55    -0.0160      0.1207    105.663    105.628    105.542     924.55    1860.62
  1915.417  -999.0000     296.40     285.43     285.58     0.0256      0.2187    104.357    104.173    104.138     924.69    1860.65
  1916.417  -999.0000     296.90     285.46     285.65    -0.0578      0.3823    105.302    104.725    104.920     925.06    1860.47
  1917.417  -999.0000     297.30     285.51     285.73    -0.0112      0.1850    104.946    104.168    104.761     926.11    1859.78
  1918.417  -999.0000     297.70     285.29     285.27    -0.2363      0.4075    104.423    103.948    104.015     926.37    1859.92
  1919.417  -999.0000     298.00     285.43     285.47    -0.0271      0.7153    106.075    105.644    105.360     927.04    1860.07
  1920.417  -999.0000     298.70     285.56     285.68    -0.0359     -0.3307    103.219    103.363    103.549     926.92    1860.10
  1921.417  -999.0000     299.50     285.68     285.87     0.4740     -1.0534    102.763    103.558    103.816     926.22    1859.45
  1922.417  -999.0000     299.90     285.80     286.01     0.5050     -1.0328    102.686    103.432    103.718     925.04    1859.46
  1923.417  -999.0000     300.20     285.86     286.10     0.2171     -0.9326    105.091    105.555    106.024     925.06    1858.78
  1924.417  -999.0000     300.80     285.59     285.85     0.4778      0.0092    106.264    105.818    106.255     924.79    1858.45
  1925.417  -999.0000     300.50     285.63     285.96     0.1109      1.0407    107.454    106.050    106.413     926.97    1857.96
  1926.417  -999.0000     300.90     285.45     285.62     0.4802      0.5578    106.051    105.362    105.494     927.30    1858.01
  1927.417  -999.0000     301.60     285.75     285.98     0.6039     -1.3503    102.483    103.670    103.833     926.40    1857.98
  1928.417  -999.0000     302.90     285.70     285.90     0.6952     -2.0979    102.418    103.970    104.516     924.42    1857.35
  1929.417  -999.0000     303.50     285.69     285.96     0.6729     -0.9537    103.837    104.380    104.791     923.87    1856.71
  1930.417  -999.0000     303.50     285.76     285.95     0.5681      0.2976    105.829    105.568    105.531     924.69    1856.75
  1931.417  -999.0000     303.90     285.66     285.78     0.6860      0.3762    105.397    105.371    105.021     923.87    1857.31
  1932.417  -999.0000     303.80     285.85     286.22     0.9260     -0.0751    107.634    107.596    107.709     924.76    1857.18
  1933.417  -999.0000     304.50     285.87     286.23     0.6611     -1.2017    104.847    105.486    106.049     924.00    1856.43
  1934.417  -999.0000     305.40     285.72     286.05     0.8169     -1.8053    104.301    105.635    106.106     921.59    1856.13
  1935.417  -999.0000     305.00     285.60     285.87     0.7065      0.0929    108.768    108.630    108.675     923.18    1856.00
  1936.417  -999.0000     305.00     285.62     285.88     0.6174      1.3276    108.571    107.717    107.243     923.22    1856.25
  1937.417  -999.0000     305.10     285.54     285.63     0.8079      0.2495    104.030    104.251    103.780     923.02    1857.30
  1938.417  -999.0000     305.10     285.61     285.85     0.5569      0.3843    108.310    108.142    107.925     923.55    1857.05
  1939.417  -999.0000     305.30     285.73     286.04     0.6101      0.6304    105.435    104.815    104.805     923.89    1857.40
  1940.417  -999.0000     305.70     285.76     286.24     0.3770      0.0852    106.471    106.324    106.386     924.44    1856.92
  1941.417  -999.0000     306.20     285.69     286.09     0.6461      0.4382    105.725    105.362    105.287     923.77    1857.25
  1942.417  -999.0000     305.60     285.55     285.69     0.6360      1.7793    108.988    107.840    107.209     925.98    1857.69
  1943.417  -999.0000     305.30     285.69     285.96     0.6312      1.8736    107.024    106.143    105.150     926.80    1858.98
  1944.417  -999.0000     305.90     285.80     286.13     0.4776     -0.1350    105.334    106.003    105.469     925.97    1859.45
  1945.417  -999.0000     306.90     285.70     285.95     0.6566     -0.9560    105.229    106.334    106.185     924.33    1859.55
  1946.417  -999.0000     307.30     285.49     285.63     0.7185     -0.1869    106.113    106.680    106.299     923.83    1859.97
  1947.417  -999.0000     307.30     285.64     285.85     0.5298      0.2754    105.980    105.889    105.705     924.80    1860.18
  1948.417  -999.0000     308.70     285.70     286.17     0.4899     -1.0941    104.523    104.978    105.617     923.31    1859.41
  1949.417  -999.0000     309.20     285.65     285.91     0.7525     -0.7216    107.167    107.417    107.888     923.58    1859.04
  1950.417  -999.0000     309.20     285.64     285.99     0.5628      1.3635    110.041    109.161    108.678     924.90    1859.10
  1951.417  -999.0000     309.80     285.58     285.77     0.4474      0.1802    107.456    107.910    107.276     923.95    1860.43
  1952.417  -999.0000     310.80     285.57     285.78     0.6695     -0.5118    109.082    109.890    109.594     922.96    1860.14
  1953.417  -999.0000     311.20     285.64     285.80     0.8544      0.1689    107.720    108.045    107.551     922.88    1861.12
  1954.417  -999.0000     312.10     285.67     285.95     0.8666     -0.9942    106.457    107.682    107.451     921.90    1861.01
  1955.417  -999.0000     313.20     285.65     285.89     0.8133     -0.9619    107.950    108.973    108.912     920.19    1861.10
  1956.417  -999.0000     313.30     285.64     285.79     0.8806      0.4757    109.629    109.858    109.153     920.66    1861.85
  1957.417  -999.0000     314.20     285.72     286.05     0.7742      0.1289    107.492    107.840    107.363     919.97    1862.62
  1958.417  -999.0000     315.20     285.71     286.04     0.9013     -0.4172    110.036    110.629    110.454     919.65    1862.30
  1959.417  -999.0000     316.40     285.77     286.01     1.1458     -1.4638    107.032    108.463    108.495     917.67    1862.88
  1960.417  -999.0000     317.60     285.86     286.19     0.9957     -1.6257    108.929    110.392    110.555     916.31    1862.07
  1961.417  -999.0000     318.20     285.81     286.11     1.0200      0.4834    110.135    109.967    109.651     916.93    1862.81
  1962.417  -999.0000     319.10     285.82     286.09     1.2526      1.1332    108.505    107.569    107.372     917.12    1862.69
  1963.417  -999.0000     319.00     285.73     286.02     1.1494      1.6740    111.525    110.246    109.851     919.48    1863.24
  1964.417  -999.0000     320.00     285.66     285.91     1.0495      1.2052    107.445    106.868    106.240     919.25    1863.99
  1965.417  -999.0000     320.60     285.66     286.00     1.0466      1.6314    111.405    110.066    109.773     920.62    1863.93
  1966.417  -999.0000     320.40     285.56     285.79     1.0075      3.6775    113.592    110.735    109.914     923.59    1865.05
  1967.417  -999.0000     320.60     285.66     285.82     0.8228      2.8431    111.388    109.751    108.545     925.81    1866.35
  1968.417  -999.0000     321.60     285.60     285.77     1.1743      1.5867    111.307    110.647    109.720     925.51    1867.09
  1969.417  -999.0000     322.20     285.73     285.90     0.9083      1.2925    110.549    109.998    109.256     926.84    1867.94
  1970.417  -999.0000     323.60     285.61     285.84     0.9243      1.5036    111.197    110.314    109.694     926.97    1868.42
  1971.417  -999.0000     324.30     285.67     285.85     0.9911      1.9434    113.265    111.851    111.322     929.31    1869.11
  1972.417  -999.0000     325.50     285.84     286.05     1.1988      2.0470    112.051    110.635    110.004     930.37    1869.38
  1973.417  -999.0000     326.70     285.82     286.03     1.2275      1.5752    110.548    109.516    108.972     931.15    1870.30
  1974.417  -999.0000     328.10     285.91     286.17     1.4391      0.3371    110.357    110.110    110.020     931.75    1870.39
  1975.417  -999.0000     329.60     285.87     286.17     1.6419      0.3545    110.375    110.090    110.021     931.67    1870.18
  1976.417  -999.0000     330.60     285.75     286.04     1.5035      1.4032    110.706    109.439    109.303     932.48    1870.59
  1977.417  -999.0000     331.00     285.68     286.13     1.2852      3.5350    116.808    113.667    113.273     936.25    1870.72
  1978.417  -999.0000     331.70     285.68     285.93     1.2362      4.1646    113.950    110.629    109.785     939.62    1871.87
  1979.417  -999.0000     332.80     285.81     286.07     1.1500      2.4624    113.212    111.449    110.749     941.51    1872.48
  1980.417  -999.0000     334.70     285.99     286.35     1.3816      0.7954    111.640    111.092    110.844     942.07    1872.74
  1981.417  -999.0000     336.40     286.04     286.38     1.7030      0.2658    113.173    112.857    112.907     941.89    1872.55
  1982.417  -999.0000     337.10     285.85     286.11     1.7376      1.9899    115.406    113.938    113.416     943.69    1873.05
  1983.417  -999.0000     337.70     285.75     286.13     1.7638      2.8514    115.191    113.329    112.339     945.73    1874.01
  1984.417  -999.0000     338.80     285.87     286.20     1.8533      1.8218    114.157    113.031    112.335     946.64    1874.94
  1985.417  -999.0000     340.10     285.93     286.25     1.8319      1.5983    115.447    114.486    113.848     947.28    1875.53
  1986.417  -999.0000     340.90     285.81     285.93     1.6790      2.7735    117.250    115.234    114.476     949.71    1876.22
  1987.417  -999.0000     341.90     286.03     286.43     1.7516      2.8943    117.634    115.561    114.740     951.93    1876.83
  1988.417  -999.0000     343.60     286.03     286.23     1.9700      1.4425    115.479    114.684    114.037     952.19    1878.07
  1989.417  -999.0000     345.40     286.14     286.60     2.0106      0.2634    117.450    117.316    117.187     953.10    1877.64
  1990.417  -999.0000     347.60     286.20     286.74     1.9438     -0.1210    115.722    115.689    115.843     952.42    1877.63
  1991.417  -999.0000     349.40     286.11     286.46     2.1707      0.8189    115.686    115.295    114.867     952.63    1878.05
  1992.417  -999.0000     350.00     285.82     286.15     2.0228      3.1002    119.190    117.645    116.090     955.00    1879.43
  1993.417  -999.0000     351.50     285.86     286.10     2.0497      2.6384    113.904    112.790    111.266     955.30    1881.57
  1994.417  -999.0000     352.70     285.84     286.30     1.6239      2.6253    119.061    117.605    116.436     957.22    1882.11
  1995.417  -999.0000     353.60     285.97     286.23     1.7650      4.0450    120.963    118.156    116.918     960.08    1883.62
  1996.417  -999.0000     355.00     286.15     286.68     1.7731      2.8573    119.090    117.139    116.233     962.19    1884.45
  1997.417  -999.0000     357.00     286.13     286.59     1.8905      1.4574    117.638    116.835    116.181     962.64    1885.35
  1998.417  -999.0000     358.80     286.28     286.77     2.0723      1.9959    118.561    116.997    116.565     963.57    1885.45
  1999.417  -999.0000     359.30     286.15     286.73     1.8074      3.9653    123.546    120.085    119.581     968.07    1885.94
  2000.417  -999.0000     360.40     286.21     286.59     1.8075      3.7605    121.553    118.667    117.793     970.72    1887.26
  2001.417  -999.0000     362.30     286.31     286.82     1.7656      2.6310    121.663    119.834    119.032     972.19    1887.70
  2002.417  -999.0000     363.30     286.31     286.83     1.7574      3.8411    126.652    123.566    122.811     975.60    1888.30
  2003.417  -999.0000     364.40     286.36     286.83     1.8940      4.6173    124.608    120.773    119.991     979.22    1889.46
  2004.417  -999.0000     365.70     286.50     286.99     1.7218      4.0370    126.002    122.563    121.965     983.34    1889.84
  2005.417  -999.0000     367.70     286.60     286.99     1.8208      3.5042    123.869    120.478    120.364     985.68    1890.23
  2006.417  -999.0000     369.60     286.71     287.29     1.9773      1.6121    123.088    120.906    121.476     988.74    1889.48
  2007.417  -999.0000     372.70     286.70     287.29     2.2101      0.6936    123.470    121.967    122.777     989.74    1888.49
  2008.417  -999.0000     375.00     286.54     287.23     2.2984      2.1664    125.497    122.875    123.331     991.91    1888.04
  2009.417  -999.0000     376.70     286.55     286.86     2.5060      3.6622    126.113    122.794    122.451     996.34    1888.53
  2010.417  -999.0000     378.70     286.56     287.07     2.2732      4.2775    126.218    122.456    121.941     999.46    1888.87
  2011.417  -999.0000     380.90     286.63     287.26     2.3215      3.2269    125.020    122.193    121.793    1002.24    1889.66
  2012.417  -999.0000     383.10     286.72     287.15     2.5523      3.2793    128.218    125.552    124.939    1005.72    1889.71
  2013.417  -999.0000     385.50     286.77     287.20     2.7418      4.1785    126.051    122.610    121.872    1007.82    1890.97
  2014.417  -999.0000     387.50     286.77     287.27     2.6986      3.3089    126.383    123.567    123.074    1012.24    1891.40
  2015.417  -999.0000     391.10     286.75     287.44     2.7403      2.9685    126.244    123.394    123.276    1013.18    1891.13
  2016.417  -999.0000     393.10     286.76     287.29     2.6107      3.8007    128.109    124.766    124.309    1018.03    1892.03
  2017.417  -999.0000     396.10     286.88     287.50     2.7359      4.3427    129.307    125.523    124.964    1021.32    1892.18
  2018.417  -999.0000     398.60     286.94     287.65     2.9171      4.3911    131.160    127.341    126.769    1025.06    1893.12
  2019.417  -999.0000     401.30     286.94     287.70     3.0028      4.5734    130.872    127.096    126.299    1028.78    1893.73
  2020.417  -999.0000     404.00     286.89     287.66     2.8899      4.6338    132.210    128.117    127.576    1032.91    1894.28
  2021.417  -999.0000     407.10     286.89     287.52     3.0080      4.0005    131.372    127.811    127.372    1036.92    1894.92
  2022.417  -999.0000     410.50     287.10     287.80     3.0022      3.7871    130.981    127.819    127.194    1039.69    1895.21
  2023.417  -999.0000     413.20     287.12     287.75     3.1652      4.3886    132.728    129.293    128.339    1043.28    1896.40
  2024.417  -999.0000     417.10     287.20     288.08     3.3137      3.2044    128.135    125.302    124.931    1045.73    1896.77
  2025.417  -999.0000     420.30     287.02     287.62     3.4889      4.2912    134.150    130.121    129.859    1049.87    1896.67
  2026.417  -999.0000     423.00     287.17     287.73     3.3525      5.6683    130.987    126.242    125.318    1054.96    1898.22
  2027.417  -999.0000     426.70     287.21     288.00     3.2097      4.3732    134.037    130.410    129.664    1058.55    1898.36
  2028.417  -999.0000     430.20     287.24     287.89     3.5320      4.6007    133.763    129.686    129.162    1062.08    1899.34
  2029.417  -999.0000     433.20     287.37     288.11     3.4557      5.0286    136.041    131.724    131.012    1067.22    1899.88
  2030.417  -999.0000     436.80     287.28     288.01     3.5367      5.0843    135.210    130.967    130.126    1070.92    1900.60
  2031.417  -999.0000     440.50     287.26     288.10     3.4865      5.0290    135.733    131.592    130.704    1075.00    1901.72
  2032.417  -999.0000     444.20     287.30     288.06     3.5584      5.6184    137.972    133.359    132.353    1079.49    1902.54
  2033.417  -999.0000     447.50     287.47     288.20     3.6920      6.4344    138.889    133.390    132.454    1085.57    1903.55
  2034.417  -999.0000     450.80     287.61     288.32     3.5096      6.7518    139.248    133.633    132.496    1091.05    1904.42
  2035.417  -999.0000     454.30     287.53     288.22     3.7053      6.6896    139.870    134.902    133.180    1095.66    1906.55
  2036.417  -999.0000     458.40     287.64     288.45     3.5628      5.5453    139.735    135.549    134.190    1100.03    1907.97
  2037.417  -999.0000     462.40     287.70     288.51     3.8560      5.3623    141.295    136.676    135.932    1104.80    1908.31
  2038.417  -999.0000     466.80     287.84     288.74     4.0016      5.3561    139.947    135.121    134.591    1109.46    1909.12
  2039.417  -999.0000     471.20     287.76     288.72     4.1206      5.4321    142.728    137.866    137.296    1113.71    1909.58
  2040.417  -999.0000     475.00     287.74     288.68     4.1417      6.4889    144.067    138.515    137.578    1120.24    1910.49
  2041.417  -999.0000     479.50     287.73     288.72     3.9295      6.8087    144.021    137.846    137.213    1125.82    1911.26
  2042.417  -999.0000     483.90     287.84     288.78     3.9439      6.2025    144.260    138.582    138.058    1132.85    1911.90
  2043.417  -999.0000     490.10     288.07     289.22     4.5557      4.5322    143.659    139.262    139.127    1135.64    1911.51
  2044.417  -999.0000     494.50     287.92     288.81     4.4911      5.8013    146.507    141.035    140.706    1141.45    1912.06
  2045.417  -999.0000     498.50     288.12     289.19     4.3575      7.9798    148.427    141.514    140.447    1148.76    1913.31
  2046.417  -999.0000     503.50     288.17     289.20     4.7124      6.5626    147.265    141.481    140.702    1154.30    1914.14
  2047.417  -999.0000     508.90     288.17     289.25     4.3983      5.4439    148.155    142.992    142.711    1159.48    1914.27
  2048.417  -999.0000     514.60     288.34     289.39     4.7875      5.6543    146.516    141.165    140.861    1164.62    1914.53
  2049.417  -999.0000     519.70     288.38     289.37     4.6197      6.1348    149.026    143.750    142.892    1170.45    1915.53
  2050.417  -999.0000     525.20     288.49     289.63     4.6347      6.7412    150.248    144.319    143.507    1176.06    1915.90
  2051.417  -999.0000     530.50     288.42     289.53     4.9139      7.4055    152.176    145.477    144.770    1182.62    1917.33
  2052.417  -999.0000     536.30     288.44     289.60     4.9847      7.1538    153.289    146.547    146.135    1189.57    1917.22
  2053.417  -999.0000     542.20     288.59     289.75     4.8553      6.4585    152.195    146.329    145.737    1195.48    1917.93
  2054.417  -999.0000     548.10     288.55     289.81     5.1246      6.8164    153.315    147.874    146.499    1200.58    1919.28
  2055.417  -999.0000     553.90     288.50     289.59     5.1196      6.8601    154.100    148.465    147.240    1206.26    1920.84
  2056.417  -999.0000     559.60     288.61     289.75     5.0543      7.5631    156.283    149.898    148.720    1213.48    1921.54
  2057.417  -999.0000     566.10     288.61     289.89     5.2208      7.9162    156.897    150.189    148.981    1218.55    1922.95
  2058.417  -999.0000     571.10     288.46     289.61     5.0155     10.0777    165.015    156.422    154.938    1227.96    1924.30
  2059.417  -999.0000     578.20     288.56     289.73     5.4285     10.9679    162.387    153.730    151.419    1237.20    1926.99
  2060.417  -999.0000     584.80     288.66     289.81     5.1672      7.9634    158.708    152.278    150.744    1243.37    1928.37
  2061.417  -999.0000     591.70     288.79     290.07     5.1285      6.5864    158.826    152.651    152.240    1250.10    1928.62
  2062.417  -999.0000     599.60     288.87     290.14     5.4536      6.5770    156.521    150.460    149.944    1254.59    1928.92
  2063.417  -999.0000     605.90     288.86     289.94     5.3933      8.2453    161.465    154.161    153.220    1262.55    1930.43
  2064.417  -999.0000     611.80     289.10     290.26     5.3867      9.0664    162.349    154.561    153.283    1271.53    1931.36
  2065.417  -999.0000     619.20     289.19     290.48     5.4925      7.2282    161.147    155.041    153.919    1276.50    1932.70
  2066.417  -999.0000     627.10     289.29     290.64     5.5300      5.1329    158.366    153.493    153.233    1281.22    1932.85
  2067.417  -999.0000     635.10     289.30     290.68     5.4509      4.9498    159.230    153.645    154.280    1286.95    1932.25
  2068.417  -999.0000     642.80     289.18     290.54     5.5643      7.2312    163.187    155.702    155.956    1294.10    1931.68
  2069.417  -999.0000     649.60     289.22     290.59     5.6678      7.8510    163.164    155.828    155.313    1302.76    1932.52
  2070.417  -999.0000     658.40     289.35     290.80     5.6956      5.4509    162.322    157.108    156.871    1306.86    1932.84
  2071.417  -999.0000     667.00     289.33     290.73     5.8835      5.3914    163.433    157.898    158.042    1312.29    1932.39
  2072.417  -999.0000     674.50     289.43     290.75     5.7232      7.4173    165.945    158.868    158.527    1319.99    1932.85
  2073.417  -999.0000     682.00     289.62     291.10     5.6335      7.4097    164.951    158.236    157.542    1326.99    1933.51
  2074.417  -999.0000     690.50     289.64     291.15     5.5865      6.8319    166.478    160.093    159.646    1332.05    1934.00
  2075.417  -999.0000     697.80     289.63     291.01     5.7774      8.2910    172.143    164.419    163.852    1340.74    1934.58
  2076.417  -999.0000     705.30     289.76     291.12     5.3803      7.7672    167.261    160.208    159.494    1348.22    1935.50
  2077.417  -999.0000     714.40     289.86     291.20     5.9348      5.6085    166.499    161.260    160.891    1352.51    1935.51
  2078.417  -999.0000     722.80     289.98     291.46     5.7565      5.2961    165.780    160.631    160.484    1357.84    1936.00
  2079.417  -999.0000     731.80     290.13     291.62     5.7354      6.1911    167.065    160.740    160.874    1364.56    1935.65
  2080.417  -999.0000     739.60     290.06     291.53     5.7276      6.4864    169.341    163.223    162.855    1371.04    1935.90
  2081.417  -999.0000     748.70     290.14     291.66     5.8896      6.1356    169.206    163.645    163.071    1374.75    1936.69
  2082.417  -999.0000     756.40     290.08     291.64     5.5560      6.3828    172.621    166.539    166.238    1383.32    1936.97
  2083.417  -999.0000     765.90     290.30     291.90     5.7779      5.0861    168.883    164.084    163.797    1387.17    1937.12
  2084.417  -999.0000     775.50     290.33     292.07     6.0777      4.9827    170.706    165.687    165.723    1391.02    1937.02
  2085.417  -999.0000     784.00     290.36     291.96     5.8944      4.6294    167.571    162.623    162.942    1397.51    1937.24
  2086.417  -999.0000     794.40     290.30     291.88     6.0625      3.0744    165.656    162.040    162.581    1400.27    1936.18
  2087.417  -999.0000     803.90     290.36     292.02     5.8358      3.7507    168.314    164.434    164.563    1404.85    1935.89
  2088.417  -999.0000     813.50     290.35     291.99     5.9696      5.1328    172.728    168.203    167.596    1407.71    1936.98
  2089.417  -999.0000     822.00     290.43     292.09     5.9096      6.5005    172.350    166.290    165.849    1414.89    1937.32
  2090.417  -999.0000     830.30     290.64     292.31     5.7528      7.3145    174.560    167.289    167.245    1422.83    1937.32
  2091.417  -999.0000     839.40     290.67     292.64     5.9411      6.2480    173.808    167.464    167.560    1428.54    1937.26
  2092.417  -999.0000     848.80     290.55     292.33     6.0577      4.8644    173.244    168.071    168.379    1433.67    1936.89
  2093.417  -999.0000     858.40     290.69     292.42     6.0188      4.7603    174.387    169.269    169.626    1438.81    1936.38
  2094.417  -999.0000     867.70     290.81     292.62     5.8763      5.3012    175.860    170.587    170.558    1444.79    1936.34
  2095.417  -999.0000     877.40     290.98     292.96     5.9725      5.1127    175.045    170.361    169.932    1448.02    1937.04
  2096.417  -999.0000     886.40     290.83     292.73     5.8589      6.0658    178.954    173.175    172.888    1454.72    1937.19
  2097.417  -999.0000     895.30     290.95     292.92     5.9311      5.3617    176.260    170.778    170.899    1460.16    1937.69
  2098.417  -999.0000     906.10     290.89     292.77     6.2221      3.6663    177.611    173.773    173.945    1463.52    1936.88
  2099.417  -999.0000     915.80     291.10     293.06     6.0185      4.5242    180.392    175.318    175.868    1469.23    1936.35
  2100.417  -999.0000     925.80     291.24     293.23     6.1169      4.8239    176.288    170.285    171.464    1473.67    1935.49
