     time     emission      CO2        tas       tas_land     fgco2      fnep      fnpp      fvegsoil       frh       cveg       csoil
  1851.417  -999.0000     280.68     285.89     284.89     0.0368     -2.6825     53.911     56.149     56.594     830.33     657.32
  1852.417  -999.0000     280.58     285.89     284.97     0.0472     -0.6745     56.102     56.249     56.776     831.05     656.25
  1853.417  -999.0000     280.32     285.88     284.69     0.0072      0.1259     54.273     53.996     54.147     831.74     656.34
  1854.417  -999.0000     280.63     285.95     285.04     0.0327     -1.2626     54.053     55.281     55.315     829.32     656.57
  1855.417  -999.0000     280.77     285.78     284.94    -0.0244     -0.1096     55.658     55.536     55.767     830.57     655.86
  1856.417  -999.0000     280.90     285.72     284.71    -0.0243      0.3954     54.690     54.416     54.294     830.40     656.30
  1857.417  -999.0000     280.95     285.80     284.69     0.0474     -0.6793     54.323     55.314     55.003     829.64     656.45
  1858.417  -999.0000     281.28     285.78     284.67     0.1841     -1.2443     53.952     55.394     55.196     827.96     656.84
  1859.417  -999.0000     281.48     285.94     285.01     0.2086     -1.5842     54.476     56.055     56.060     826.34     656.73
  1860.417  -999.0000     281.56     286.01     285.09     0.0065     -1.2826     54.540     55.836     55.823     825.08     656.68
  1861.417  -999.0000     281.93     285.84     284.80     0.0176      0.1913     55.739     55.379     55.548     825.26     656.49
  1862.417  -999.0000     281.76     285.82     284.68     0.0881      0.6245     54.597     54.006     53.973     826.79     656.49
  1863.417  -999.0000     282.17     285.99     284.93     0.1476     -0.8530     53.824     54.954     54.677     824.80     656.83
  1864.417  -999.0000     282.62     285.94     284.89     0.0682     -1.5579     54.148     55.566     55.706     823.30     656.94
  1865.417  -999.0000     282.75     285.97     284.86     0.1208     -1.1093     54.474     55.665     55.583     822.62     656.55
  1866.417  -999.0000     282.98     285.91     284.88     0.0958     -1.1820     53.945     55.391     55.127     820.97     657.13
  1867.417  -999.0000     283.47     286.04     285.01     0.2081     -1.7974     53.856     55.581     55.654     818.85     657.24
  1868.417  -999.0000     283.40     285.99     284.95     0.1513     -0.2249     56.022     55.797     56.247     819.40     656.17
  1869.417  -999.0000     283.38     285.93     284.97     0.2743      1.0288     54.890     53.755     53.861     820.56     656.58
  1870.417  -999.0000     283.74     285.92     284.90     0.1359      0.0555     54.861     55.273     54.806     820.26     656.96
  1871.417  -999.0000     284.18     285.97     284.91     0.1396     -1.2398     54.200     55.585     55.440     818.77     657.14
  1872.417  -999.0000     284.35     286.06     285.08     0.1300     -1.2342     55.148     56.202     56.382     817.35     656.76
  1873.417  -999.0000     284.24     285.93     285.04     0.1045      1.0285     57.288     55.857     56.260     819.01     656.51
  1874.417  -999.0000     284.09     285.86     284.82     0.0757      1.6368     55.337     53.608     53.700     821.59     656.07
  1875.417  -999.0000     284.64     285.93     284.86     0.0739     -0.5781     54.164     55.276     54.742     819.18     657.38
  1876.417  -999.0000     284.83     285.92     284.77     0.0612     -0.7544     55.649     56.333     56.404     819.17     656.51
  1877.417  -999.0000     284.50     286.05     285.05     0.2367      0.2473     55.228     54.635     54.980     819.88     656.54
  1878.417  -999.0000     284.76     285.97     285.02     0.0861     -0.7158     54.327     55.459     55.043     818.62     656.90
  1879.417  -999.0000     285.45     285.94     284.97     0.2799     -1.5251     54.545     56.442     56.070     816.56     657.23
  1880.417  -999.0000     285.66     285.98     284.98     0.3170     -1.0010     54.974     55.930     55.975     815.35     657.35
  1881.417  -999.0000     285.61     285.91     284.79     0.2081      0.0570     55.478     55.267     55.421     816.03     657.06
  1882.417  -999.0000     285.40     285.95     284.85     0.1737     -0.1684     54.548     54.567     54.717     816.09     656.93
  1883.417  -999.0000     285.45     286.03     285.08     0.2284     -1.4104     53.783     55.623     55.193     814.37     657.09
  1884.417  -999.0000     285.75     285.59     284.51     0.4652     -1.5697     54.607     56.699     56.177     811.22     658.21
  1885.417  -999.0000     285.97     285.63     284.56     0.4864     -0.1324     55.224     55.084     55.356     811.99     657.55
  1886.417  -999.0000     285.73     285.66     284.44     0.3193      0.5157     54.498     53.594     53.982     813.36     657.07
  1887.417  -999.0000     286.01     285.85     284.79     0.3440     -0.9260     53.852     55.308     54.778     811.86     657.84
  1888.417  -999.0000     286.70     285.84     284.74     0.2968     -1.1361     55.455     56.663     56.591     809.43     657.86
  1889.417  -999.0000     286.48     285.81     284.62     0.1283      0.3876     55.737     55.055     55.349     811.55     657.35
  1890.417  -999.0000     286.79     285.80     284.64     0.1961      0.1614     54.757     55.239     54.595     810.50     658.28
  1891.417  -999.0000     287.15     285.80     284.62     0.2091     -0.9519     54.155     55.299     55.107     809.10     658.58
  1892.417  -999.0000     287.39     285.78     284.67     0.2166     -0.0221     55.913     55.324     55.935     809.75     657.67
  1893.417  -999.0000     287.34     285.88     284.77     0.3608     -0.0041     54.367     54.590     54.371     810.67     657.82
  1894.417  -999.0000     288.17     286.07     285.23     0.3114     -1.4746     54.430     56.039     55.904     806.98     658.46
  1895.417  -999.0000     288.09     285.89     284.95     0.2410      0.6474     57.584     56.117     56.936     810.00     656.85
  1896.417  -999.0000     288.04     285.90     284.79     0.1137      1.1138     54.387     53.670     53.273     811.06     657.67
  1897.417  -999.0000     288.84     285.93     284.88     0.3394     -1.7171     54.271     56.621     55.988     807.22     658.60
  1898.417  -999.0000     289.10     286.02     285.08     0.4136     -0.8622     55.729     56.142     56.592     807.48     657.76
  1899.417  -999.0000     288.94     285.97     285.15     0.3194      0.2235     54.813     54.399     54.589     808.17     657.76
  1900.417  -999.0000     289.29     285.91     284.93     0.2904     -0.2365     55.126     55.461     55.362     807.61     657.60
  1901.417  -999.0000     289.43     285.75     284.46     0.2607      0.0373     55.621     55.529     55.583     807.76     657.76
  1902.417  -999.0000     289.75     285.93     285.03     0.3689     -0.5872     54.710     55.560     55.297     807.13     658.00
  1903.417  -999.0000     289.80     285.87     284.90     0.5424     -1.2627     54.910     56.353     56.173     804.98     658.15
  1904.417  -999.0000     289.86     285.58     284.45     0.4453     -0.3863     55.210     55.593     55.596     805.08     658.18
  1905.417  -999.0000     290.22     285.70     284.70     0.4091      0.0345     54.769     55.100     54.734     804.91     658.51
  1906.417  -999.0000     290.65     285.72     284.71     0.4334     -1.2431     53.666     55.288     54.909     803.16     659.00
  1907.417  -999.0000     291.18     285.73     284.70     0.3837     -2.3996     53.626     56.141     56.026     800.54     659.03
  1908.417  -999.0000     291.84     285.79     284.84     0.4923     -2.1681     54.289     56.501     56.457     798.37     659.04
  1909.417  -999.0000     292.53     285.69     284.66     0.4954     -0.9368     54.897     55.597     55.834     797.17     658.86
  1910.417  -999.0000     292.62     285.83     285.04     0.5266      0.1035     55.272     55.087     55.168     798.64     658.44
  1911.417  -999.0000     293.47     285.89     285.03     0.5409     -1.2392     53.108     54.681     54.347     795.70     659.53
  1912.417  -999.0000     294.05     285.81     284.79     0.6343     -1.8325     54.581     56.481     56.414     794.49     658.97
  1913.417  -999.0000     294.20     285.81     284.72     0.6111     -0.9865     54.340     55.312     55.327     793.62     659.02
  1914.417  -999.0000     294.80     285.88     285.03     0.4808     -1.1510     54.502     55.649     55.653     791.70     659.42
  1915.417  -999.0000     295.24     285.70     284.66     0.6197      0.5246     56.660     55.652     56.135     793.37     658.34
  1916.417  -999.0000     295.20     285.72     284.55     0.5729      0.8847     54.313     53.567     53.428     794.37     658.92
  1917.417  -999.0000     295.89     285.76     284.66     0.5970     -1.3370     53.523     55.566     54.860     791.72     659.62
  1918.417  -999.0000     296.52     285.63     284.61     0.5220     -0.6849     56.255     56.678     56.940     791.13     659.19
  1919.417  -999.0000     296.46     285.72     284.69     0.4219      0.8910     55.773     54.518     54.882     793.31     658.74
  1920.417  -999.0000     296.81     285.89     284.92     0.6910     -0.1250     54.684     55.114     54.809     792.53     659.21
  1921.417  -999.0000     297.30     285.95     285.06     0.5599     -1.3192     54.917     56.431     56.236     790.48     659.50
  1922.417  -999.0000     297.50     285.95     285.00     0.4838     -0.8287     55.218     55.898     56.047     790.30     659.09
  1923.417  -999.0000     297.72     285.90     285.04     0.5294      0.5404     56.361     55.524     55.820     790.49     659.04
  1924.417  -999.0000     297.82     285.77     284.72     0.5458      1.0575     55.632     54.720     54.575     792.64     658.81
  1925.417  -999.0000     298.46     285.88     284.96     0.6148     -0.5214     54.187     55.262     54.709     790.58     659.98
  1926.417  -999.0000     298.81     285.95     285.05     0.5654     -1.4749     55.474     56.944     56.949     789.59     659.39
  1927.417  -999.0000     299.19     286.03     285.11     0.6685     -1.4034     54.781     56.131     56.184     787.96     659.57
  1928.417  -999.0000     299.74     285.94     284.88     0.6389     -0.3606     56.697     56.876     57.057     787.25     659.47
  1929.417  -999.0000     299.32     285.71     284.49     0.5230      1.4672     56.533     54.616     55.066     790.29     658.69
  1930.417  -999.0000     299.61     285.96     285.05     0.4576     -0.2626     53.761     54.490     54.023     789.24     659.65
  1931.417  -999.0000     300.53     285.99     285.05     0.5726     -2.2851     54.751     57.572     57.036     785.96     659.87
  1932.417  -999.0000     300.95     286.00     285.07     0.5603     -1.3186     55.348     56.610     56.666     784.74     659.91
  1933.417  -999.0000     301.28     285.89     284.71     0.6055     -0.0443     55.843     56.045     55.888     785.10     659.75
  1934.417  -999.0000     301.85     285.90     284.67     0.7258     -0.8263     53.722     54.832     54.548     783.30     660.77
  1935.417  -999.0000     302.30     285.91     284.89     0.6580     -0.8559     56.115     56.730     56.971     782.93     659.96
  1936.417  -999.0000     302.22     285.99     285.03     0.5296     -0.5005     54.326     54.661     54.826     783.09     659.88
  1937.417  -999.0000     303.11     285.93     284.91     0.6153     -0.7323     56.273     57.067     57.006     781.37     659.96
  1938.417  -999.0000     303.56     285.89     284.79     0.6279      0.3023     56.161     55.903     55.859     782.32     660.05
  1939.417  -999.0000     304.05     285.90     284.71     0.7732      0.1223     55.392     55.588     55.270     782.00     660.47
  1940.417  -999.0000     304.36     285.96     284.84     0.7736     -0.6581     56.084     56.910     56.742     781.73     660.17
  1941.417  -999.0000     304.91     286.23     285.37     0.7522     -1.5379     54.734     56.275     56.272     778.72     660.91
  1942.417  -999.0000     305.51     286.11     285.21     0.7595     -0.4224     57.351     57.449     57.774     779.86     659.91
  1943.417  -999.0000     305.52     286.10     285.25     0.7665      0.8083     56.176     55.088     55.368     780.43     659.88
  1944.417  -999.0000     305.84     285.87     284.71     0.6021      0.3963     56.442     56.195     56.045     780.91     660.11
  1945.417  -999.0000     306.17     286.04     285.02     0.7392     -0.1946     55.502     56.009     55.697     780.54     660.32
  1946.417  -999.0000     306.57     286.11     285.13     0.7645     -1.3499     55.173     56.589     56.522     778.72     660.66
  1947.417  -999.0000     307.02     286.19     285.30     0.7430     -1.0785     56.110     56.998     57.188     777.74     660.14
  1948.417  -999.0000     307.25     285.98     284.93     0.6855      0.2169     56.702     56.664     56.485     778.39     660.26
  1949.417  -999.0000     307.89     286.01     284.84     0.7304     -0.5335     55.048     56.041     55.581     777.59     660.80
  1950.417  -999.0000     308.82     286.13     285.18     0.8311     -2.6471     54.721     57.669     57.368     773.59     661.53
  1951.417  -999.0000     309.71     286.00     285.05     0.9768     -1.5760     57.211     58.340     58.787     772.33     660.72
  1952.417  -999.0000     309.87     285.89     284.82     0.8265      0.7071     57.164     55.936     56.457     774.75     660.02
  1953.417  -999.0000     310.61     285.91     284.73     0.8871     -0.3790     55.167     56.179     55.546     773.49     660.89
  1954.417  -999.0000     311.74     286.07     285.12     0.9248     -2.1788     55.605     58.484     57.784     770.34     661.54
  1955.417  -999.0000     312.78     286.11     285.16     1.0857     -2.5133     55.563     58.209     58.077     767.49     661.74
  1956.417  -999.0000     313.88     286.12     285.20     1.0722     -2.3915     55.407     58.048     57.798     765.13     661.80
  1957.417  -999.0000     315.11     286.07     285.06     1.1750     -1.5377     56.789     58.427     58.327     763.24     662.05
  1958.417  -999.0000     315.99     286.02     284.84     1.2255     -0.9292     56.100     56.828     57.029     762.84     661.72
  1959.417  -999.0000     316.89     286.15     285.11     1.0853     -1.7685     55.306     57.378     57.075     760.84     662.14
  1960.417  -999.0000     318.25     286.19     285.48     1.2470     -2.4110     55.190     57.858     57.601     757.30     662.63
  1961.417  -999.0000     319.35     286.13     285.22     1.3748     -0.8541     56.823     57.283     57.677     757.31     662.01
  1962.417  -999.0000     319.77     286.13     285.29     1.3052      0.0306     56.380     55.965     56.350     758.37     661.50
  1963.417  -999.0000     320.37     286.20     285.42     1.3216     -1.4321     55.416     57.533     56.848     756.05     662.15
  1964.417  -999.0000     321.85     285.93     284.88     1.5015     -1.8869     55.715     58.370     57.602     752.29     663.25
  1965.417  -999.0000     322.62     285.89     284.83     1.3305     -0.3487     56.585     56.972     56.934     753.21     662.86
  1966.417  -999.0000     323.73     285.92     284.93     1.4356     -0.2734     55.436     56.004     55.710     751.81     663.71
  1967.417  -999.0000     324.77     285.99     285.18     1.3880     -0.5142     56.840     57.121     57.354     751.88     663.15
  1968.417  -999.0000     325.42     285.98     285.03     1.4416      0.3113     56.681     56.014     56.369     752.51     662.69
  1969.417  -999.0000     326.51     285.82     284.75     1.3237      0.8237     57.879     57.250     57.055     753.23     663.05
  1970.417  -999.0000     327.58     285.94     284.87     1.5200      0.7797     57.114     56.481     56.334     754.00     662.99
  1971.417  -999.0000     328.56     285.97     284.90     1.4119     -0.1383     56.503     56.827     56.642     753.17     663.52
  1972.417  -999.0000     329.94     285.95     284.90     1.3638     -0.3194     57.475     58.071     57.795     753.38     663.40
  1973.417  -999.0000     331.65     286.08     285.02     1.6203     -0.4351     56.904     57.415     57.339     751.87     663.90
  1974.417  -999.0000     332.94     286.03     284.79     1.5853     -0.1395     57.515     57.711     57.654     752.70     663.34
  1975.417  -999.0000     334.41     286.09     284.93     1.6379     -0.4012     56.806     57.848     57.208     750.67     664.79
  1976.417  -999.0000     335.90     286.20     285.24     1.8241     -0.6466     57.922     58.876     58.569     750.34     664.64
  1977.417  -999.0000     337.27     286.24     285.42     1.8269     -0.4370     56.895     57.479     57.331     749.74     664.75
  1978.417  -999.0000     339.12     286.11     285.05     1.9325     -1.0519     57.364     58.866     58.416     748.08     665.34
  1979.417  -999.0000     340.91     286.12     285.13     1.9118     -0.6094     57.885     58.361     58.494     746.92     665.34
  1980.417  -999.0000     342.03     286.05     285.09     1.7577      0.8910     59.397     58.161     58.506     749.40     664.55
  1981.417  -999.0000     343.48     286.31     285.55     1.8030      0.1477     57.124     57.459     56.977     748.81     665.35
  1982.417  -999.0000     345.53     286.15     285.12     2.0232     -0.9674     58.496     59.961     59.463     746.36     665.97
  1983.417  -999.0000     346.70     286.09     285.21     2.0814      0.1930     59.001     58.830     58.808     747.97     665.47
  1984.417  -999.0000     348.57     286.23     285.29     2.0458     -0.3322     57.343     58.094     57.675     746.07     666.43
  1985.417  -999.0000     350.50     286.22     285.27     2.0814     -1.1870     58.140     59.957     59.327     744.69     666.92
  1986.417  -999.0000     352.48     286.25     285.34     2.1836     -0.3175     59.257     59.579     59.575     744.03     666.92
  1987.417  -999.0000     353.81     286.33     285.29     2.0251     -0.4787     58.030     58.941     58.509     744.38     667.10
  1988.417  -999.0000     356.19     286.40     285.49     2.2687     -1.7279     58.047     60.263     59.775     740.25     668.02
  1989.417  -999.0000     357.99     286.43     285.47     2.2074     -1.2720     59.079     60.331     60.351     740.63     667.44
  1990.417  -999.0000     360.10     286.43     285.50     2.1863     -1.0395     58.126     59.688     59.165     737.94     668.53
  1991.417  -999.0000     362.19     286.37     285.45     2.4392     -0.7305     59.599     60.841     60.329     737.66     668.40
  1992.417  -999.0000     363.94     286.16     285.13     2.6268     -0.7021     57.497     58.618     58.199     735.53     669.64
  1993.417  -999.0000     365.57     286.17     285.19     2.5058     -0.6212     59.031     59.723     59.652     735.13     669.22
  1994.417  -999.0000     367.23     286.30     285.35     2.4203      0.9181     59.537     58.469     58.619     736.51     669.05
  1995.417  -999.0000     369.01     286.34     285.32     2.2076      0.8259     58.863     58.109     58.037     737.24     669.33
  1996.417  -999.0000     370.86     286.41     285.50     2.3471      0.3507     59.539     59.311     59.188     737.19     669.38
  1997.417  -999.0000     372.85     286.53     285.59     2.4295      0.1485     59.243     59.585     59.094     737.80     669.55
  1998.417  -999.0000     375.26     286.67     285.91     2.4482     -0.7891     58.718     59.935     59.507     735.36     670.43
  1999.417  -999.0000     377.02     286.62     285.93     2.4620     -0.9118     59.715     60.783     60.626     735.04     670.37
  2000.417  -999.0000     378.96     286.66     286.16     2.5059     -0.1235     60.100     60.289     60.224     733.69     670.72
  2001.417  -999.0000     380.42     286.54     285.80     2.5081      1.3780     61.159     59.577     59.781     736.62     669.98
  2002.417  -999.0000     382.04     286.53     285.74     2.3763      1.6748     59.684     58.162     58.009     737.38     670.60
  2003.417  -999.0000     383.84     286.65     285.74     2.3718      0.8273     60.024     59.622     59.197     738.70     670.58
  2004.417  -999.0000     386.04     286.79     286.17     2.5107      0.4348     59.986     59.937     59.552     737.69     671.41
  2005.417  -999.0000     388.27     286.75     286.04     2.5566      0.8103     60.036     59.264     59.225     738.99     671.36
  2006.417  -999.0000     389.73     286.92     286.41     2.5534      0.4291     59.724     59.426     59.295     739.28     671.38
  2007.417  -999.0000     392.44     286.79     286.17     2.7119      0.0969     61.612     61.631     61.515     739.17     671.28
  2008.417  -999.0000     394.76     286.78     286.09     2.8991     -0.2751     59.247     59.803     59.522     738.80     672.12
  2009.417  -999.0000     397.49     286.74     286.15     2.7992     -0.8942     60.789     61.982     61.683     737.12     671.93
  2010.417  -999.0000     399.87     286.67     286.12     2.8600      0.6089     61.976     60.934     61.367     738.29     671.77
  2011.417  -999.0000     402.56     286.82     286.22     2.9424      0.8084     60.837     60.158     60.029     739.76     671.57
  2012.417  -999.0000     406.02     286.88     286.14     3.1365     -1.3832     59.877     62.198     61.260     736.88     673.03
  2013.417  -999.0000     409.47     286.88     286.21     3.1537     -2.3127     61.142     63.683     63.455     733.91     672.75
  2014.417  -999.0000     412.51     286.85     286.13     3.1514     -0.4398     63.111     63.368     63.551     734.04     672.79
  2015.417  -999.0000     415.95     286.88     286.14     3.2527     -1.2064     59.805     62.304     61.011     732.73     673.82
  2016.417  -999.0000     420.44     286.91     286.27     3.5813     -3.6889     60.434     65.117     64.123     725.55     675.58
  2017.417  -999.0000     424.06     286.87     286.35     3.6077     -1.9958     62.526     63.680     64.522     725.50     674.17
  2018.417  -999.0000     427.21     286.95     286.41     3.5095     -0.2331     61.471     61.651     61.705     726.17     673.90
  2019.417  -999.0000     431.22     286.90     286.21     3.6652     -1.7910     60.367     63.177     62.158     722.88     675.23
  2020.417  -999.0000     435.69     287.06     286.45     3.7290     -2.9385     61.175     64.464     64.113     719.03     675.78
  2021.417  -999.0000     439.88     287.19     286.74     3.7775     -2.7313     61.469     64.218     64.200     716.76     675.44
  2022.417  -999.0000     444.29     287.17     286.75     4.0158     -2.0672     62.549     64.659     64.616     714.60     675.45
  2023.417  -999.0000     448.62     287.21     286.70     4.0356     -2.0586     61.526     63.985     63.584     712.08     676.13
  2024.417  -999.0000     453.05     287.30     286.88     4.0496     -2.6275     61.336     64.395     63.964     708.78     676.61
  2025.417  -999.0000     457.48     287.19     286.74     4.1188     -1.9210     63.213     64.953     65.134     707.40     676.06
  2026.417  -999.0000     462.09     287.18     286.75     4.1304     -0.7993     63.466     63.938     64.265     706.44     676.10
  2027.417  -999.0000     466.33     287.25     286.86     4.1510     -0.5656     63.518     64.184     64.084     706.77     675.80
  2028.417  -999.0000     471.27     287.33     286.96     4.0879     -2.1525     62.108     65.048     64.260     703.48     676.80
  2029.417  -999.0000     476.57     287.34     286.80     4.4264     -3.4141     63.109     67.276     66.523     698.38     677.81
  2030.417  -999.0000     481.54     287.40     287.04     4.3357     -1.7669     65.213     66.915     66.980     697.33     677.43
  2031.417  -999.0000     486.31     287.39     287.09     4.4547     -0.4584     65.110     65.319     65.569     697.82     676.85
  2032.417  -999.0000     491.14     287.55     287.13     4.4146     -2.5819     62.356     65.387     64.938     693.94     678.13
  2033.417  -999.0000     496.60     287.70     287.36     4.5235     -3.7789     64.026     68.445     67.805     689.42     678.25
  2034.417  -999.0000     502.46     287.57     287.05     4.6392     -2.8141     63.899     66.940     66.714     686.85     678.52
  2035.417  -999.0000     508.00     287.62     287.25     4.6991     -2.1078     64.704     66.604     66.812     684.58     678.33
  2036.417  -999.0000     513.51     287.60     287.12     4.7943     -2.2673     63.256     66.048     65.524     682.38     678.91
  2037.417  -999.0000     519.85     287.62     287.13     4.7646     -2.9431     64.596     68.063     67.539     677.97     679.44
  2038.417  -999.0000     525.60     287.63     287.28     4.9228     -2.0232     65.330     67.016     67.353     677.01     679.00
  2039.417  -999.0000     531.77     287.67     287.22     4.9454     -1.9151     64.429     66.291     66.345     674.89     679.14
  2040.417  -999.0000     537.74     287.83     287.52     4.9765     -2.5405     64.883     67.614     67.423     672.25     679.19
  2041.417  -999.0000     544.11     287.80     287.47     5.0076     -2.7002     64.825     67.810     67.525     669.54     679.35
  2042.417  -999.0000     550.86     287.90     287.65     5.1898     -2.5354     66.365     68.836     68.900     666.23     679.56
  2043.417  -999.0000     557.46     287.89     287.61     5.0810     -1.9813     65.909     67.767     67.890     664.81     679.44
  2044.417  -999.0000     564.01     287.84     287.52     5.0300     -1.6362     66.477     68.381     68.114     663.53     679.22
  2045.417  -999.0000     571.14     288.02     287.85     5.0829     -2.7572     64.569     67.920     67.326     659.58     680.47
  2046.417  -999.0000     578.74     288.12     287.99     5.3633     -4.0484     64.976     69.461     69.024     654.96     680.68
  2047.417  -999.0000     585.99     288.28     288.22     5.1580     -2.7057     67.185     69.613     69.890     652.33     680.22
  2048.417  -999.0000     593.07     288.13     287.95     5.2194     -1.0678     67.797     68.568     68.864     652.12     680.10
  2049.417  -999.0000     600.41     288.24     288.18     5.4467     -1.2579     67.131     68.402     68.389     650.98     679.91
  2050.417  -999.0000     607.96     288.33     288.28     5.3653     -2.3212     66.274     68.749     68.595     648.16     680.22
  2051.417  -999.0000     615.89     288.35     288.24     5.4232     -2.0986     67.763     69.570     69.861     646.18     679.97
  2052.417  -999.0000     623.55     288.37     288.13     5.4021     -1.6099     67.429     69.204     69.039     645.28     679.73
  2053.417  -999.0000     631.81     288.32     288.20     5.7078     -2.3564     67.475     70.283     69.832     641.21     680.89
  2054.417  -999.0000     639.62     288.40     288.23     5.8108     -1.8905     68.313     69.918     70.204     640.72     679.88
  2055.417  -999.0000     647.82     288.52     288.58     5.5963     -1.2067     68.613     69.649     69.819     638.48     680.41
  2056.417  -999.0000     656.23     288.54     288.39     5.6539     -1.5735     67.871     69.629     69.445     638.16     679.95
  2057.417  -999.0000     665.23     288.68     288.65     5.7733     -2.6392     67.557     70.480     70.196     633.99     680.92
  2058.417  -999.0000     673.91     288.70     288.65     5.7487     -2.0412     69.733     71.387     71.774     632.48     680.00
  2059.417  -999.0000     681.84     288.59     288.51     5.7061      0.2244     69.930     69.133     69.706     633.96     679.49
  2060.417  -999.0000     690.56     288.69     288.57     5.7344     -0.3205     68.388     68.897     68.708     633.47     679.71
  2061.417  -999.0000     699.82     288.83     288.87     5.6464     -2.3114     68.069     71.061     70.381     630.21     680.58
  2062.417  -999.0000     709.39     289.09     289.24     5.8529     -2.6561     69.358     71.979     72.014     627.13     680.43
  2063.417  -999.0000     718.27     289.02     289.19     5.8353     -0.9099     71.260     71.249     72.170     627.06     679.66
  2064.417  -999.0000     726.80     288.76     288.82     5.8807      1.0785     71.887     70.333     70.808     629.67     678.60
  2065.417  -999.0000     735.57     288.91     288.99     5.8313      0.5296     70.670     70.054     70.141     629.64     679.12
  2066.417  -999.0000     744.74     289.07     289.19     5.7991     -1.4941     69.784     71.737     71.278     628.28     679.34
  2067.417  -999.0000     754.87     289.27     289.46     5.8667     -2.5061     70.291     73.168     72.797     624.35     679.82
  2068.417  -999.0000     764.52     289.29     289.62     5.8743     -1.8651     71.595     73.182     73.460     623.07     679.60
  2069.417  -999.0000     774.10     289.17     289.37     5.9002     -1.1341     70.513     71.566     71.647     622.89     679.09
  2070.417  -999.0000     784.07     289.20     289.55     6.0620     -0.7233     72.414     72.475     73.137     620.95     679.23
  2071.417  -999.0000     792.68     289.00     289.01     5.7867      1.4968     73.554     71.080     72.057     625.70     677.01
  2072.417  -999.0000     802.15     289.10     289.20     5.7524     -0.2024     69.329     70.602     69.532     623.84     679.09
  2073.417  -999.0000     813.35     289.38     289.61     5.9625     -3.9156     70.424     75.132     74.340     617.67     680.11
  2074.417  -999.0000     823.39     289.55     290.00     5.8765     -2.3956     72.847     74.646     75.242     617.24     678.59
  2075.417  -999.0000     833.33     289.47     289.85     6.1206     -0.7008     72.485     72.973     73.186     615.91     679.06
  2076.417  -999.0000     843.29     289.45     289.79     6.0155     -0.4057     72.641     72.873     73.047     616.77     678.29
  2077.417  -999.0000     853.47     289.50     289.77     6.0166     -0.6481     71.566     72.008     72.214     615.22     678.81
  2078.417  -999.0000     863.41     289.69     290.21     5.7975     -1.0815     72.666     73.353     73.747     615.26     678.02
  2079.417  -999.0000     873.65     289.67     290.17     6.0710     -1.0173     72.854     73.717     73.871     614.22     677.68
  2080.417  -999.0000     884.16     289.64     290.09     6.0132     -1.3470     72.841     74.136     74.188     612.35     678.22
  2081.417  -999.0000     894.57     289.63     289.97     5.8677     -0.3022     74.687     74.246     74.989     613.66     676.63
  2082.417  -999.0000     904.63     289.87     290.28     5.6735     -0.6769     72.304     73.074     72.981     613.11     677.09
  2083.417  -999.0000     916.03     289.96     290.50     5.8132     -2.7011     72.892     75.975     75.593     608.71     677.96
  2084.417  -999.0000     926.65     289.91     290.36     6.0206     -1.2357     75.061     75.431     76.296     609.05     676.39
  2085.417  -999.0000     936.79     289.88     290.30     5.9849      0.2938     74.215     73.528     73.921     609.88     676.49
  2086.417  -999.0000     947.79     289.87     290.27     5.8504     -0.6582     73.867     74.598     74.525     609.52     676.14
  2087.417  -999.0000     959.00     289.96     290.34     5.9461     -2.0483     73.055     74.789     75.103     606.57     676.54
  2088.417  -999.0000     969.61     290.12     290.56     6.1142     -1.1128     75.941     76.223     77.053     607.50     674.72
  2089.417  -999.0000     980.01     290.29     290.96     5.8562     -1.0088     73.908     74.833     74.917     606.10     675.55
  2090.417  -999.0000     991.44     290.36     290.99     6.0129     -1.4832     75.969     77.120     77.452     604.42     674.75
  2091.417  -999.0000    1002.16     290.35     291.01     5.8046     -0.4827     74.748     74.631     75.231     605.57     674.11
  2092.417  -999.0000    1013.33     290.31     290.76     6.0307     -1.3177     74.779     76.229     76.096     603.73     674.23
  2093.417  -999.0000    1024.25     290.54     291.32     6.0179     -1.8427     74.885     76.577     76.728     601.53     674.40
  2094.417  -999.0000    1035.10     290.45     290.92     5.9295     -0.3873     76.615     76.224     77.003     602.06     673.31
  2095.417  -999.0000    1045.33     290.38     290.92     5.9161      0.9450     76.744     75.224     75.799     604.18     672.68
  2096.417  -999.0000    1056.49     290.49     291.18     5.9052     -0.8614     75.138     76.518     76.000     602.84     673.53
  2097.417  -999.0000    1068.09     290.58     291.15     5.7817     -2.4294     75.556     77.940     77.985     599.69     673.29
  2098.417  -999.0000    1079.12     290.69     291.44     5.8931     -1.7122     76.036     77.156     77.748     598.65     672.96
  2099.417  -999.0000    1090.18     290.69     291.39     5.7847     -0.1698     76.578     76.182     76.748     598.94     672.06
  2100.417  -999.0000    1100.96     290.79     291.43     5.8188      0.9068     76.434     74.710     75.527     604.73     671.32
